0	15	7	4.78127	0	0	0	0	0	
16	15.0913	6.51287	5.02972	1.48619e-07	-4.77402e-07	0.25	0.5	1.99999	
32	15.2996	6.06315	5.27816	2.61448e-07	-4.26198e-07	0.25	0.5	1.99999	
48	15.6122	5.67846	5.52661	3.58222e-07	-3.48822e-07	0.25	0.5	1.99999	
64	16.0097	5.38243	5.77506	4.32998e-07	-2.50025e-07	0.25	0.5	1.99999	
80	16.4677	5.19324	6.0235	4.81184e-07	-1.35874e-07	0.25	0.5	1.99999	
96	16.9583	5.1225	6.27195	4.99821e-07	-1.33794e-08	0.25	0.5	1.99999	
112	17.4512	5.17455	0.237213	4.87764e-07	1.09937e-07	0.25	0.5	1.99999	
128	17.9161	5.34621	0.48566	4.45754e-07	2.26502e-07	0.25	0.5	1.99999	
144	18.3246	5.62693	0.734108	3.76371e-07	3.29158e-07	0.25	0.5	1.99999	
160	18.6515	5.99946	0.982555	2.83875e-07	4.11601e-07	0.25	0.5	1.99999	
176	18.8767	6.44094	1.231	1.73946e-07	4.68767e-07	0.25	0.5	1.99999	
192	18.9865	6.92426	1.47945	5.33358e-08	4.97147e-07	0.25	0.5	1.99999	
208	18.974	7.41972	1.7279	-7.05499e-08	4.94998e-07	0.25	0.5	1.99999	
224	18.8401	7.89691	1.97634	-1.90103e-07	4.62451e-07	0.25	0.5	1.99999	
240	18.593	8.32653	2.22479	-2.97982e-07	4.01505e-07	0.25	0.5	1.99999	
256	18.2478	8.68219	2.47324	-3.87563e-07	3.15904e-07	0.25	0.5	1.99999	
272	17.8258	8.94204	2.72169	-4.53343e-07	2.10903e-07	0.25	0.5	1.99999	
288	17.3528	9.09014	2.97013	-4.91284e-07	9.29502e-08	0.25	0.5	1.99999	
304	16.8579	9.11739	3.21858	-4.99056e-07	-3.07102e-08	0.25	0.5	1.99999	
320	16.3716	9.02211	3.46703	-4.76181e-07	-1.52485e-07	0.25	0.5	1.99999	
336	15.9236	8.81015	3.71547	-4.24064e-07	-2.64895e-07	0.25	0.5	1.99999	
352	15.5414	8.49454	3.96392	-3.45906e-07	-3.61039e-07	0.25	0.5	1.99999	
368	15.2486	8.09465	4.21237	-2.46506e-07	-4.35011e-07	0.25	0.5	1.99999	
384	15.0631	7.63504	4.46082	-1.31968e-07	-4.8227e-07	0.25	0.5	1.99999	
400	14.9964	7.14394	4.70926	-9.32646e-09	-4.99913e-07	0.25	0.5	1.99999	
416	15.0524	6.65149	4.95771	1.13888e-07	-4.86857e-07	0.25	0.5	1.99999	
432	15.2279	6.18795	5.20616	2.30109e-07	-4.43903e-07	0.25	0.5	1.99999	
448	15.5119	5.78178	5.4546	3.32199e-07	-3.7369e-07	0.25	0.5	1.99999	
464	15.887	5.45792	5.70305	4.13889e-07	-2.80528e-07	0.25	0.5	1.99999	
480	16.3303	5.23626	5.9515	4.70162e-07	-1.7014e-07	0.25	0.5	1.99999	
496	16.8145	5.13041	6.19995	4.97563e-07	-4.93033e-08	0.25	0.5	1.99999	
512	17.3099	5.14687	0.165208	4.94409e-07	7.45609e-08	0.25	0.5	1.99999	
528	17.786	5.28464	0.413655	4.60894e-07	1.93846e-07	0.25	0.5	1.99999	
544	18.2136	5.53524	0.662102	3.99076e-07	3.01228e-07	0.25	0.5	1.99999	
560	18.5664	5.88329	0.91055	3.12751e-07	3.90111e-07	0.25	0.5	1.99999	
576	18.8228	6.30742	1.159	2.0722e-07	4.55038e-07	0.25	0.5	1.99999	
592	18.9671	6.78159	1.40744	8.89639e-08	4.92022e-07	0.25	0.5	1.99999	
608	18.9903	7.27666	1.65589	-3.47555e-08	4.98791e-07	0.25	0.5	1.99999	
624	18.8911	7.76225	1.90434	-1.5634e-07	4.74929e-07	0.25	0.5	1.99999	
640	18.6755	8.20854	2.15279	-2.68325e-07	4.21903e-07	0.25	0.5	1.99999	
656	18.3568	8.5881	2.40123	-3.63831e-07	3.42967e-07	0.25	0.5	1.99999	
672	17.9546	8.87765	2.64968	-4.36996e-07	2.42971e-07	0.25	0.5	1.99999	
688	17.4935	9.05939	2.89813	-4.83324e-07	1.28054e-07	0.25	0.5	1.99999	
704	17.0019	9.12217	3.14657	-4.99972e-07	5.27294e-09	0.25	0.5	1.99999	
720	16.5099	9.06213	3.39502	-4.85917e-07	-1.17832e-07	0.25	0.5	1.99999	
736	16.0478	8.88295	3.64347	-4.42023e-07	-2.337e-07	0.25	0.5	1.99999	
752	15.6439	8.59565	3.89192	-3.70984e-07	-3.35218e-07	0.25	0.5	1.99999	
768	15.3231	8.21786	4.14036	-2.77163e-07	-4.1615e-07	0.25	0.5	1.99999	
784	15.1051	7.77279	4.38881	-1.66322e-07	-4.71526e-07	0.25	0.5	1.99999	
800	15.0031	7.28776	4.63726	-4.52675e-08	-4.97947e-07	0.25	0.5	1.99999	
816	15.0236	6.79256	4.8857	7.8567e-08	-4.93789e-07	0.25	0.5	1.99999	
832	15.1652	6.3176	5.13415	1.97577e-07	-4.59307e-07	0.25	0.5	1.99999	
848	15.4193	5.89205	5.3826	3.04454e-07	-3.96621e-07	0.25	0.5	1.99999	
864	15.7702	5.54204	5.63105	3.92634e-07	-3.09578e-07	0.25	0.5	1.99999	
880	16.1964	5.28906	5.87949	4.56703e-07	-2.03524e-07	0.25	0.5	1.99999	
896	16.6717	5.14865	6.12794	4.92727e-07	-8.49717e-08	0.25	0.5	1.99999	
912	17.167	5.12943	0.0932029	4.98492e-07	3.87984e-08	0.25	0.5	1.99999	
928	17.6517	5.23258	0.34165	4.73646e-07	1.60186e-07	0.25	0.5	1.99999	
944	18.0962	5.45178	0.590097	4.19713e-07	2.71737e-07	0.25	0.5	1.99999	
960	18.4732	5.77354	0.838544	3.40006e-07	3.666e-07	0.25	0.5	1.99999	
976	18.7595	6.17813	1.08699	2.3942e-07	4.38951e-07	0.25	0.5	1.99999	
992	18.9375	6.64068	1.33544	1.24131e-07	4.84346e-07	0.25	0.5	1.99999	
1008	18.9963	7.13281	1.58389	1.21908e-09	4.99999e-07	0.25	0.5	1.99999	
1024	18.9322	7.62428	1.83233	-1.21768e-07	4.84946e-07	0.25	0.5	1.99999	
1040	18.7493	8.08491	2.08078	-2.37277e-07	4.40113e-07	0.25	0.5	1.99999	
1056	18.4588	8.48642	2.32923	-3.38215e-07	3.68254e-07	0.25	0.5	1.99999	
1072	18.0784	8.80416	2.57767	-4.18383e-07	2.7378e-07	0.25	0.5	1.99999	
1088	17.6316	9.0186	2.82612	-4.72859e-07	1.62494e-07	0.25	0.5	1.99999	
1104	17.1457	9.11658	3.07457	-4.98297e-07	4.12288e-08	0.25	0.5	1.99999	
1120	16.6507	9.09209	3.32302	-4.93135e-07	-8.2568e-08	0.25	0.5	1.99999	
1136	16.1769	8.94663	3.57146	-4.5769e-07	-2.01294e-07	0.25	0.5	1.99999	
1152	15.7534	8.68913	3.81991	-3.94139e-07	-3.07659e-07	0.25	0.5	1.99999	
1168	15.4063	8.3354	4.06836	-3.06384e-07	-3.95131e-07	0.25	0.5	1.99999	
1184	15.1568	7.90716	4.31681	-1.99814e-07	-4.58339e-07	0.25	0.5	1.99999	
1200	15.0202	7.43072	4.56525	-8.0974e-08	-4.934e-07	0.25	0.5	1.99999	
1216	15.005	6.93533	4.8137	4.28388e-08	-4.98161e-07	0.25	0.5	1.99999	
1232	15.1121	6.45142	5.06215	1.64021e-07	-4.72332e-07	0.25	0.5	1.99999	
1248	15.3349	6.00869	5.31059	2.75131e-07	-4.17496e-07	0.25	0.5	1.99999	
1264	15.6597	5.63434	5.55904	3.69345e-07	-3.37023e-07	0.25	0.5	1.99999	
1280	16.0666	5.35135	5.80749	4.40878e-07	-2.35853e-07	0.25	0.5	1.99999	
1296	16.5306	5.17711	6.05594	4.85337e-07	-1.202e-07	0.25	0.5	1.99999	
1312	17.0232	5.12232	0.0211977	4.99992e-07	2.83486e-09	0.25	0.5	1.99999	
1328	17.5141	5.19033	0.269645	4.83943e-07	1.25695e-07	0.25	0.5	1.99999	
1344	17.9732	5.37697	0.518092	4.38175e-07	2.40837e-07	0.25	0.5	1.99999	
1360	18.3724	5.67078	0.766539	3.655e-07	3.41189e-07	0.25	0.5	1.99999	
1376	18.687	6.05372	1.01499	2.70379e-07	4.20589e-07	0.25	0.5	1.99999	
1392	18.8978	6.50228	1.26343	1.58655e-07	4.74161e-07	0.25	0.5	1.99999	
1408	18.9919	6.98889	1.51188	3.71873e-08	4.98615e-07	0.25	0.5	1.99999	
1424	18.9634	7.4837	1.76033	-8.65636e-08	4.9245e-07	0.25	0.5	1.99999	
1440	18.8141	7.9563	2.00878	-2.04999e-07	4.56043e-07	0.25	0.5	1.99999	
1456	18.5531	8.37767	2.25722	-3.10845e-07	3.91632e-07	0.25	0.5	1.99999	
1472	18.1966	8.72195	2.50567	-3.97602e-07	3.0317e-07	0.25	0.5	1.99999	
1488	17.7664	8.96798	2.75412	-4.59944e-07	1.96092e-07	0.25	0.5	1.99999	
1504	17.2888	9.10067	3.00256	-4.9404e-07	7.69709e-08	0.25	0.5	1.99999	
1520	16.7933	9.11185	3.25101	-4.97798e-07	-4.68764e-08	0.25	0.5	1.99999	
1536	16.3103	9.00085	3.49946	-4.70986e-07	-1.67845e-07	0.25	0.5	1.99999	
1552	15.8694	8.77448	3.74791	-4.15252e-07	-2.78507e-07	0.25	0.5	1.99999	
1568	15.4977	8.44664	3.99635	-3.34017e-07	-3.72065e-07	0.25	0.5	1.99999	
1584	15.218	8.03747	4.2448	-2.32271e-07	-4.42776e-07	0.25	0.5	1.99999	
1600	15.0475	7.57209	4.49325	-1.16261e-07	-4.86296e-07	0.25	0.5	1.99999	
1616	14.9967	7.07908	4.74169	6.88861e-09	-4.99953e-07	0.25	0.5	1.99999	
1632	15.0687	6.58871	4.99014	1.29615e-07	-4.82908e-07	0.25	0.5	1.99999	
1648	15.2591	6.1311	5.23859	2.44382e-07	-4.36208e-07	0.25	0.5	1.99999	
1664	15.5561	5.73435	5.48704	3.44141e-07	-3.62721e-07	0.25	0.5	1.99999	
1680	15.9416	5.42283	5.73548	4.22768e-07	-2.6696e-07	0.25	0.5	1.99999	
1696	16.3918	5.21566	5.98393	4.75432e-07	-1.54805e-07	0.25	0.5	1.99999	
1712	16.8792	5.12557	6.23238	4.989e-07	-3.31434e-08	0.25	0.5	1.99999	
1728	17.3738	5.15808	0.19764	4.91732e-07	9.05534e-08	0.25	0.5	1.99999	
1744	17.8451	5.31121	0.446087	4.54366e-07	2.08689e-07	0.25	0.5	1.99999	
1760	18.2644	5.57554	0.694534	3.89099e-07	3.1401e-07	0.25	0.5	1.99999	
1776	18.6058	5.93486	0.942981	2.99937e-07	4.00047e-07	0.25	0.5	1.99999	
1792	18.8483	6.36708	1.19143	1.92356e-07	4.61518e-07	0.25	0.5	1.99999	
1808	18.9771	6.84567	1.43988	7.29628e-08	4.94648e-07	0.25	0.5	1.99999	
1824	18.9843	7.34124	1.68832	-5.0911e-08	4.97401e-07	0.25	0.5	1.99999	
1840	18.8694	7.82336	1.93677	-1.71658e-07	4.6961e-07	0.25	0.5	1.99999	
1856	18.6394	8.26242	2.18522	-2.81864e-07	4.1298e-07	0.25	0.5	1.99999	
1872	18.3086	8.63145	2.43366	-3.74761e-07	3.30989e-07	0.25	0.5	1.99999	
1888	17.8972	8.9078	2.68211	-4.44644e-07	2.28673e-07	0.25	0.5	1.99999	
1904	17.4304	9.07449	2.93056	-4.87222e-07	1.12314e-07	0.25	0.5	1.99999	
1920	16.937	9.1213	3.17901	-4.9988e-07	-1.09419e-08	0.25	0.5	1.99999	
1936	16.4472	9.04533	3.42745	-4.81841e-07	-1.33526e-07	0.25	0.5	1.99999	
1952	15.9912	8.85127	3.6759	-4.34212e-07	-2.47911e-07	0.25	0.5	1.99999	
1968	15.5969	8.55102	3.92435	-3.59919e-07	-3.47071e-07	0.25	0.5	1.99999	
1984	15.2885	8.16303	4.1728	-2.63523e-07	-4.24918e-07	0.25	0.5	1.99999	
2000	15.085	7.71112	4.42124	-1.50945e-07	-4.76671e-07	0.25	0.5	1.99999	
2016	14.9988	7.22304	4.66969	-2.90973e-08	-4.99153e-07	0.25	0.5	1.99999	
2032	15.0353	6.72877	4.91814	9.45373e-08	-4.90981e-07	0.25	0.5	1.99999	
2048	15.1923	6.25865	5.16658	2.12366e-07	-4.52659e-07	0.25	0.5	1.99999	
2064	15.46	5.84156	5.41503	3.17154e-07	-3.8654e-07	0.25	0.5	1.99999	
2080	15.8221	5.50311	5.66348	4.02466e-07	-2.96683e-07	0.25	0.5	1.99999	
2096	16.2563	5.26408	5.91193	4.63063e-07	-1.88608e-07	0.25	0.5	1.99999	
2112	16.7359	5.13916	6.16037	4.95223e-07	-6.89499e-08	0.25	0.5	1.99999	
2128	17.2315	5.13601	0.125635	4.96972e-07	5.49421e-08	0.25	0.5	1.99999	
2144	17.7127	5.25483	0.374082	4.68203e-07	1.7546e-07	0.25	0.5	1.99999	
2160	18.1498	5.48832	0.622529	4.10681e-07	2.85203e-07	0.25	0.5	1.99999	
2176	18.5162	5.82214	0.870976	3.2794e-07	3.77432e-07	0.25	0.5	1.99999	
2192	18.7892	6.2358	1.11942	2.25061e-07	4.46484e-07	0.25	0.5	1.99999	
2208	18.9521	6.70388	1.36787	1.0836e-07	4.88117e-07	0.25	0.5	1.99999	
2224	18.9949	7.19765	1.61632	-1.49945e-08	4.99775e-07	0.25	0.5	1.99999	
2240	18.9149	7.68679	1.86476	-1.37428e-07	4.80743e-07	0.25	0.5	1.99999	
2256	18.7172	8.14125	2.11321	-2.51423e-07	4.32188e-07	0.25	0.5	1.99999	
2272	18.4138	8.53313	2.36166	-3.49978e-07	3.57093e-07	0.25	0.5	1.99999	
2288	18.0233	8.83836	2.61011	-4.27041e-07	2.6007e-07	0.25	0.5	1.99999	
2304	17.5697	9.0382	2.85855	-4.7788e-07	1.47075e-07	0.25	0.5	1.99999	
2320	17.081	9.12038	3.107	-4.99372e-07	2.50493e-08	0.25	0.5	1.99999	
2336	16.587	9.07985	3.35545	-4.90199e-07	-9.8515e-08	0.25	0.5	1.99999	
2352	16.1182	8.9191	3.6039	-4.50923e-07	-2.1603e-07	0.25	0.5	1.99999	
2368	15.7033	8.648	3.85234	-3.83956e-07	-3.20278e-07	0.25	0.5	1.99999	
2384	15.3678	8.2832	4.10079	-2.9341e-07	-4.04858e-07	0.25	0.5	1.99999	
2400	15.1323	7.8471	4.34924	-1.84847e-07	-4.64577e-07	0.25	0.5	1.99999	
2416	15.0112	7.36648	4.59768	-6.49324e-08	-4.95766e-07	0.25	0.5	1.99999	
2432	15.0121	6.87086	4.84613	5.89697e-08	-4.9651e-07	0.25	0.5	1.99999	
2448	15.1348	6.39067	5.09458	1.79251e-07	-4.66765e-07	0.25	0.5	1.99999	
2464	15.3719	5.9554	5.34303	2.88524e-07	-4.08355e-07	0.25	0.5	1.99999	
2480	15.7086	5.59178	5.59147	3.80079e-07	-3.24869e-07	0.25	0.5	1.99999	
2496	16.1245	5.32214	5.83992	4.48294e-07	-2.21433e-07	0.25	0.5	1.99999	
2512	16.5939	5.16304	6.08837	4.88979e-07	-1.04399e-07	0.25	0.5	1.99999	
2528	17.088	5.12424	0.0536294	4.99637e-07	1.90461e-08	0.25	0.5	1.99999	
2544	17.5765	5.20813	0.302077	4.79613e-07	1.41322e-07	0.25	0.5	1.99999	
2560	18.0293	5.40957	0.550524	4.30135e-07	2.54919e-07	0.25	0.5	1.99999	
2576	18.4187	5.71617	0.798971	3.54244e-07	3.52861e-07	0.25	0.5	1.99999	
2592	18.7208	6.10911	1.04742	2.56599e-07	4.29135e-07	0.25	0.5	1.99999	
2608	18.9169	6.56426	1.29587	1.43196e-07	4.79056e-07	0.25	0.5	1.99999	
2624	18.9951	7.05367	1.54431	2.09997e-08	4.99559e-07	0.25	0.5	1.99999	
2640	18.9506	7.54729	1.79276	-1.02486e-07	4.89384e-07	0.25	0.5	1.99999	
2656	18.7861	8.0148	2.04121	-2.19678e-07	4.49156e-07	0.25	0.5	1.99999	
2672	18.5116	8.42749	2.28965	-3.2338e-07	3.81346e-07	0.25	0.5	1.99999	
2688	18.1441	8.76003	2.5381	-4.07224e-07	2.90118e-07	0.25	0.5	1.99999	
2704	17.7061	8.99198	2.78655	-4.6606e-07	1.81074e-07	0.25	0.5	1.99999	
2720	17.2245	9.10911	3.035	-4.96276e-07	6.09107e-08	0.25	0.5	1.99999	
2736	16.7289	9.10422	3.28344	-4.96016e-07	-6.29934e-08	0.25	0.5	1.99999	
2752	16.2497	8.97762	3.53189	-4.65296e-07	-1.83029e-07	0.25	0.5	1.99999	
2768	15.8164	8.73707	3.78034	-4.06003e-07	-2.91825e-07	0.25	0.5	1.99999	
2784	15.4555	8.39735	4.02878	-3.21777e-07	-3.827e-07	0.25	0.5	1.99999	
2800	15.1893	7.97933	4.27723	-2.17791e-07	-4.50074e-07	0.25	0.5	1.99999	
2816	15.034	7.50866	4.52568	-1.00431e-07	-4.8981e-07	0.25	0.5	1.99999	
2832	14.9992	7.01426	4.77413	2.30964e-08	-4.99466e-07	0.25	0.5	1.99999	
2848	15.087	6.52649	5.02257	1.45206e-07	-4.78451e-07	0.25	0.5	1.99999	
2864	15.2921	6.07529	5.27102	2.58398e-07	-4.28054e-07	0.25	0.5	1.99999	
2880	15.6019	5.68838	5.51947	3.55722e-07	-3.51371e-07	0.25	0.5	1.99999	
2896	15.9973	5.38952	5.76792	4.31202e-07	-2.53111e-07	0.25	0.5	1.99999	
2912	16.454	5.19706	6.01636	4.80202e-07	-1.39307e-07	0.25	0.5	1.99999	
2928	16.944	5.12282	6.26481	4.99713e-07	-1.69486e-08	0.25	0.5	1.99999	
2944	17.4373	5.17135	0.230071	4.88537e-07	1.06451e-07	0.25	0.5	1.99999	
2960	17.9034	5.33969	0.478519	4.4736e-07	2.23313e-07	0.25	0.5	1.99999	
2976	18.3139	5.61748	0.726966	3.78712e-07	3.26462e-07	0.25	0.5	1.99999	
2992	18.6434	5.98767	0.975413	2.86807e-07	4.09563e-07	0.25	0.5	1.99999	
3008	18.8718	6.42753	1.22386	1.7729e-07	4.67513e-07	0.25	0.5	1.99999	
3024	18.985	6.91005	1.47231	5.6885e-08	4.96754e-07	0.25	0.5	1.99999	
3040	18.9761	7.40559	1.72075	-6.70129e-08	4.95489e-07	0.25	0.5	1.99999	
3056	18.8456	7.88373	1.9692	-1.86796e-07	4.63797e-07	0.25	0.5	1.99999	
3072	18.6016	8.3151	2.21765	-2.95107e-07	4.03623e-07	0.25	0.5	1.99999	
3088	18.2589	8.67321	2.4661	-3.85297e-07	3.18663e-07	0.25	0.5	1.99999	
3104	17.8388	8.93607	2.71454	-4.51825e-07	2.14135e-07	0.25	0.5	1.99999	
3120	17.3669	9.08754	2.96299	-4.90608e-07	9.64565e-08	0.25	0.5	1.99999	
3136	16.8722	9.11832	3.21144	-4.99263e-07	-2.71453e-08	0.25	0.5	1.99999	
3152	16.3852	9.02652	3.45989	-4.77258e-07	-1.4908e-07	0.25	0.5	1.99999	
3168	15.9356	8.81777	3.70833	-4.25945e-07	-2.6186e-07	0.25	0.5	1.99999	
3184	15.5513	8.50489	3.95678	-3.48476e-07	-3.58559e-07	0.25	0.5	1.99999	
3200	15.2556	8.10711	4.20523	-2.49607e-07	-4.3324e-07	0.25	0.5	1.99999	
3216	15.0669	7.64883	4.45367	-1.35409e-07	-4.81315e-07	0.25	0.5	1.99999	
3232	14.9966	7.15822	4.70212	-1.28965e-08	-4.99834e-07	0.25	0.5	1.99999	
3248	15.0491	6.66539	4.95057	1.10408e-07	-4.87658e-07	0.25	0.5	1.99999	
3264	15.2212	6.20061	5.19902	2.26933e-07	-4.45535e-07	0.25	0.5	1.99999	
3280	15.5023	5.79242	5.44746	3.29522e-07	-3.76053e-07	0.25	0.5	1.99999	
3296	15.8752	5.46589	5.69591	4.11875e-07	-2.83477e-07	0.25	0.5	1.99999	
3312	16.3169	5.24107	5.94436	4.68935e-07	-1.73493e-07	0.25	0.5	1.99999	
3328	16.8003	5.13176	6.1928	4.97198e-07	-5.28555e-08	0.25	0.5	1.99999	
3344	17.2958	5.14468	0.158066	4.94929e-07	7.1028e-08	0.25	0.5	1.99999	
3360	17.7728	5.27904	0.406513	4.62267e-07	1.9055e-07	0.25	0.5	1.99999	
3376	18.2022	5.52658	0.654961	4.01217e-07	2.9837e-07	0.25	0.5	1.99999	
3392	18.5575	5.87211	0.903408	3.15529e-07	3.87868e-07	0.25	0.5	1.99999	
3408	18.817	6.2944	1.15186	2.10465e-07	4.53547e-07	0.25	0.5	1.99999	
3424	18.9646	6.76752	1.4003	9.24755e-08	4.91374e-07	0.25	0.5	1.99999	
3440	18.9914	7.26242	1.64875	-3.11923e-08	4.99026e-07	0.25	0.5	1.99999	
3456	18.8956	7.74871	1.8972	-1.52945e-07	4.76034e-07	0.25	0.5	1.99999	
3472	18.6832	8.19652	2.14564	-2.65305e-07	4.23808e-07	0.25	0.5	1.99999	
3488	18.3673	8.57835	2.39409	-3.61373e-07	3.45557e-07	0.25	0.5	1.99999	
3504	17.9671	8.87076	2.64254	-4.35249e-07	2.46086e-07	0.25	0.5	1.99999	
3520	17.5073	9.05579	2.89099	-4.82397e-07	1.31502e-07	0.25	0.5	1.99999	
3536	17.0161	9.12208	3.13943	-4.99922e-07	8.84351e-09	0.25	0.5	1.99999	
3552	16.5237	9.06555	3.38788	-4.86747e-07	-1.14358e-07	0.25	0.5	1.99999	
3568	16.0604	8.88968	3.63633	-4.43681e-07	-2.30538e-07	0.25	0.5	1.99999	
3584	15.6545	8.60527	3.88477	-3.73369e-07	-3.3256e-07	0.25	0.5	1.99999	
3600	15.331	8.22978	4.13322	-2.80128e-07	-4.1416e-07	0.25	0.5	1.99999	
3616	15.1097	7.78628	4.38167	-1.69686e-07	-4.70326e-07	0.25	0.5	1.99999	
3632	15.0044	7.30199	4.63012	-4.88226e-08	-4.97611e-07	0.25	0.5	1.99999	
3648	15.0213	6.80666	4.87856	7.50385e-08	-4.94337e-07	0.25	0.5	1.99999	
3664	15.1595	6.3307	5.12701	1.94292e-07	-4.60707e-07	0.25	0.5	1.99999	
3680	15.4105	5.90334	5.37546	3.01613e-07	-3.98785e-07	0.25	0.5	1.99999	
3696	15.7589	5.55083	5.6239	3.90413e-07	-3.12374e-07	0.25	0.5	1.99999	
3712	16.1833	5.29482	5.87235	4.55238e-07	-2.0678e-07	0.25	0.5	1.99999	
3728	16.6576	5.15102	6.1208	4.92107e-07	-8.84885e-08	0.25	0.5	1.99999	
3744	17.1527	5.12826	0.086061	4.98757e-07	3.52373e-08	0.25	0.5	1.99999	
3760	17.6382	5.22795	0.334508	4.74778e-07	1.56799e-07	0.25	0.5	1.99999	
3776	18.0843	5.44396	0.582955	4.21643e-07	2.68732e-07	0.25	0.5	1.99999	
3792	18.4635	5.76303	0.831403	3.42616e-07	3.64163e-07	0.25	0.5	1.99999	
3808	18.7527	6.16556	1.07985	2.42549e-07	4.3723e-07	0.25	0.5	1.99999	
3824	18.934	6.62683	1.3283	1.27587e-07	4.83448e-07	0.25	0.5	1.99999	
3840	18.9963	7.11852	1.57674	4.78995e-09	4.99977e-07	0.25	0.5	1.99999	
3856	18.9358	7.61044	1.82519	-1.18301e-07	4.85803e-07	0.25	0.5	1.99999	
3872	18.7562	8.07237	2.07364	-2.34127e-07	4.41797e-07	0.25	0.5	1.99999	
3888	18.4685	8.47594	2.32209	-3.35576e-07	3.7066e-07	0.25	0.5	1.99999	
3904	18.0904	8.79639	2.57053	-4.16417e-07	2.76761e-07	0.25	0.5	1.99999	
3920	17.6451	9.01402	2.81898	-4.71687e-07	1.65867e-07	0.25	0.5	1.99999	
3936	17.16	9.11547	3.06743	-4.9799e-07	4.47865e-08	0.25	0.5	1.99999	
3952	16.6648	9.09451	3.31587	-4.93713e-07	-7.9044e-08	0.25	0.5	1.99999	
3968	16.19	8.95243	3.56432	-4.59116e-07	-1.98021e-07	0.25	0.5	1.99999	
3984	15.7647	8.69796	3.81277	-3.96326e-07	-3.04837e-07	0.25	0.5	1.99999	
4000	15.415	8.34672	4.06122	-3.09198e-07	-3.92933e-07	0.25	0.5	1.99999	
4016	15.1624	7.92028	4.30966	-2.03083e-07	-4.569e-07	0.25	0.5	1.99999	
4032	15.0225	7.44483	4.55811	-8.44957e-08	-4.92809e-07	0.25	0.5	1.99999	
4048	15.0037	6.94956	4.80656	3.928e-08	-4.98455e-07	0.25	0.5	1.99999	
4064	15.1073	6.46489	5.05501	1.60643e-07	-4.73491e-07	0.25	0.5	1.99999	
4080	15.327	6.02058	5.30345	2.72142e-07	-4.19451e-07	0.25	0.5	1.99999	
4096	15.6491	5.64392	5.5519	3.66929e-07	-3.39652e-07	0.25	0.5	1.99999	
4112	16.054	5.35804	5.80035	4.39182e-07	-2.38996e-07	0.25	0.5	1.99999	
4128	16.5167	5.18049	6.04879	4.84466e-07	-1.23663e-07	0.25	0.5	1.99999	
4144	17.0089	5.12217	0.0140558	4.99999e-07	-7.36061e-10	0.25	0.5	1.99999	
4160	17.5003	5.18668	0.262503	4.84828e-07	1.22236e-07	0.25	0.5	1.99999	
4176	17.9607	5.37004	0.51095	4.39884e-07	2.37702e-07	0.25	0.5	1.99999	
4192	18.362	5.66099	0.759397	3.67927e-07	3.3857e-07	0.25	0.5	1.99999	
4208	18.6793	6.04168	1.00784	2.73376e-07	4.18647e-07	0.25	0.5	1.99999	
4224	18.8933	6.48871	1.25629	1.62037e-07	4.73016e-07	0.25	0.5	1.99999	
4240	18.9909	6.97465	1.50474	4.07474e-08	4.98337e-07	0.25	0.5	1.99999	
4256	18.9659	7.46964	1.75319	-8.30444e-08	4.93055e-07	0.25	0.5	1.99999	
4272	18.82	7.94329	2.00163	-2.01736e-07	4.57496e-07	0.25	0.5	1.99999	
4288	18.5621	8.36652	2.25008	-3.0804e-07	3.93842e-07	0.25	0.5	1.99999	
4304	18.208	8.71334	2.49853	-3.95427e-07	3.06002e-07	0.25	0.5	1.99999	
4320	17.7795	8.96244	2.74698	-4.58531e-07	1.99371e-07	0.25	0.5	1.99999	
4336	17.3029	9.09853	2.99542	-4.93478e-07	8.04973e-08	0.25	0.5	1.99999	
4352	16.8075	9.11325	3.24387	-4.9812e-07	-4.33201e-08	0.25	0.5	1.99999	
4368	16.3237	9.0057	3.49232	-4.72173e-07	-1.64477e-07	0.25	0.5	1.99999	
4384	15.8812	8.78249	3.74076	-4.1723e-07	-2.75534e-07	0.25	0.5	1.99999	
4400	15.5072	8.45731	3.98921	-3.36666e-07	-3.6967e-07	0.25	0.5	1.99999	
4416	15.2246	8.05015	4.23766	-2.35427e-07	-4.41106e-07	0.25	0.5	1.99999	
4432	15.0508	7.58599	4.48611	-1.19731e-07	-4.85453e-07	0.25	0.5	1.99999	
4448	14.9965	7.09336	4.73455	3.31787e-09	-4.99989e-07	0.25	0.5	1.99999	
4464	15.065	6.60249	4.983	1.26163e-07	-4.83821e-07	0.25	0.5	1.99999	
4480	15.252	6.14353	5.23145	2.4126e-07	-4.37942e-07	0.25	0.5	1.99999	
4496	15.5462	5.74467	5.47989	3.41542e-07	-3.6517e-07	0.25	0.5	1.99999	
4512	15.9295	5.4304	5.72834	4.2085e-07	-2.69972e-07	0.25	0.5	1.99999	
4528	16.3782	5.22002	5.97679	4.74314e-07	-1.58196e-07	0.25	0.5	1.99999	
4544	16.865	5.12645	6.22524	4.98651e-07	-3.67056e-08	0.25	0.5	1.99999	
4560	17.3597	5.15543	0.190498	4.92366e-07	8.70392e-08	0.25	0.5	1.99999	
4576	17.8322	5.30519	0.438945	4.55845e-07	2.05439e-07	0.25	0.5	1.99999	
4592	18.2533	5.56653	0.687392	3.91331e-07	3.11223e-07	0.25	0.5	1.99999	
4608	18.5972	5.92339	0.935839	3.02786e-07	3.97895e-07	0.25	0.5	1.99999	
4624	18.8429	6.35387	1.18429	1.95647e-07	4.60133e-07	0.25	0.5	1.99999	
4640	18.9751	6.83153	1.43273	7.64936e-08	4.94114e-07	0.25	0.5	1.99999	
4656	18.9858	7.32704	1.68118	-4.73573e-08	4.97752e-07	0.25	0.5	1.99999	
4672	18.8743	7.80996	1.92963	-1.683e-07	4.70824e-07	0.25	0.5	1.99999	
4688	18.6475	8.25065	2.17808	-2.78908e-07	4.14983e-07	0.25	0.5	1.99999	
4704	18.3193	8.62204	2.42652	-3.72388e-07	3.33658e-07	0.25	0.5	1.99999	
4720	17.9099	8.90132	2.67497	-4.43e-07	2.31843e-07	0.25	0.5	1.99999	
4736	17.4443	9.07134	2.92342	-4.86408e-07	1.15791e-07	0.25	0.5	1.99999	
4752	16.9513	9.12167	3.17186	-4.99946e-07	-7.37159e-09	0.25	0.5	1.99999	
4768	16.461	9.04921	3.42031	-4.82782e-07	-1.30081e-07	0.25	0.5	1.99999	
4784	16.0036	8.85841	3.66876	-4.35972e-07	-2.44803e-07	0.25	0.5	1.99999	
4800	15.6071	8.56098	3.91721	-3.62389e-07	-3.44492e-07	0.25	0.5	1.99999	
4816	15.2959	8.1752	4.16565	-2.66551e-07	-4.23025e-07	0.25	0.5	1.99999	
4832	15.0892	7.72476	4.4141	-1.54346e-07	-4.75581e-07	0.25	0.5	1.99999	
4848	14.9996	7.2373	4.66255	-3.26614e-08	-4.98932e-07	0.25	0.5	1.99999	
4864	15.0326	6.74278	4.91099	9.10284e-08	-4.91644e-07	0.25	0.5	1.99999	
4880	15.1862	6.27155	5.15944	2.09128e-07	-4.54164e-07	0.25	0.5	1.99999	
4896	15.4509	5.85256	5.40789	3.14386e-07	-3.88795e-07	0.25	0.5	1.99999	
4912	15.8105	5.51154	5.65634	4.00337e-07	-2.9955e-07	0.25	0.5	1.99999	
4928	16.243	5.26942	5.90478	4.61704e-07	-1.9191e-07	0.25	0.5	1.99999	
4944	16.7217	5.14107	6.15323	4.94718e-07	-7.24849e-08	0.25	0.5	1.99999	
4960	17.2173	5.13438	0.118493	4.97352e-07	5.13914e-08	0.25	0.5	1.99999	
4976	17.6993	5.24976	0.36694	4.69444e-07	1.72112e-07	0.25	0.5	1.99999	
4992	18.1381	5.48012	0.615387	4.12708e-07	2.82263e-07	0.25	0.5	1.99999	
5008	18.5068	5.81132	0.863834	3.30627e-07	3.75081e-07	0.25	0.5	1.99999	
5024	18.7828	6.22302	1.11228	2.28243e-07	4.44865e-07	0.25	0.5	1.99999	
5040	18.949	6.68993	1.36073	1.11843e-07	4.87331e-07	0.25	0.5	1.99999	
5056	18.9954	7.18338	1.60918	-1.14248e-08	4.99869e-07	0.25	0.5	1.99999	
5072	18.9189	7.67307	1.85762	-1.33991e-07	4.81712e-07	0.25	0.5	1.99999	
5088	18.7244	8.12893	2.10607	-2.4833e-07	4.33973e-07	0.25	0.5	1.99999	
5104	18.4238	8.52297	2.35452	-3.47419e-07	3.59584e-07	0.25	0.5	1.99999	
5120	18.0355	8.83098	2.60296	-4.25172e-07	2.63113e-07	0.25	0.5	1.99999	
5136	17.5834	9.03406	2.85141	-4.76817e-07	1.50485e-07	0.25	0.5	1.99999	
5152	17.0952	9.11973	3.09986	-4.99181e-07	2.86151e-08	0.25	0.5	1.99999	
5168	16.601	9.08272	3.34831	-4.9089e-07	-9.50116e-08	0.25	0.5	1.99999	
5184	16.131	8.92533	3.59675	-4.52454e-07	-2.12804e-07	0.25	0.5	1.99999	
5200	15.7142	8.6572	3.8452	-3.86233e-07	-3.17528e-07	0.25	0.5	1.99999	
5216	15.3761	8.2948	4.09365	-2.96294e-07	-4.02753e-07	0.25	0.5	1.99999	
5232	15.1375	7.8604	4.3421	-1.8816e-07	-4.63245e-07	0.25	0.5	1.99999	
5248	15.013	7.38065	4.59054	-6.84714e-08	-4.95289e-07	0.25	0.5	1.99999	
5264	15.0104	6.88504	4.83899	5.54222e-08	-4.96919e-07	0.25	0.5	1.99999	
5280	15.1297	6.40398	5.08744	1.75912e-07	-4.68033e-07	0.25	0.5	1.99999	
5296	15.3636	5.96703	5.33588	2.856e-07	-4.10405e-07	0.25	0.5	1.99999	
5312	15.6977	5.60102	5.58433	3.77749e-07	-3.27575e-07	0.25	0.5	1.99999	
5328	16.1117	5.32841	5.83278	4.46701e-07	-2.24629e-07	0.25	0.5	1.99999	
5344	16.5799	5.16596	6.08123	4.88221e-07	-1.07889e-07	0.25	0.5	1.99999	
5360	17.0737	5.12363	0.0464875	4.9976e-07	1.54773e-08	0.25	0.5	1.99999	
5376	17.5628	5.20404	0.294935	4.8061e-07	1.37893e-07	0.25	0.5	1.99999	
5392	18.017	5.40223	0.543382	4.31945e-07	2.5184e-07	0.25	0.5	1.99999	
5408	18.4086	5.70604	0.791829	3.56755e-07	3.50323e-07	0.25	0.5	1.99999	
5424	18.7135	6.09682	1.04028	2.59657e-07	4.27292e-07	0.25	0.5	1.99999	
5440	18.9129	6.55056	1.28872	1.46614e-07	4.78021e-07	0.25	0.5	1.99999	
5456	18.9946	7.0394	1.53717	2.45669e-08	4.99396e-07	0.25	0.5	1.99999	
5472	18.9536	7.53332	1.78562	-9.89885e-08	4.90103e-07	0.25	0.5	1.99999	
5488	18.7924	8.002	2.03407	-2.16465e-07	4.50714e-07	0.25	0.5	1.99999	
5504	18.5209	8.41664	2.28251	-3.20649e-07	3.83646e-07	0.25	0.5	1.99999	
5520	18.1558	8.75179	2.53096	-4.05142e-07	2.93019e-07	0.25	0.5	1.99999	
5536	17.7194	8.98687	2.77941	-4.64755e-07	1.84398e-07	0.25	0.5	1.99999	
5552	17.2387	9.10743	3.02785	-4.95828e-07	6.44535e-08	0.25	0.5	1.99999	
5568	16.7431	9.10608	3.2763	-4.96453e-07	-5.94493e-08	0.25	0.5	1.99999	
5584	16.263	8.9829	3.52475	-4.66591e-07	-1.79701e-07	0.25	0.5	1.99999	
5600	15.828	8.74546	3.7732	-4.08076e-07	-2.88918e-07	0.25	0.5	1.99999	
5616	15.4647	8.40832	4.02164	-3.24502e-07	-3.80393e-07	0.25	0.5	1.99999	
5632	15.1954	7.99221	4.27009	-2.21e-07	-4.48508e-07	0.25	0.5	1.99999	
5648	15.0368	7.52266	4.51854	-1.03927e-07	-4.8908e-07	0.25	0.5	1.99999	
5664	14.9985	7.02853	4.76698	1.95288e-08	-4.99618e-07	0.25	0.5	1.99999	
5680	15.0828	6.54014	5.01543	1.41785e-07	-4.79476e-07	0.25	0.5	1.99999	
5696	15.2847	6.08749	5.26388	2.55334e-07	-4.29889e-07	0.25	0.5	1.99999	
5712	15.5917	5.69838	5.51233	3.53204e-07	-3.53903e-07	0.25	0.5	1.99999	
5728	15.9849	5.3967	5.76077	4.29383e-07	-2.56184e-07	0.25	0.5	1.99999	
5744	16.4402	5.20098	6.00922	4.79194e-07	-1.42733e-07	0.25	0.5	1.99999	
5760	16.9297	5.12324	6.25767	4.99579e-07	-2.05171e-08	0.25	0.5	1.99999	
5776	17.4233	5.16825	0.22293	4.89285e-07	1.02959e-07	0.25	0.5	1.99999	
5792	17.8907	5.33325	0.471377	4.48944e-07	2.20112e-07	0.25	0.5	1.99999	
5808	18.3031	5.60811	0.719824	3.81034e-07	3.23749e-07	0.25	0.5	1.99999	
5824	18.6353	5.97594	0.968271	2.89725e-07	4.07504e-07	0.25	0.5	1.99999	
5840	18.8668	6.41415	1.21672	1.80624e-07	4.66235e-07	0.25	0.5	1.99999	
5856	18.9835	6.89585	1.46517	6.04313e-08	4.96335e-07	0.25	0.5	1.99999	
5872	18.9781	7.39144	1.71361	-6.34725e-08	4.95955e-07	0.25	0.5	1.99999	
5888	18.851	7.8705	1.96206	-1.83478e-07	4.65119e-07	0.25	0.5	1.99999	
5904	18.6101	8.3036	2.21051	-2.92217e-07	4.0572e-07	0.25	0.5	1.99999	
5920	18.27	8.66415	2.45895	-3.83011e-07	3.21407e-07	0.25	0.5	1.99999	
5936	17.8517	8.93001	2.7074	-4.50285e-07	2.17356e-07	0.25	0.5	1.99999	
5952	17.3809	9.08485	2.95585	-4.89907e-07	9.99578e-08	0.25	0.5	1.99999	
5968	16.8865	9.11916	3.2043	-4.99444e-07	-2.35789e-08	0.25	0.5	1.99999	
5984	16.3988	9.03084	3.45274	-4.7831e-07	-1.45668e-07	0.25	0.5	1.99999	
6000	15.9478	8.8253	3.70119	-4.27805e-07	-2.58811e-07	0.25	0.5	1.99999	
6016	15.5612	8.51518	3.94964	-3.51028e-07	-3.56061e-07	0.25	0.5	1.99999	
6032	15.2627	8.11951	4.19808	-2.52694e-07	-4.31446e-07	0.25	0.5	1.99999	
6048	15.0707	7.6626	4.44653	-1.38843e-07	-4.80336e-07	0.25	0.5	1.99999	
6064	14.9969	7.1725	4.69498	-1.64659e-08	-4.99729e-07	0.25	0.5	1.99999	
6080	15.0459	6.67931	4.94343	1.06923e-07	-4.88434e-07	0.25	0.5	1.99999	
6096	15.2147	6.21331	5.19187	2.23745e-07	-4.47144e-07	0.25	0.5	1.99999	
6112	15.4929	5.80312	5.44032	3.26827e-07	-3.78396e-07	0.25	0.5	1.99999	
6128	15.8634	5.47393	5.68877	4.0984e-07	-2.86411e-07	0.25	0.5	1.99999	
6144	16.3035	5.24597	5.93722	4.67684e-07	-1.76838e-07	0.25	0.5	1.99999	
6160	16.7861	5.13321	6.18566	4.96808e-07	-5.64051e-08	0.25	0.5	1.99999	
6176	17.2816	5.1426	0.150924	4.95424e-07	6.74915e-08	0.25	0.5	1.99999	
6192	17.7596	5.27354	0.399372	4.63616e-07	1.87244e-07	0.25	0.5	1.99999	
6208	18.1908	5.51801	0.647819	4.03338e-07	2.95497e-07	0.25	0.5	1.99999	
6224	18.5486	5.86099	0.896266	3.18291e-07	3.85604e-07	0.25	0.5	1.99999	
6240	18.811	6.28142	1.14471	2.13698e-07	4.52032e-07	0.25	0.5	1.99999	
6256	18.962	6.75347	1.39316	9.59825e-08	4.90701e-07	0.25	0.5	1.99999	
6272	18.9923	7.24817	1.64161	-2.76276e-08	4.99236e-07	0.25	0.5	1.99999	
6288	18.9001	7.73512	1.89005	-1.49541e-07	4.77114e-07	0.25	0.5	1.99999	
6304	18.6909	8.18444	2.1385	-2.62271e-07	4.25692e-07	0.25	0.5	1.99999	
6320	18.3776	8.56852	2.38695	-3.58896e-07	3.48129e-07	0.25	0.5	1.99999	
6336	17.9796	8.86378	2.6354	-4.33481e-07	2.49188e-07	0.25	0.5	1.99999	
6352	17.5211	9.05209	2.88384	-4.81446e-07	1.34944e-07	0.25	0.5	1.99999	
6368	17.0304	9.12188	3.13229	-4.99846e-07	1.24136e-08	0.25	0.5	1.99999	
6384	16.5376	9.06888	3.38074	-4.87551e-07	-1.10879e-07	0.25	0.5	1.99999	
6400	16.073	8.89632	3.62919	-4.45316e-07	-2.27363e-07	0.25	0.5	1.99999	
6416	15.6651	8.61482	3.87763	-3.75734e-07	-3.29885e-07	0.25	0.5	1.99999	
6432	15.3389	8.24165	4.12608	-2.83079e-07	-4.12148e-07	0.25	0.5	1.99999	
6448	15.1145	7.79973	4.37453	-1.7304e-07	-4.69102e-07	0.25	0.5	1.99999	
6464	15.0057	7.31621	4.62297	-5.23752e-08	-4.97249e-07	0.25	0.5	1.99999	
6480	15.0191	6.82077	4.87142	7.15061e-08	-4.9486e-07	0.25	0.5	1.99999	
6496	15.1539	6.34384	5.11987	1.90996e-07	-4.62083e-07	0.25	0.5	1.99999	
6512	15.4019	5.9147	5.36832	2.98758e-07	-4.00929e-07	0.25	0.5	1.99999	
6528	15.7477	5.55971	5.61676	3.88172e-07	-3.15154e-07	0.25	0.5	1.99999	
6544	16.1703	5.30067	5.86521	4.5375e-07	-2.10026e-07	0.25	0.5	1.99999	
6560	16.6436	5.15349	6.11366	4.91463e-07	-9.20008e-08	0.25	0.5	1.99999	
6576	17.1385	5.1272	0.0789191	4.98996e-07	3.16744e-08	0.25	0.5	1.99999	
6592	17.6247	5.22342	0.327366	4.75886e-07	1.53404e-07	0.25	0.5	1.99999	
6608	18.0723	5.43623	0.575814	4.23552e-07	2.65714e-07	0.25	0.5	1.99999	
6624	18.4538	5.75258	0.824261	3.45208e-07	3.61706e-07	0.25	0.5	1.99999	
6640	18.7458	6.15304	1.07271	2.45665e-07	4.35487e-07	0.25	0.5	1.99999	
6656	18.9304	6.61301	1.32116	1.31036e-07	4.82524e-07	0.25	0.5	1.99999	
6672	18.9962	7.10424	1.5696	8.36056e-09	4.9993e-07	0.25	0.5	1.99999	
6688	18.9392	7.59657	1.81805	-1.14829e-07	4.86636e-07	0.25	0.5	1.99999	
6704	18.7629	8.05977	2.0665	-2.30966e-07	4.43458e-07	0.25	0.5	1.99999	
6720	18.4781	8.46539	2.31494	-3.3292e-07	3.73047e-07	0.25	0.5	1.99999	
6736	18.1023	8.78853	2.56339	-4.1443e-07	2.79728e-07	0.25	0.5	1.99999	
6752	17.6586	9.00933	2.81184	-4.7049e-07	1.69231e-07	0.25	0.5	1.99999	
6768	17.1742	9.11425	3.06029	-4.97658e-07	4.83419e-08	0.25	0.5	1.99999	
6784	16.6789	9.09683	3.30873	-4.94264e-07	-7.5516e-08	0.25	0.5	1.99999	
6800	16.2031	8.95815	3.55718	-4.60519e-07	-1.94737e-07	0.25	0.5	1.99999	
6816	15.7759	8.70672	3.80563	-3.98493e-07	-3.01998e-07	0.25	0.5	1.99999	
6832	15.4238	8.35798	4.05407	-3.11997e-07	-3.90715e-07	0.25	0.5	1.99999	
6848	15.1682	7.93336	4.30252	-2.0634e-07	-4.55438e-07	0.25	0.5	1.99999	
6864	15.0248	7.45892	4.55097	-8.80131e-08	-4.92193e-07	0.25	0.5	1.99999	
6880	15.0025	6.96379	4.79942	3.57191e-08	-4.98723e-07	0.25	0.5	1.99999	
6896	15.1027	6.4784	5.04786	1.57258e-07	-4.74626e-07	0.25	0.5	1.99999	
6912	15.3191	6.03253	5.29631	2.69139e-07	-4.21383e-07	0.25	0.5	1.99999	
6928	15.6386	5.65358	5.54476	3.64493e-07	-3.42264e-07	0.25	0.5	1.99999	
6944	16.0414	5.36481	5.7932	4.37464e-07	-2.42126e-07	0.25	0.5	1.99999	
6960	16.5028	5.18396	6.04165	4.83571e-07	-1.2712e-07	0.25	0.5	1.99999	
6976	16.9946	5.12214	0.00691396	4.99981e-07	-4.30694e-09	0.25	0.5	1.99999	
6992	17.4864	5.18313	0.255361	4.85689e-07	1.1877e-07	0.25	0.5	1.99999	
7008	17.9482	5.36319	0.503808	4.4157e-07	2.34554e-07	0.25	0.5	1.99999	
7024	18.3515	5.65128	0.752256	3.70336e-07	3.35934e-07	0.25	0.5	1.99999	
7040	18.6716	6.02968	1.0007	2.76359e-07	4.16684e-07	0.25	0.5	1.99999	
7056	18.8888	6.47518	1.24915	1.65411e-07	4.71847e-07	0.25	0.5	1.99999	
7072	18.9898	6.9604	1.4976	4.43054e-08	4.98033e-07	0.25	0.5	1.99999	
7088	18.9683	7.45556	1.74604	-7.95209e-08	4.93636e-07	0.25	0.5	1.99999	
7104	18.8258	7.93025	1.99449	-1.98464e-07	4.58925e-07	0.25	0.5	1.99999	
7120	18.5709	8.35531	2.24294	-3.05219e-07	3.96032e-07	0.25	0.5	1.99999	
7136	18.2193	8.70464	2.49139	-3.93232e-07	3.08819e-07	0.25	0.5	1.99999	
7152	17.7926	8.9568	2.73983	-4.57096e-07	2.02641e-07	0.25	0.5	1.99999	
7168	17.3171	9.09629	2.98828	-4.9289e-07	8.40196e-08	0.25	0.5	1.99999	
7184	16.8218	9.11455	3.23673	-4.98417e-07	-3.97615e-08	0.25	0.5	1.99999	
7200	16.3372	9.01046	3.48517	-4.73336e-07	-1.61101e-07	0.25	0.5	1.99999	
7216	15.8931	8.79041	3.73362	-4.19187e-07	-2.72547e-07	0.25	0.5	1.99999	
7232	15.5168	8.46791	3.98207	-3.39297e-07	-3.67256e-07	0.25	0.5	1.99999	
7248	15.2313	8.06278	4.23052	-2.38571e-07	-4.39413e-07	0.25	0.5	1.99999	
7264	15.0542	7.59988	4.47896	-1.23195e-07	-4.84585e-07	0.25	0.5	1.99999	
7280	14.9963	7.10764	4.72741	-2.5304e-10	-5e-07	0.25	0.5	1.99999	
7296	15.0613	6.6163	4.97586	1.22704e-07	-4.8471e-07	0.25	0.5	1.99999	
7312	15.2451	6.15602	5.22431	2.38126e-07	-4.39654e-07	0.25	0.5	1.99999	
7328	15.5364	5.75506	5.47275	3.38925e-07	-3.676e-07	0.25	0.5	1.99999	
7344	15.9174	5.43807	5.7212	4.18911e-07	-2.72971e-07	0.25	0.5	1.99999	
7360	16.3647	5.22449	5.96965	4.73172e-07	-1.6158e-07	0.25	0.5	1.99999	
7376	16.8507	5.12744	6.21809	4.98376e-07	-4.02659e-08	0.25	0.5	1.99999	
7392	17.3457	5.15289	0.183356	4.92975e-07	8.35206e-08	0.25	0.5	1.99999	
7408	17.8192	5.29927	0.431803	4.57301e-07	2.02178e-07	0.25	0.5	1.99999	
7424	18.2422	5.55759	0.68025	3.93544e-07	3.0842e-07	0.25	0.5	1.99999	
7440	18.5886	5.91199	0.928698	3.0562e-07	3.95723e-07	0.25	0.5	1.99999	
7456	18.8373	6.3407	1.17714	1.98928e-07	4.58724e-07	0.25	0.5	1.99999	
7472	18.973	6.81741	1.42559	8.00205e-08	4.93555e-07	0.25	0.5	1.99999	
7488	18.9872	7.31283	1.67404	-4.38012e-08	4.98078e-07	0.25	0.5	1.99999	
7504	18.8792	7.79653	1.92249	-1.64933e-07	4.72014e-07	0.25	0.5	1.99999	
7520	18.6555	8.23883	2.17093	-2.75937e-07	4.16964e-07	0.25	0.5	1.99999	
7536	18.33	8.61255	2.41938	-3.69995e-07	3.36309e-07	0.25	0.5	1.99999	
7552	17.9226	8.89475	2.66783	-4.41333e-07	2.35001e-07	0.25	0.5	1.99999	
7568	17.4582	9.06809	2.91628	-4.85568e-07	1.19262e-07	0.25	0.5	1.99999	
7584	16.9656	9.12194	3.16472	-4.99986e-07	-3.80088e-09	0.25	0.5	1.99999	
7600	16.4748	9.05298	3.41317	-4.83699e-07	-1.2663e-07	0.25	0.5	1.99999	
7616	16.016	8.86545	3.66162	-4.37709e-07	-2.41683e-07	0.25	0.5	1.99999	
7632	15.6174	8.57087	3.91006	-3.6484e-07	-3.41895e-07	0.25	0.5	1.99999	
7648	15.3035	8.18732	4.15851	-2.69566e-07	-4.21111e-07	0.25	0.5	1.99999	
7664	15.0936	7.73836	4.40696	-1.57738e-07	-4.74467e-07	0.25	0.5	1.99999	
7680	15.0005	7.25156	4.65541	-3.62239e-08	-4.98686e-07	0.25	0.5	1.99999	
7696	15.0299	6.75681	4.90385	8.75149e-08	-4.92282e-07	0.25	0.5	1.99999	
7712	15.1801	6.2845	5.1523	2.05879e-07	-4.55646e-07	0.25	0.5	1.99999	
7728	15.4419	5.86363	5.40075	3.11601e-07	-3.9103e-07	0.25	0.5	1.99999	
7744	15.7991	5.52005	5.64919	3.98187e-07	-3.02402e-07	0.25	0.5	1.99999	
7760	16.2298	5.27484	5.89764	4.60322e-07	-1.95203e-07	0.25	0.5	1.99999	
7776	16.7076	5.14308	6.14609	4.94188e-07	-7.60163e-08	0.25	0.5	1.99999	
7792	17.2031	5.13286	0.111351	4.97706e-07	4.78381e-08	0.25	0.5	1.99999	
7808	17.6859	5.24479	0.359798	4.70661e-07	1.68755e-07	0.25	0.5	1.99999	
7824	18.1264	5.47201	0.608245	4.14713e-07	2.79308e-07	0.25	0.5	1.99999	
7840	18.4974	5.80057	0.856692	3.33298e-07	3.7271e-07	0.25	0.5	1.99999	
7856	18.7763	6.21028	1.10514	2.31415e-07	4.43224e-07	0.25	0.5	1.99999	
7872	18.9459	6.67599	1.35359	1.15321e-07	4.86519e-07	0.25	0.5	1.99999	
7888	18.9958	7.1691	1.60203	-7.85455e-09	4.99938e-07	0.25	0.5	1.99999	
7904	18.9228	7.65933	1.85048	-1.30548e-07	4.82656e-07	0.25	0.5	1.99999	
7920	18.7316	8.11656	2.09893	-2.45224e-07	4.35735e-07	0.25	0.5	1.99999	
7936	18.4338	8.51274	2.34738	-3.44842e-07	3.62056e-07	0.25	0.5	1.99999	
7952	18.0477	8.82352	2.59582	-4.23283e-07	2.66143e-07	0.25	0.5	1.99999	
7968	17.597	9.02982	2.84427	-4.7573e-07	1.53886e-07	0.25	0.5	1.99999	
7984	17.1095	9.11897	3.09272	-4.98963e-07	3.21794e-08	0.25	0.5	1.99999	
8000	16.615	9.0855	3.34116	-4.91556e-07	-9.15033e-08	0.25	0.5	1.99999	
8016	16.1439	8.93146	3.58961	-4.53962e-07	-2.09567e-07	0.25	0.5	1.99999	
8032	15.7252	8.66631	3.83806	-3.88491e-07	-3.14761e-07	0.25	0.5	1.99999	
8048	15.3845	8.30634	4.08651	-2.99163e-07	-4.00626e-07	0.25	0.5	1.99999	
8064	15.1428	7.87365	4.33495	-1.91464e-07	-4.61889e-07	0.25	0.5	1.99999	
8080	15.0149	7.39481	4.5834	-7.2007e-08	-4.94788e-07	0.25	0.5	1.99999	
8096	15.0087	6.89923	4.83185	5.18719e-08	-4.97302e-07	0.25	0.5	1.99999	
8112	15.1246	6.41733	5.08029	1.72565e-07	-4.69277e-07	0.25	0.5	1.99999	
8128	15.3554	5.97872	5.32874	2.82662e-07	-4.12435e-07	0.25	0.5	1.99999	
8144	15.6869	5.61033	5.57719	3.754e-07	-3.30265e-07	0.25	0.5	1.99999	
8160	16.0989	5.33477	5.82564	4.45085e-07	-2.27814e-07	0.25	0.5	1.99999	
8176	16.5659	5.16898	6.07408	4.87438e-07	-1.11373e-07	0.25	0.5	1.99999	
8192	17.0594	5.12313	0.0393456	4.99858e-07	1.19077e-08	0.25	0.5	1.99999	
8208	17.5491	5.20004	0.287793	4.81582e-07	1.34457e-07	0.25	0.5	1.99999	
8224	18.0047	5.39499	0.53624	4.33733e-07	2.48749e-07	0.25	0.5	1.99999	
8240	18.3985	5.69599	0.784687	3.59248e-07	3.47766e-07	0.25	0.5	1.99999	
8256	18.7061	6.08458	1.03313	2.62702e-07	4.25426e-07	0.25	0.5	1.99999	
8272	18.9088	6.53688	1.28158	1.50024e-07	4.76962e-07	0.25	0.5	1.99999	
8288	18.994	7.02513	1.53003	2.81329e-08	4.99208e-07	0.25	0.5	1.99999	
8304	18.9565	7.51933	1.77848	-9.54858e-08	4.90798e-07	0.25	0.5	1.99999	
8320	18.7986	7.98915	2.02692	-2.13241e-07	4.52248e-07	0.25	0.5	1.99999	
8336	18.5301	8.40572	2.27537	-3.17901e-07	3.85926e-07	0.25	0.5	1.99999	
8352	18.1674	8.74347	2.52382	-4.03039e-07	2.95905e-07	0.25	0.5	1.99999	
8368	17.7327	8.98165	2.77226	-4.63426e-07	1.87713e-07	0.25	0.5	1.99999	
8384	17.2529	9.10565	3.02071	-4.95355e-07	6.79929e-08	0.25	0.5	1.99999	
8400	16.7573	9.10784	3.26916	-4.96865e-07	-5.59022e-08	0.25	0.5	1.99999	
8416	16.2763	8.98809	3.51761	-4.67863e-07	-1.76364e-07	0.25	0.5	1.99999	
8432	15.8396	8.75376	3.76605	-4.10129e-07	-2.85996e-07	0.25	0.5	1.99999	
8448	15.4739	8.41923	4.0145	-3.2721e-07	-3.78065e-07	0.25	0.5	1.99999	
8464	15.2017	8.00505	4.26295	-2.24197e-07	-4.46918e-07	0.25	0.5	1.99999	
8480	15.0397	7.53665	4.5114	-1.07417e-07	-4.88325e-07	0.25	0.5	1.99999	
8496	14.9978	7.0428	4.75984	1.59601e-08	-4.99745e-07	0.25	0.5	1.99999	
8512	15.0787	6.55382	5.00829	1.38357e-07	-4.80476e-07	0.25	0.5	1.99999	
8528	15.2773	6.09974	5.25674	2.52257e-07	-4.31702e-07	0.25	0.5	1.99999	
8544	15.5815	5.70845	5.50518	3.50667e-07	-3.56416e-07	0.25	0.5	1.99999	
8560	15.9726	5.40397	5.75363	4.27542e-07	-2.59244e-07	0.25	0.5	1.99999	
8576	16.4265	5.205	6.00208	4.78163e-07	-1.46152e-07	0.25	0.5	1.99999	
8592	16.9155	5.12377	6.25053	4.9942e-07	-2.40844e-08	0.25	0.5	1.99999	
8608	17.4093	5.16525	0.215788	4.90007e-07	9.94619e-08	0.25	0.5	1.99999	
8624	17.8779	5.32691	0.464235	4.50504e-07	2.169e-07	0.25	0.5	1.99999	
8640	18.2922	5.59881	0.712682	3.83336e-07	3.21019e-07	0.25	0.5	1.99999	
8656	18.627	5.96426	0.961129	2.92628e-07	4.05424e-07	0.25	0.5	1.99999	
8672	18.8617	6.40081	1.20958	1.83949e-07	4.64933e-07	0.25	0.5	1.99999	
8688	18.9818	6.88166	1.45802	6.39745e-08	4.9589e-07	0.25	0.5	1.99999	
8704	18.98	7.37728	1.70647	-5.99289e-08	4.96396e-07	0.25	0.5	1.99999	
8720	18.8563	7.85723	1.95492	-1.80152e-07	4.66417e-07	0.25	0.5	1.99999	
8736	18.6185	8.29205	2.20337	-2.89312e-07	4.07797e-07	0.25	0.5	1.99999	
8752	18.281	8.65501	2.45181	-3.80706e-07	3.24134e-07	0.25	0.5	1.99999	
8768	17.8646	8.92385	2.70026	-4.48721e-07	2.20567e-07	0.25	0.5	1.99999	
8784	17.3949	9.08205	2.94871	-4.8918e-07	1.03454e-07	0.25	0.5	1.99999	
8800	16.9007	9.11989	3.19715	-4.99599e-07	-2.00114e-08	0.25	0.5	1.99999	
8816	16.4124	9.03505	3.4456	-4.79339e-07	-1.42248e-07	0.25	0.5	1.99999	
8832	15.96	8.83275	3.69405	-4.29642e-07	-2.55749e-07	0.25	0.5	1.99999	
8848	15.5712	8.52539	3.9425	-3.53562e-07	-3.53545e-07	0.25	0.5	1.99999	
8864	15.2699	8.13187	4.19094	-2.55769e-07	-4.2963e-07	0.25	0.5	1.99999	
8880	15.0746	7.67634	4.43939	-1.4227e-07	-4.79332e-07	0.25	0.5	1.99999	
8896	14.9973	7.18678	4.68784	-2.00344e-08	-4.99598e-07	0.25	0.5	1.99999	
8912	15.0428	6.69325	4.93628	1.03432e-07	-4.89185e-07	0.25	0.5	1.99999	
8928	15.2082	6.22605	5.18473	2.20546e-07	-4.48731e-07	0.25	0.5	1.99999	
8944	15.4835	5.81389	5.43318	3.24117e-07	-3.80721e-07	0.25	0.5	1.99999	
8960	15.8516	5.48207	5.68163	4.07784e-07	-2.89331e-07	0.25	0.5	1.99999	
8976	16.2901	5.25096	5.93007	4.66409e-07	-1.80174e-07	0.25	0.5	1.99999	
8992	16.7719	5.13476	6.17852	4.96393e-07	-5.99518e-08	0.25	0.5	1.99999	
9008	17.2675	5.14061	0.143782	4.95893e-07	6.39516e-08	0.25	0.5	1.99999	
9024	17.7464	5.26814	0.39223	4.64941e-07	1.83928e-07	0.25	0.5	1.99999	
9040	18.1793	5.50952	0.640677	4.05438e-07	2.92609e-07	0.25	0.5	1.99999	
9056	18.5395	5.84994	0.889124	3.21037e-07	3.83321e-07	0.25	0.5	1.99999	
9072	18.805	6.26848	1.13757	2.16921e-07	4.50494e-07	0.25	0.5	1.99999	
9088	18.9593	6.73944	1.38602	9.94845e-08	4.90003e-07	0.25	0.5	1.99999	
9104	18.9932	7.23391	1.63447	-2.40614e-08	4.99421e-07	0.25	0.5	1.99999	
9120	18.9044	7.72151	1.88291	-1.4613e-07	4.7817e-07	0.25	0.5	1.99999	
9136	18.6984	8.17231	2.13136	-2.59224e-07	4.27554e-07	0.25	0.5	1.99999	
9152	18.3879	8.55862	2.37981	-3.564e-07	3.50683e-07	0.25	0.5	1.99999	
9168	17.992	8.85671	2.62825	-4.3169e-07	2.52277e-07	0.25	0.5	1.99999	
9184	17.5349	9.04829	2.8767	-4.8047e-07	1.38379e-07	0.25	0.5	1.99999	
9200	17.0447	9.12159	3.12515	-4.99744e-07	1.59831e-08	0.25	0.5	1.99999	
9216	16.5516	9.0721	3.3736	-4.8833e-07	-1.07394e-07	0.25	0.5	1.99999	
9232	16.0857	8.90287	3.62204	-4.46928e-07	-2.24177e-07	0.25	0.5	1.99999	
9248	15.6758	8.62429	3.87049	-3.7808e-07	-3.27193e-07	0.25	0.5	1.99999	
9264	15.347	8.25346	4.11894	-2.86015e-07	-4.10116e-07	0.25	0.5	1.99999	
9280	15.1194	7.81316	4.36738	-1.76386e-07	-4.67855e-07	0.25	0.5	1.99999	
9296	15.0071	7.33042	4.61583	-5.59251e-08	-4.96863e-07	0.25	0.5	1.99999	
9312	15.017	6.8349	4.86428	6.79701e-08	-4.95359e-07	0.25	0.5	1.99999	
9328	15.1484	6.35701	5.11273	1.87691e-07	-4.63435e-07	0.25	0.5	1.99999	
9344	15.3933	5.92612	5.36117	2.95887e-07	-4.03052e-07	0.25	0.5	1.99999	
9360	15.7366	5.56867	5.60962	3.85912e-07	-3.17918e-07	0.25	0.5	1.99999	
9376	16.1573	5.30662	5.85807	4.52238e-07	-2.13262e-07	0.25	0.5	1.99999	
9392	16.6295	5.15606	6.10652	4.90793e-07	-9.55084e-08	0.25	0.5	1.99999	
9408	17.1242	5.12623	0.0717773	4.99209e-07	2.81098e-08	0.25	0.5	1.99999	
9424	17.6111	5.21898	0.320224	4.76969e-07	1.50002e-07	0.25	0.5	1.99999	
9440	18.0602	5.42859	0.568672	4.25439e-07	2.62682e-07	0.25	0.5	1.99999	
9456	18.444	5.74221	0.817119	3.47782e-07	3.59232e-07	0.25	0.5	1.99999	
9472	18.7389	6.14057	1.06557	2.48769e-07	4.33721e-07	0.25	0.5	1.99999	
9488	18.9267	6.59921	1.31401	1.34479e-07	4.81576e-07	0.25	0.5	1.99999	
9504	18.996	7.08996	1.56246	1.19308e-08	4.99858e-07	0.25	0.5	1.99999	
9520	18.9426	7.58269	1.81091	-1.1135e-07	4.87443e-07	0.25	0.5	1.99999	
9536	18.7696	8.04713	2.05935	-2.27793e-07	4.45096e-07	0.25	0.5	1.99999	
9552	18.4877	8.45478	2.3078	-3.30247e-07	3.75415e-07	0.25	0.5	1.99999	
9568	18.1142	8.78059	2.55625	-4.12422e-07	2.82681e-07	0.25	0.5	1.99999	
9584	17.672	9.00456	2.8047	-4.69269e-07	1.72587e-07	0.25	0.5	1.99999	
9600	17.1884	9.11293	3.05314	-4.973e-07	5.18948e-08	0.25	0.5	1.99999	
9616	16.693	9.09904	3.30159	-4.94791e-07	-7.19841e-08	0.25	0.5	1.99999	
9632	16.2162	8.96376	3.55004	-4.61898e-07	-1.91443e-07	0.25	0.5	1.99999	
9648	15.7873	8.71539	3.79849	-4.0064e-07	-2.99145e-07	0.25	0.5	1.99999	
9664	15.4326	8.36918	4.04693	-3.14779e-07	-3.88477e-07	0.25	0.5	1.99999	
9680	15.174	7.94639	4.29538	-2.09588e-07	-4.53953e-07	0.25	0.5	1.99999	
9696	15.0273	7.47299	4.54383	-9.1526e-08	-4.91552e-07	0.25	0.5	1.99999	
9712	15.0015	6.97804	4.79227	3.21564e-08	-4.98965e-07	0.25	0.5	1.99999	
9728	15.0982	6.49194	5.04072	1.53864e-07	-4.75737e-07	0.25	0.5	1.99999	
9744	15.3114	6.04454	5.28917	2.66123e-07	-4.23295e-07	0.25	0.5	1.99999	
9760	15.6281	5.66332	5.53762	3.6204e-07	-3.44858e-07	0.25	0.5	1.99999	
9776	16.0289	5.37168	5.78606	4.35724e-07	-2.45244e-07	0.25	0.5	1.99999	
9792	16.489	5.18754	6.03451	4.8265e-07	-1.3057e-07	0.25	0.5	1.99999	
9808	16.9803	5.1222	6.28296	4.99938e-07	-7.87761e-09	0.25	0.5	1.99999	
9824	17.4726	5.17968	0.248219	4.86525e-07	1.15299e-07	0.25	0.5	1.99999	
9840	17.9356	5.35644	0.496666	4.43234e-07	2.31394e-07	0.25	0.5	1.99999	
9856	18.341	5.64163	0.745114	3.72725e-07	3.3328e-07	0.25	0.5	1.99999	
9872	18.6637	6.01775	0.993561	2.79328e-07	4.147e-07	0.25	0.5	1.99999	
9888	18.8841	6.46168	1.24201	1.68777e-07	4.70653e-07	0.25	0.5	1.99999	
9904	18.9885	6.94617	1.49046	4.78611e-08	4.97704e-07	0.25	0.5	1.99999	
9920	18.9707	7.44147	1.7389	-7.59935e-08	4.94191e-07	0.25	0.5	1.99999	
9936	18.8315	7.91716	1.98735	-1.95181e-07	4.60331e-07	0.25	0.5	1.99999	
9952	18.5797	8.34403	2.2358	-3.02383e-07	3.98201e-07	0.25	0.5	1.99999	
9968	18.2306	8.69587	2.48424	-3.91016e-07	3.11619e-07	0.25	0.5	1.99999	
9984	17.8057	8.95106	2.73269	-4.55637e-07	2.059e-07	0.25	0.5	1.99999	
10000	17.3311	9.09394	2.98114	-4.92278e-07	8.75376e-08	0.25	0.5	1.99999	
