0	15	7	4.78127	0	0	0	0	0	
16	15.0629	6.50743	4.90549	9.21398e-08	-4.91437e-07	0.125	0.5	3.99997	
32	15.1864	6.02646	5.02972	1.52321e-07	-4.76233e-07	0.125	0.5	3.99997	
48	15.3686	5.56449	5.15394	2.10155e-07	-4.5369e-07	0.125	0.5	3.99997	
64	15.6066	5.12865	5.27816	2.64749e-07	-4.24155e-07	0.125	0.5	3.99997	
80	15.8967	4.72565	5.40239	3.15264e-07	-3.88083e-07	0.125	0.5	3.99997	
96	16.2345	4.36172	5.52661	3.6092e-07	-3.4603e-07	0.125	0.5	3.99997	
112	16.6149	4.04244	5.65083	4.01013e-07	-2.98644e-07	0.125	0.5	3.99997	
128	17.0318	3.77275	5.77506	4.34926e-07	-2.46656e-07	0.125	0.5	3.99997	
144	17.479	3.5568	5.89928	4.62137e-07	-1.90866e-07	0.125	0.5	3.99997	
160	17.9495	3.39793	6.0235	4.82225e-07	-1.32134e-07	0.125	0.5	3.99997	
176	18.436	3.29856	6.14773	4.94881e-07	-7.13662e-08	0.125	0.5	3.99997	
192	18.9311	3.26025	6.27195	4.9991e-07	-9.49839e-09	0.125	0.5	3.99997	
208	19.4271	3.28358	0.11299	4.97234e-07	5.25158e-08	0.125	0.5	3.99997	
224	19.9164	3.36819	0.237213	4.86896e-07	1.13721e-07	0.125	0.5	3.99997	
240	20.3915	3.51278	0.361437	4.69053e-07	1.73173e-07	0.125	0.5	3.99997	
256	20.845	3.71511	0.48566	4.43982e-07	2.29956e-07	0.125	0.5	3.99997	
272	21.2699	3.97207	0.609884	4.12068e-07	2.83195e-07	0.125	0.5	3.99997	
288	21.6597	4.2797	0.734108	3.73804e-07	3.3207e-07	0.125	0.5	3.99997	
304	22.0084	4.63326	0.858331	3.29778e-07	3.75827e-07	0.125	0.5	3.99997	
320	22.3106	5.0273	0.982555	2.80671e-07	4.13792e-07	0.125	0.5	3.99997	
336	22.5616	5.45575	1.10678	2.27237e-07	4.4538e-07	0.125	0.5	3.99997	
352	22.7577	5.912	1.231	1.70302e-07	4.70104e-07	0.125	0.5	3.99997	
368	22.8956	6.38902	1.35523	1.10741e-07	4.87582e-07	0.125	0.5	3.99997	
384	22.9735	6.87946	1.47945	4.94744e-08	4.97546e-07	0.125	0.5	3.99997	
400	22.9899	7.37577	1.60367	-1.2555e-08	4.99842e-07	0.125	0.5	3.99997	
416	22.9447	7.87029	1.7279	-7.43909e-08	4.94435e-07	0.125	0.5	3.99997	
432	22.8386	8.35539	1.85212	-1.3508e-07	4.81408e-07	0.125	0.5	3.99997	
448	22.6732	8.82362	1.97634	-1.93688e-07	4.60961e-07	0.125	0.5	3.99997	
464	22.4511	9.26774	2.10057	-2.4931e-07	4.3341e-07	0.125	0.5	3.99997	
480	22.1756	9.68092	2.22479	-3.01091e-07	3.9918e-07	0.125	0.5	3.99997	
496	21.8511	10.0568	2.34901	-3.48231e-07	3.58797e-07	0.125	0.5	3.99997	
512	21.4825	10.3895	2.47324	-3.90004e-07	3.12885e-07	0.125	0.5	3.99997	
528	21.0755	10.6741	2.59746	-4.25766e-07	2.62151e-07	0.125	0.5	3.99997	
544	20.6364	10.906	2.72169	-4.54967e-07	2.07376e-07	0.125	0.5	3.99997	
560	20.172	11.0817	2.84591	-4.77156e-07	1.49406e-07	0.125	0.5	3.99997	
576	19.6893	11.1985	2.97013	-4.91991e-07	8.91331e-08	0.125	0.5	3.99997	
592	19.1959	11.2546	3.09436	-4.99244e-07	2.74864e-08	0.125	0.5	3.99997	
608	18.6994	11.2491	3.21858	-4.98803e-07	-3.45839e-08	0.125	0.5	3.99997	
624	18.2074	11.1822	3.3428	-4.90674e-07	-9.61212e-08	0.125	0.5	3.99997	
640	17.7274	11.0548	3.46703	-4.74983e-07	-1.56177e-07	0.125	0.5	3.99997	
656	17.2669	10.8689	3.59125	-4.51972e-07	-2.13826e-07	0.125	0.5	3.99997	
672	16.833	10.6274	3.71547	-4.21995e-07	-2.6818e-07	0.125	0.5	3.99997	
688	16.4324	10.334	3.8397	-3.85514e-07	-3.184e-07	0.125	0.5	3.99997	
704	16.0712	9.99324	3.96392	-3.43093e-07	-3.63713e-07	0.125	0.5	3.99997	
720	15.755	9.61033	4.08814	-2.95383e-07	-4.03421e-07	0.125	0.5	3.99997	
736	15.4887	9.1912	4.21237	-2.43121e-07	-4.36912e-07	0.125	0.5	3.99997	
752	15.2764	8.7423	4.33659	-1.87112e-07	-4.63669e-07	0.125	0.5	3.99997	
768	15.1214	8.27055	4.46082	-1.2822e-07	-4.8328e-07	0.125	0.5	3.99997	
784	15.0259	7.78323	4.58504	-6.73514e-08	-4.95443e-07	0.125	0.5	3.99997	
800	14.9917	7.28784	4.70926	-5.4449e-09	-4.9997e-07	0.125	0.5	3.99997	
816	15.019	6.79202	4.83349	5.65456e-08	-4.96792e-07	0.125	0.5	3.99997	
832	15.1076	6.3034	4.95771	1.17665e-07	-4.85958e-07	0.125	0.5	3.99997	
848	15.256	5.82953	5.08193	1.7697e-07	-4.67634e-07	0.125	0.5	3.99997	
864	15.462	5.3777	5.20616	2.33548e-07	-4.42103e-07	0.125	0.5	3.99997	
880	15.7224	4.95488	5.33038	2.86527e-07	-4.09759e-07	0.125	0.5	3.99997	
896	16.0332	4.56757	5.4546	3.3509e-07	-3.71099e-07	0.125	0.5	3.99997	
912	16.3896	4.22176	5.57883	3.78489e-07	-3.2672e-07	0.125	0.5	3.99997	
928	16.786	3.92278	5.70305	4.16054e-07	-2.77306e-07	0.125	0.5	3.99997	
944	17.2165	3.67522	5.82728	4.47208e-07	-2.23619e-07	0.125	0.5	3.99997	
960	17.6743	3.4829	5.9515	4.71469e-07	-1.66484e-07	0.125	0.5	3.99997	
976	18.1525	3.3488	6.07572	4.88464e-07	-1.06784e-07	0.125	0.5	3.99997	
992	18.6435	3.27497	6.19995	4.97931e-07	-4.54388e-08	0.125	0.5	3.99997	
1008	19.1399	3.26255	0.0409845	4.99724e-07	1.66072e-08	0.125	0.5	3.99997	
1024	19.6341	3.31174	0.165208	4.93816e-07	7.83972e-08	0.125	0.5	3.99997	
1040	20.1183	3.42177	0.289432	4.80297e-07	1.38979e-07	0.125	0.5	3.99997	
1056	20.5852	3.59095	0.413655	4.59375e-07	1.97419e-07	0.125	0.5	3.99997	
1072	21.0275	3.81668	0.537879	4.31374e-07	2.52816e-07	0.125	0.5	3.99997	
1088	21.4384	4.09547	0.662102	3.96725e-07	3.04317e-07	0.125	0.5	3.99997	
1104	21.8116	4.42303	0.786326	3.55962e-07	3.51128e-07	0.125	0.5	3.99997	
1120	22.1414	4.79431	0.91055	3.09713e-07	3.92528e-07	0.125	0.5	3.99997	
1136	22.4226	5.20358	1.03477	2.5869e-07	4.27878e-07	0.125	0.5	3.99997	
1152	22.6509	5.64455	1.159	2.03681e-07	4.56633e-07	0.125	0.5	3.99997	
1168	22.8229	6.11041	1.28322	1.45532e-07	4.78352e-07	0.125	0.5	3.99997	
1184	22.9358	6.59398	1.40744	8.51412e-08	4.92698e-07	0.125	0.5	3.99997	
1200	22.9879	7.08782	1.53167	2.34377e-08	4.9945e-07	0.125	0.5	3.99997	
1216	22.9784	7.5843	1.65589	-3.8627e-08	4.98506e-07	0.125	0.5	3.99997	
1232	22.9075	8.07579	1.78011	-1.00096e-07	4.89878e-07	0.125	0.5	3.99997	
1248	22.7762	8.5547	1.90434	-1.60023e-07	4.73701e-07	0.125	0.5	3.99997	
1264	22.5866	9.01365	2.02856	-2.17484e-07	4.50223e-07	0.125	0.5	3.99997	
1280	22.3416	9.44557	2.15279	-2.71592e-07	4.19807e-07	0.125	0.5	3.99997	
1296	22.0449	9.84381	2.27701	-3.21515e-07	3.8292e-07	0.125	0.5	3.99997	
1312	21.7012	10.2022	2.40123	-3.66483e-07	3.40132e-07	0.125	0.5	3.99997	
1328	21.3158	10.5153	2.52546	-4.05803e-07	2.92102e-07	0.125	0.5	3.99997	
1344	20.8945	10.7782	2.64968	-4.38869e-07	2.39571e-07	0.125	0.5	3.99997	
1360	20.4439	10.9868	2.7739	-4.65171e-07	1.83347e-07	0.125	0.5	3.99997	
1376	19.9709	11.1381	2.89813	-4.84304e-07	1.24297e-07	0.125	0.5	3.99997	
1392	19.4828	11.2295	3.02235	-4.95973e-07	6.33323e-08	0.125	0.5	3.99997	
1408	18.9872	11.2598	3.14657	-4.99998e-07	1.39105e-09	0.125	0.5	3.99997	
1424	18.4916	11.2284	3.2708	-4.96318e-07	-6.05716e-08	0.125	0.5	3.99997	
1440	18.0037	11.1359	3.39502	-4.84988e-07	-1.21601e-07	0.125	0.5	3.99997	
1456	17.531	10.9836	3.51925	-4.66184e-07	-1.80756e-07	0.125	0.5	3.99997	
1472	17.0809	10.774	3.64347	-4.40195e-07	-2.37125e-07	0.125	0.5	3.99997	
1488	16.6602	10.5102	3.76769	-4.07422e-07	-2.8984e-07	0.125	0.5	3.99997	
1504	16.2754	10.1963	3.89192	-3.6837e-07	-3.38088e-07	0.125	0.5	3.99997	
1520	15.9325	9.83708	4.01614	-3.23641e-07	-3.81125e-07	0.125	0.5	3.99997	
1536	15.6368	9.4382	4.14036	-2.73924e-07	-4.18289e-07	0.125	0.5	3.99997	
1552	15.3927	9.00574	4.26459	-2.19985e-07	-4.49006e-07	0.125	0.5	3.99997	
1568	15.2041	8.54637	4.38881	-1.62656e-07	-4.72803e-07	0.125	0.5	3.99997	
1584	15.0739	8.06717	4.51303	-1.02821e-07	-4.89314e-07	0.125	0.5	3.99997	
1600	15.004	7.57553	4.63726	-4.14001e-08	-4.98283e-07	0.125	0.5	3.99997	
1616	14.9956	7.07903	4.76148	2.06583e-08	-4.99573e-07	0.125	0.5	3.99997	
1632	15.0488	6.58531	4.8857	8.23984e-08	-4.93164e-07	0.125	0.5	3.99997	
1648	15.1628	6.10198	5.00993	1.42869e-07	-4.79154e-07	0.125	0.5	3.99997	
1664	15.3358	5.6365	5.13415	2.01137e-07	-4.5776e-07	0.125	0.5	3.99997	
1680	15.5651	5.19604	5.25838	2.56305e-07	-4.29311e-07	0.125	0.5	3.99997	
1696	15.8472	4.78738	5.3826	3.07524e-07	-3.94245e-07	0.125	0.5	3.99997	
1712	16.1777	4.41683	5.50682	3.54003e-07	-3.53103e-07	0.125	0.5	3.99997	
1728	16.5517	4.0901	5.63105	3.95026e-07	-3.0652e-07	0.125	0.5	3.99997	
1744	16.9632	3.81221	5.75527	4.29961e-07	-2.55213e-07	0.125	0.5	3.99997	
1760	17.406	3.58746	5.87949	4.5827e-07	-1.99972e-07	0.125	0.5	3.99997	
1776	17.8733	3.4193	6.00372	4.79516e-07	-1.41649e-07	0.125	0.5	3.99997	
1792	18.3577	3.31033	6.12794	4.93372e-07	-8.11437e-08	0.125	0.5	3.99997	
1808	18.852	3.26223	6.25216	4.99624e-07	-1.93875e-08	0.125	0.5	3.99997	
1824	19.3484	3.27574	0.0932029	4.98176e-07	4.26675e-08	0.125	0.5	3.99997	
1840	19.8393	3.35065	0.217426	4.89051e-07	1.04065e-07	0.125	0.5	3.99997	
1856	20.3171	3.48581	0.34165	4.72388e-07	1.63858e-07	0.125	0.5	3.99997	
1872	20.7745	3.67913	0.465874	4.48445e-07	2.21127e-07	0.125	0.5	3.99997	
1888	21.2044	3.92764	0.590097	4.17591e-07	2.74987e-07	0.125	0.5	3.99997	
1904	21.6002	4.2275	0.714321	3.80301e-07	3.24609e-07	0.125	0.5	3.99997	
1920	21.9559	4.57409	0.838544	3.3715e-07	3.69229e-07	0.125	0.5	3.99997	
1936	22.2658	4.96207	0.962768	2.88803e-07	4.08158e-07	0.125	0.5	3.99997	
1952	22.5252	5.38547	1.08699	2.36005e-07	4.40797e-07	0.125	0.5	3.99997	
1968	22.7303	5.83775	1.21122	1.79569e-07	4.66642e-07	0.125	0.5	3.99997	
1984	22.8776	6.31195	1.33544	1.20367e-07	4.85296e-07	0.125	0.5	3.99997	
2000	22.9651	6.80076	1.45966	5.93089e-08	4.9647e-07	0.125	0.5	3.99997	
2016	22.9914	7.29664	1.58389	-2.66289e-09	4.99993e-07	0.125	0.5	3.99997	
2032	22.956	7.79195	1.70811	-6.45937e-08	4.9581e-07	0.125	0.5	3.99997	
2048	22.8595	8.27906	1.83233	-1.25529e-07	4.83986e-07	0.125	0.5	3.99997	
2064	22.7034	8.75047	1.95656	-1.8453e-07	4.64703e-07	0.125	0.5	3.99997	
2080	22.4901	9.1989	2.08078	-2.40686e-07	4.38258e-07	0.125	0.5	3.99997	
2096	22.2229	9.61744	2.205	-2.93134e-07	4.05059e-07	0.125	0.5	3.99997	
2112	21.9059	9.99965	2.32923	-3.41063e-07	3.65617e-07	0.125	0.5	3.99997	
2128	21.544	10.3396	2.45345	-3.83737e-07	3.2054e-07	0.125	0.5	3.99997	
2144	21.1427	10.6322	2.57767	-4.20496e-07	2.70524e-07	0.125	0.5	3.99997	
2160	20.7083	10.8727	2.7019	-4.50775e-07	2.16338e-07	0.125	0.5	3.99997	
2176	20.2474	11.0576	2.82612	-4.74106e-07	1.58818e-07	0.125	0.5	3.99997	
2192	19.7671	11.1839	2.95035	-4.90131e-07	9.88499e-08	0.125	0.5	3.99997	
2208	19.2749	11.2498	3.07457	-4.98602e-07	3.73588e-08	0.125	0.5	3.99997	
2224	18.7784	11.2541	3.19879	-4.99389e-07	-2.47081e-08	0.125	0.5	3.99997	
2240	18.2851	11.1969	3.32302	-4.92479e-07	-8.63942e-08	0.125	0.5	3.99997	
2256	17.8027	11.0791	3.44724	-4.7798e-07	-1.46749e-07	0.125	0.5	3.99997	
2272	17.3387	10.9023	3.57146	-4.56114e-07	-2.04842e-07	0.125	0.5	3.99997	
2288	16.9001	10.6695	3.69569	-4.27218e-07	-2.59778e-07	0.125	0.5	3.99997	
2304	16.4937	10.3841	3.81991	-3.91739e-07	-3.1071e-07	0.125	0.5	3.99997	
2320	16.1259	10.0505	3.94413	-3.50222e-07	-3.56854e-07	0.125	0.5	3.99997	
2336	15.8022	9.67391	4.06836	-3.03307e-07	-3.97498e-07	0.125	0.5	3.99997	
2352	15.5276	9.26012	4.19258	-2.51718e-07	-4.32016e-07	0.125	0.5	3.99997	
2368	15.3065	8.81551	4.31681	-1.9625e-07	-4.59876e-07	0.125	0.5	3.99997	
2384	15.1421	8.34693	4.44103	-1.37757e-07	-4.80649e-07	0.125	0.5	3.99997	
2400	15.0371	7.86159	4.56525	-7.71408e-08	-4.94013e-07	0.125	0.5	3.99997	
2416	14.993	7.36697	4.68948	-1.5336e-08	-4.99765e-07	0.125	0.5	3.99997	
2432	15.0105	6.87071	4.8137	4.67052e-08	-4.97814e-07	0.125	0.5	3.99997	
2448	15.0894	6.38044	4.93792	1.08027e-07	-4.88191e-07	0.125	0.5	3.99997	
2464	15.2284	5.90372	5.06215	1.67683e-07	-4.71044e-07	0.125	0.5	3.99997	
2480	15.4255	5.4479	5.18637	2.24755e-07	-4.46637e-07	0.125	0.5	3.99997	
2496	15.6774	5.02001	5.31059	2.78364e-07	-4.15348e-07	0.125	0.5	3.99997	
2512	15.9805	4.62663	5.43482	3.27682e-07	-3.77656e-07	0.125	0.5	3.99997	
2528	16.33	4.27384	5.55904	3.7195e-07	-3.34145e-07	0.125	0.5	3.99997	
2544	16.7205	3.96707	5.68326	4.10486e-07	-2.85484e-07	0.125	0.5	3.99997	
2560	17.1459	3.71104	5.80749	4.42696e-07	-2.32423e-07	0.125	0.5	3.99997	
2576	17.5999	3.5097	5.93171	4.68083e-07	-1.7578e-07	0.125	0.5	3.99997	
2592	18.0752	3.36617	6.05594	4.86256e-07	-1.16428e-07	0.125	0.5	3.99997	
2608	18.5647	3.28263	6.18016	4.96935e-07	-5.52817e-08	0.125	0.5	3.99997	
2624	19.0608	3.2604	0.0211977	4.99955e-07	6.71666e-09	0.125	0.5	3.99997	
2640	19.5558	3.2998	0.145421	4.9527e-07	6.86115e-08	0.125	0.5	3.99997	
2656	20.0421	3.40023	0.269645	4.82952e-07	1.29449e-07	0.125	0.5	3.99997	
2672	20.5123	3.56014	0.393869	4.63192e-07	1.88291e-07	0.125	0.5	3.99997	
2688	20.959	3.77707	0.518092	4.36292e-07	2.44232e-07	0.125	0.5	3.99997	
2704	21.3753	4.04768	0.642316	4.02669e-07	2.96408e-07	0.125	0.5	3.99997	
2720	21.755	4.36779	0.766539	3.6284e-07	3.44017e-07	0.125	0.5	3.99997	
2736	22.092	4.73247	0.890763	3.17418e-07	3.86323e-07	0.125	0.5	3.99997	
2752	22.3812	5.1361	1.01499	2.67105e-07	4.22676e-07	0.125	0.5	3.99997	
2768	22.6183	5.57246	1.13921	2.12676e-07	4.52514e-07	0.125	0.5	3.99997	
2784	22.7994	6.03483	1.26343	1.54968e-07	4.75379e-07	0.125	0.5	3.99997	
2800	22.9218	6.51607	1.38766	9.48728e-08	4.90917e-07	0.125	0.5	3.99997	
2816	22.9837	7.00878	1.51188	3.3315e-08	4.98889e-07	0.125	0.5	3.99997	
2832	22.984	7.50536	1.6361	-2.87562e-08	4.99172e-07	0.125	0.5	3.99997	
2848	22.9228	7.99815	1.76033	-9.03843e-08	4.91763e-07	0.125	0.5	3.99997	
2864	22.8011	8.47956	1.88455	-1.50619e-07	4.76774e-07	0.125	0.5	3.99997	
2880	22.6206	8.94218	2.00878	-2.08533e-07	4.54438e-07	0.125	0.5	3.99997	
2896	22.3842	9.37886	2.133	-2.63233e-07	4.25098e-07	0.125	0.5	3.99997	
2912	22.0955	9.78289	2.25722	-3.13876e-07	3.89207e-07	0.125	0.5	3.99997	
2928	21.7589	10.148	2.38145	-3.59682e-07	3.47317e-07	0.125	0.5	3.99997	
2944	21.3797	10.4687	2.50567	-3.99944e-07	3.00074e-07	0.125	0.5	3.99997	
2960	20.9637	10.7398	2.62989	-4.34043e-07	2.48207e-07	0.125	0.5	3.99997	
2976	20.5173	10.9574	2.75412	-4.61452e-07	1.92515e-07	0.125	0.5	3.99997	
2992	20.0474	11.1179	2.87834	-4.8175e-07	1.33855e-07	0.125	0.5	3.99997	
3008	19.5613	11.219	3.00256	-4.94623e-07	7.31329e-08	0.125	0.5	3.99997	
3024	19.0663	11.2591	3.12679	-4.99873e-07	1.12835e-08	0.125	0.5	3.99997	
3040	18.5702	11.2376	3.25101	-4.97419e-07	-5.07399e-08	0.125	0.5	3.99997	
3056	18.0806	11.1547	3.37523	-4.87299e-07	-1.11981e-07	0.125	0.5	3.99997	
3072	17.605	11.0118	3.49946	-4.69669e-07	-1.71497e-07	0.125	0.5	3.99997	
3088	17.1508	10.8111	3.62368	-4.448e-07	-2.28369e-07	0.125	0.5	3.99997	
3104	16.725	10.5557	3.74791	-4.13077e-07	-2.81722e-07	0.125	0.5	3.99997	
3120	16.3341	10.2494	3.87213	-3.74987e-07	-3.30733e-07	0.125	0.5	3.99997	
3136	15.9841	9.8971	3.99635	-3.31118e-07	-3.74647e-07	0.125	0.5	3.99997	
3152	15.6805	9.50415	4.12058	-2.82146e-07	-4.12787e-07	0.125	0.5	3.99997	
3168	15.4279	9.0766	4.2448	-2.28826e-07	-4.44566e-07	0.125	0.5	3.99997	
3184	15.2303	8.62105	4.36902	-1.71979e-07	-4.69492e-07	0.125	0.5	3.99997	
3200	15.0906	8.14453	4.49325	-1.12482e-07	-4.87184e-07	0.125	0.5	3.99997	
3216	15.0111	7.65436	4.61747	-5.12508e-08	-4.97366e-07	0.125	0.5	3.99997	
3232	14.9928	7.15812	4.74169	1.077e-08	-4.99884e-07	0.125	0.5	3.99997	
3248	15.0363	6.66345	4.86592	7.26248e-08	-4.94698e-07	0.125	0.5	3.99997	
3264	15.1406	6.17796	4.99014	1.3336e-07	-4.81887e-07	0.125	0.5	3.99997	
3280	15.3043	5.70915	5.11437	1.92041e-07	-4.6165e-07	0.125	0.5	3.99997	
3296	15.5249	5.26424	5.23859	2.47761e-07	-4.34298e-07	0.125	0.5	3.99997	
3312	15.7989	4.85008	5.36281	2.99663e-07	-4.00252e-07	0.125	0.5	3.99997	
3328	16.122	4.47306	5.48704	3.46947e-07	-3.60038e-07	0.125	0.5	3.99997	
3344	16.4894	4.13899	5.61126	3.88884e-07	-3.14276e-07	0.125	0.5	3.99997	
3360	16.8954	3.85302	5.73548	4.24827e-07	-2.6367e-07	0.125	0.5	3.99997	
3376	17.3337	3.61955	5.85971	4.54224e-07	-2.09e-07	0.125	0.5	3.99997	
3392	17.7975	3.44218	5.98393	4.76619e-07	-1.51109e-07	0.125	0.5	3.99997	
3408	18.2797	3.32365	6.10815	4.9167e-07	-9.08894e-08	0.125	0.5	3.99997	
3424	18.7729	3.26578	6.23238	4.99143e-07	-2.9269e-08	0.125	0.5	3.99997	
3440	19.2695	3.26946	0.0734161	4.98923e-07	3.28025e-08	0.125	0.5	3.99997	
3456	19.7618	3.33465	0.19764	4.91014e-07	9.43684e-08	0.125	0.5	3.99997	
3472	20.2422	3.46032	0.321863	4.75538e-07	1.5448e-07	0.125	0.5	3.99997	
3488	20.7033	3.64456	0.446087	4.52732e-07	2.12211e-07	0.125	0.5	3.99997	
3504	21.1381	3.88451	0.570311	4.2295e-07	2.66671e-07	0.125	0.5	3.99997	
3520	21.5397	4.17648	0.694534	3.86649e-07	3.17021e-07	0.125	0.5	3.99997	
3536	21.9021	4.51596	0.818758	3.44389e-07	3.62486e-07	0.125	0.5	3.99997	
3552	22.2197	4.89774	0.942981	2.96822e-07	4.02364e-07	0.125	0.5	3.99997	
3568	22.4875	5.31592	1.0672	2.4468e-07	4.36041e-07	0.125	0.5	3.99997	
3584	22.7014	5.76406	1.19143	1.88767e-07	4.62998e-07	0.125	0.5	3.99997	
3600	22.8581	6.23525	1.31565	1.29945e-07	4.82819e-07	0.125	0.5	3.99997	
3616	22.9553	6.72223	1.43988	6.91202e-08	4.95199e-07	0.125	0.5	3.99997	
3632	22.9913	7.21749	1.5641	7.23023e-09	4.99948e-07	0.125	0.5	3.99997	
3648	22.9658	7.71341	1.68832	-5.47712e-08	4.96991e-07	0.125	0.5	3.99997	
3664	22.8789	8.20233	1.81255	-1.15928e-07	4.86375e-07	0.125	0.5	3.99997	
3680	22.7322	8.67673	1.93677	-1.75299e-07	4.68263e-07	0.125	0.5	3.99997	
3696	22.5278	9.1293	2.06099	-2.31968e-07	4.42934e-07	0.125	0.5	3.99997	
3712	22.2689	9.55305	2.18522	-2.85062e-07	4.10779e-07	0.125	0.5	3.99997	
3728	21.9595	9.94146	2.30944	-3.33763e-07	3.72293e-07	0.125	0.5	3.99997	
3744	21.6044	10.2885	2.43366	-3.7732e-07	3.2807e-07	0.125	0.5	3.99997	
3760	21.209	10.5889	2.55789	-4.15061e-07	2.7879e-07	0.125	0.5	3.99997	
3776	20.7794	10.838	2.68211	-4.46406e-07	2.25214e-07	0.125	0.5	3.99997	
3792	20.3223	11.032	2.80634	-4.70871e-07	1.68167e-07	0.125	0.5	3.99997	
3808	19.8446	11.1678	2.93056	-4.8808e-07	1.08528e-07	0.125	0.5	3.99997	
3824	19.3538	11.2434	3.05478	-4.97766e-07	4.72166e-08	0.125	0.5	3.99997	
3840	18.8575	11.2576	3.17901	-4.9978e-07	-1.48226e-08	0.125	0.5	3.99997	
3856	18.3632	11.2101	3.30323	-4.94092e-07	-7.66333e-08	0.125	0.5	3.99997	
3872	17.8785	11.1018	3.42745	-4.8079e-07	-1.37263e-07	0.125	0.5	3.99997	
3888	17.4111	10.9343	3.55168	-4.60077e-07	-1.95777e-07	0.125	0.5	3.99997	
3904	16.968	10.7102	3.6759	-4.32275e-07	-2.51274e-07	0.125	0.5	3.99997	
3920	16.556	10.4329	3.80012	-3.9781e-07	-3.02899e-07	0.125	0.5	3.99997	
3936	16.1816	10.1066	3.92435	-3.57214e-07	-3.49855e-07	0.125	0.5	3.99997	
3952	15.8506	9.73654	4.04857	-3.11112e-07	-3.91419e-07	0.125	0.5	3.99997	
3968	15.5679	9.32827	4.1728	-2.60216e-07	-4.26951e-07	0.125	0.5	3.99997	
3984	15.338	8.88812	4.29702	-2.0531e-07	-4.55903e-07	0.125	0.5	3.99997	
4000	15.1644	8.42288	4.42124	-1.4724e-07	-4.77829e-07	0.125	0.5	3.99997	
4016	15.0498	7.93971	4.54547	-8.69e-08	-4.9239e-07	0.125	0.5	3.99997	
4032	14.9959	7.44607	4.66969	-2.52211e-08	-4.99363e-07	0.125	0.5	3.99997	
4048	15.0036	6.94955	4.79391	3.68466e-08	-4.9864e-07	0.125	0.5	3.99997	
4064	15.0728	6.45781	4.91814	9.83464e-08	-4.90233e-07	0.125	0.5	3.99997	
4080	15.2023	5.97844	5.04236	1.58331e-07	-4.74269e-07	0.125	0.5	3.99997	
4096	15.3903	5.51881	5.16658	2.15874e-07	-4.50997e-07	0.125	0.5	3.99997	
4112	15.6338	5.08602	5.29081	2.70091e-07	-4.20774e-07	0.125	0.5	3.99997	
4128	15.929	4.68672	5.41503	3.20146e-07	-3.84066e-07	0.125	0.5	3.99997	
4144	16.2714	4.32709	5.53925	3.65266e-07	-3.41439e-07	0.125	0.5	3.99997	
4160	16.6557	4.01265	5.66348	4.04757e-07	-2.9355e-07	0.125	0.5	3.99997	
4176	17.0761	3.74825	5.7877	4.38011e-07	-2.41136e-07	0.125	0.5	3.99997	
4192	17.5259	3.53797	5.91193	4.64513e-07	-1.85007e-07	0.125	0.5	3.99997	
4208	17.9984	3.38506	6.03615	4.83857e-07	-1.26026e-07	0.125	0.5	3.99997	
4224	18.4861	3.29186	6.16037	4.95743e-07	-6.51029e-08	0.125	0.5	3.99997	
4240	18.9817	3.25981	0.00141094	4.9999e-07	-3.1765e-09	0.125	0.5	3.99997	
4256	19.4774	3.28941	0.125635	4.96531e-07	5.87989e-08	0.125	0.5	3.99997	
4272	19.9656	3.3802	0.249858	4.85419e-07	1.19868e-07	0.125	0.5	3.99997	
4288	20.4388	3.53078	0.374082	4.66826e-07	1.7909e-07	0.125	0.5	3.99997	
4304	20.8897	3.73883	0.498305	4.41039e-07	2.35552e-07	0.125	0.5	3.99997	
4320	21.3113	4.00114	0.622529	4.08455e-07	2.88383e-07	0.125	0.5	3.99997	
4336	21.6972	4.31368	0.746753	3.69575e-07	3.3677e-07	0.125	0.5	3.99997	
4352	22.0414	4.67162	0.870976	3.25e-07	3.79967e-07	0.125	0.5	3.99997	
4368	22.3386	5.06945	0.9952	2.75416e-07	4.17308e-07	0.125	0.5	3.99997	
4384	22.5842	5.50104	1.11942	2.21587e-07	4.48218e-07	0.125	0.5	3.99997	
4400	22.7744	5.95973	1.24365	1.64344e-07	4.72219e-07	0.125	0.5	3.99997	
4416	22.9063	6.43846	1.36787	1.04567e-07	4.88943e-07	0.125	0.5	3.99997	
4432	22.9779	6.92984	1.49209	4.31792e-08	4.98132e-07	0.125	0.5	3.99997	
4448	22.9881	7.42632	1.61632	-1.88742e-08	4.99644e-07	0.125	0.5	3.99997	
4464	22.9367	7.92022	1.74054	-8.06368e-08	4.93455e-07	0.125	0.5	3.99997	
4480	22.8244	8.40395	1.86476	-1.41157e-07	4.79661e-07	0.125	0.5	3.99997	
4496	22.6531	8.87004	1.98899	-1.99501e-07	4.58475e-07	0.125	0.5	3.99997	
4512	22.4254	9.31132	2.11321	-2.54771e-07	4.30223e-07	0.125	0.5	3.99997	
4528	22.1448	9.72098	2.23744	-3.06114e-07	3.95341e-07	0.125	0.5	3.99997	
4544	21.8155	10.0927	2.36166	-3.5274e-07	3.54365e-07	0.125	0.5	3.99997	
4560	21.4427	10.4208	2.48588	-3.93929e-07	3.07929e-07	0.125	0.5	3.99997	
4576	21.0322	10.7001	2.61011	-4.29047e-07	2.56746e-07	0.125	0.5	3.99997	
4592	20.5902	10.9265	2.73433	-4.57553e-07	2.01607e-07	0.125	0.5	3.99997	
4608	20.1236	11.0963	2.85855	-4.79007e-07	1.43361e-07	0.125	0.5	3.99997	
4624	19.6395	11.207	2.98278	-4.93079e-07	8.2905e-08	0.125	0.5	3.99997	
4640	19.1454	11.2569	3.107	-4.99552e-07	2.11715e-08	0.125	0.5	3.99997	
4656	18.649	11.2451	3.23122	-4.98325e-07	-4.08883e-08	0.125	0.5	3.99997	
4672	18.1578	11.172	3.35545	-4.89419e-07	-1.02318e-07	0.125	0.5	3.99997	
4688	17.6795	11.0385	3.47967	-4.7297e-07	-1.62171e-07	0.125	0.5	3.99997	
4704	17.2214	10.8468	3.6039	-4.49232e-07	-2.19524e-07	0.125	0.5	3.99997	
4720	16.7906	10.5999	3.72812	-4.1857e-07	-2.73494e-07	0.125	0.5	3.99997	
4736	16.3937	10.3014	3.85234	-3.81458e-07	-3.23249e-07	0.125	0.5	3.99997	
4752	16.0369	9.95609	3.97657	-3.38466e-07	-3.68023e-07	0.125	0.5	3.99997	
4768	15.7256	9.56922	4.10079	-2.90258e-07	-4.07124e-07	0.125	0.5	3.99997	
4784	15.4646	9.14675	4.22501	-2.37577e-07	-4.39951e-07	0.125	0.5	3.99997	
4800	15.258	8.6952	4.34924	-1.81235e-07	-4.65998e-07	0.125	0.5	3.99997	
4816	15.1089	8.22153	4.47346	-1.22099e-07	-4.84863e-07	0.125	0.5	3.99997	
4832	15.0196	7.73304	4.59768	-6.10814e-08	-4.96255e-07	0.125	0.5	3.99997	
4848	14.9916	7.23726	4.72191	8.77437e-10	-4.99999e-07	0.125	0.5	3.99997	
4864	15.0252	6.74182	4.84613	6.28228e-08	-4.96038e-07	0.125	0.5	3.99997	
4880	15.12	6.25437	4.97036	1.238e-07	-4.84431e-07	0.125	0.5	3.99997	
4896	15.2744	5.78241	5.09458	1.82869e-07	-4.65359e-07	0.125	0.5	3.99997	
4912	15.4861	5.33322	5.2188	2.3912e-07	-4.39115e-07	0.125	0.5	3.99997	
4928	15.7518	4.91372	5.34303	2.91685e-07	-4.06103e-07	0.125	0.5	3.99997	
4944	16.0675	4.53038	5.46725	3.39756e-07	-3.66832e-07	0.125	0.5	3.99997	
4960	16.4282	4.18911	5.59147	3.8259e-07	-3.21909e-07	0.125	0.5	3.99997	
4976	16.8284	3.89516	5.7157	4.19527e-07	-2.72023e-07	0.125	0.5	3.99997	
4992	17.262	3.65306	5.83992	4.5e-07	-2.17946e-07	0.125	0.5	3.99997	
5008	17.7222	3.46655	5.96414	4.73536e-07	-1.6051e-07	0.125	0.5	3.99997	
5024	18.202	3.3385	6.08837	4.89775e-07	-1.006e-07	0.125	0.5	3.99997	
5040	18.6939	3.27088	6.21259	4.98466e-07	-3.9139e-08	0.125	0.5	3.99997	
5056	19.1905	3.26474	0.0536294	4.99474e-07	2.29247e-08	0.125	0.5	3.99997	
5072	19.6839	3.32018	0.177853	4.92785e-07	8.4635e-08	0.125	0.5	3.99997	
5088	20.1667	3.43632	0.302077	4.78501e-07	1.45041e-07	0.125	0.5	3.99997	
5104	20.6314	3.6114	0.4263	4.56842e-07	2.03212e-07	0.125	0.5	3.99997	
5120	21.0709	3.8427	0.550524	4.28143e-07	2.58251e-07	0.125	0.5	3.99997	
5136	21.4782	4.12666	0.674747	3.92846e-07	3.09309e-07	0.125	0.5	3.99997	
5152	21.8473	4.45891	0.798971	3.51494e-07	3.55601e-07	0.125	0.5	3.99997	
5168	22.1723	4.83433	0.923195	3.04725e-07	3.96413e-07	0.125	0.5	3.99997	
5184	22.4483	5.24713	1.04742	2.53259e-07	4.31115e-07	0.125	0.5	3.99997	
5200	22.6711	5.69095	1.17164	1.97891e-07	4.59172e-07	0.125	0.5	3.99997	
5216	22.8371	6.15894	1.29587	1.39472e-07	4.80154e-07	0.125	0.5	3.99997	
5232	22.9439	6.64391	1.42009	7.89044e-08	4.93735e-07	0.125	0.5	3.99997	
5248	22.9897	7.13836	1.54431	1.71205e-08	4.99707e-07	0.125	0.5	3.99997	
5264	22.974	7.63469	1.66854	-4.49273e-08	4.97977e-07	0.125	0.5	3.99997	
5280	22.8968	8.12524	1.79276	-1.06283e-07	4.88573e-07	0.125	0.5	3.99997	
5296	22.7595	8.60245	1.91698	-1.66e-07	4.7164e-07	0.125	0.5	3.99997	
5312	22.5641	9.05897	2.04121	-2.23159e-07	4.47437e-07	0.125	0.5	3.99997	
5328	22.3137	9.48776	2.16543	-2.76879e-07	4.16339e-07	0.125	0.5	3.99997	
5344	22.012	9.88221	2.28965	-3.26331e-07	3.78824e-07	0.125	0.5	3.99997	
5360	21.6638	10.2362	2.41388	-3.70755e-07	3.35471e-07	0.125	0.5	3.99997	
5376	21.2744	10.5444	2.5381	-4.09464e-07	2.86948e-07	0.125	0.5	3.99997	
5392	20.8499	10.802	2.66233	-4.41863e-07	2.34002e-07	0.125	0.5	3.99997	
5408	20.3966	11.0049	2.78655	-4.67452e-07	1.7745e-07	0.125	0.5	3.99997	
5424	19.9218	11.1502	2.91077	-4.85837e-07	1.18164e-07	0.125	0.5	3.99997	
5440	19.4326	11.2354	3.035	-4.96734e-07	5.70559e-08	0.125	0.5	3.99997	
5456	18.9366	11.2594	3.15922	-4.99976e-07	-4.93131e-09	0.125	0.5	3.99997	
5472	18.4414	11.2218	3.28344	-4.95512e-07	-6.68425e-08	0.125	0.5	3.99997	
5488	17.9548	11.1231	3.40767	-4.83412e-07	-1.27723e-07	0.125	0.5	3.99997	
5504	17.4841	10.9649	3.53189	-4.63861e-07	-1.86636e-07	0.125	0.5	3.99997	
5520	17.0366	10.7495	3.65611	-4.37161e-07	-2.42672e-07	0.125	0.5	3.99997	
5536	16.6193	10.4804	3.78034	-4.03725e-07	-2.94968e-07	0.125	0.5	3.99997	
5552	16.2385	10.1617	3.90456	-3.64066e-07	-3.42719e-07	0.125	0.5	3.99997	
5568	15.9002	9.7982	4.02878	-3.18796e-07	-3.85187e-07	0.125	0.5	3.99997	
5584	15.6095	9.3956	4.15301	-2.68613e-07	-4.21719e-07	0.125	0.5	3.99997	
5600	15.3709	8.96009	4.27723	-2.1429e-07	-4.51752e-07	0.125	0.5	3.99997	
5616	15.1881	8.49837	4.40146	-1.56665e-07	-4.74822e-07	0.125	0.5	3.99997	
5632	15.064	8.01757	4.52568	-9.66252e-08	-4.90575e-07	0.125	0.5	3.99997	
5648	15.0004	7.52509	4.6499	-3.50963e-08	-4.98767e-07	0.125	0.5	3.99997	
5664	14.9982	7.02851	4.77413	2.69735e-08	-4.99272e-07	0.125	0.5	3.99997	
5680	15.0577	6.53551	4.89835	8.86277e-08	-4.92082e-07	0.125	0.5	3.99997	
5696	15.1777	6.05366	5.02257	1.48916e-07	-4.77309e-07	0.125	0.5	3.99997	
5712	15.3566	5.59041	5.1468	2.06909e-07	-4.5518e-07	0.125	0.5	3.99997	
5728	15.5914	5.15288	5.27102	2.61713e-07	-4.26035e-07	0.125	0.5	3.99997	
5744	15.8787	4.74782	5.39524	3.12484e-07	-3.90325e-07	0.125	0.5	3.99997	
5760	16.2139	4.38148	5.51947	3.58439e-07	-3.48599e-07	0.125	0.5	3.99997	
5776	16.592	4.0595	5.64369	3.9887e-07	-3.01501e-07	0.125	0.5	3.99997	
5792	17.007	3.78684	5.76792	4.33154e-07	-2.49755e-07	0.125	0.5	3.99997	
5808	17.4526	3.5677	5.89214	4.60762e-07	-1.94161e-07	0.125	0.5	3.99997	
5824	17.9219	3.40547	6.01636	4.81269e-07	-1.35575e-07	0.125	0.5	3.99997	
5840	18.4077	3.30263	6.14059	4.94358e-07	-7.48987e-08	0.125	0.5	3.99997	
5856	18.9025	3.26079	6.26481	4.99829e-07	-1.30684e-08	0.125	0.5	3.99997	
5872	19.3987	3.28057	0.105848	4.97597e-07	4.89633e-08	0.125	0.5	3.99997	
5888	19.8886	3.36168	0.230071	4.87696e-07	1.1024e-07	0.125	0.5	3.99997	
5904	20.3647	3.50287	0.354295	4.70278e-07	1.69819e-07	0.125	0.5	3.99997	
5920	20.8196	3.70196	0.478519	4.45613e-07	2.26779e-07	0.125	0.5	3.99997	
5936	21.2464	3.95588	0.602742	4.1408e-07	2.80245e-07	0.125	0.5	3.99997	
5952	21.6384	4.26072	0.726966	3.76166e-07	3.29392e-07	0.125	0.5	3.99997	
5968	21.9896	4.61178	0.851189	3.32454e-07	3.73463e-07	0.125	0.5	3.99997	
5984	22.2946	5.00366	0.975413	2.83619e-07	4.11777e-07	0.125	0.5	3.99997	
6000	22.5487	5.4303	1.09964	2.30412e-07	4.43746e-07	0.125	0.5	3.99997	
6016	22.7479	5.88514	1.22386	1.73655e-07	4.68875e-07	0.125	0.5	3.99997	
6032	22.8893	6.36116	1.34808	1.14221e-07	4.86779e-07	0.125	0.5	3.99997	
6048	22.9706	6.85104	1.47231	5.30265e-08	4.9718e-07	0.125	0.5	3.99997	
6064	22.9906	7.34721	1.59653	-8.98487e-09	4.99919e-07	0.125	0.5	3.99997	
6080	22.949	7.84204	1.72075	-7.08578e-08	4.94954e-07	0.125	0.5	3.99997	
6096	22.8463	8.32789	1.84498	-1.31639e-07	4.8236e-07	0.125	0.5	3.99997	
6112	22.6843	8.79728	1.9692	-1.90391e-07	4.62332e-07	0.125	0.5	3.99997	
6128	22.4653	9.24298	2.09343	-2.46209e-07	4.3518e-07	0.125	0.5	3.99997	
6144	22.1928	9.65811	2.21765	-2.98232e-07	4.0132e-07	0.125	0.5	3.99997	
6160	21.871	10.0363	2.34187	-3.45659e-07	3.61275e-07	0.125	0.5	3.99997	
6176	21.5048	10.3717	2.4661	-3.87759e-07	3.15662e-07	0.125	0.5	3.99997	
6192	21.0999	10.6591	2.59032	-4.23883e-07	2.65185e-07	0.125	0.5	3.99997	
6208	20.6624	10.8941	2.71454	-4.53474e-07	2.1062e-07	0.125	0.5	3.99997	
6224	20.1993	11.0731	2.83877	-4.76077e-07	1.5281e-07	0.125	0.5	3.99997	
6240	19.7175	11.1934	2.96299	-4.91342e-07	9.26445e-08	0.125	0.5	3.99997	
6256	19.2245	11.253	3.08721	-4.99035e-07	3.10512e-08	0.125	0.5	3.99997	
6272	18.7279	11.2511	3.21144	-4.99037e-07	-3.10207e-08	0.125	0.5	3.99997	
6288	18.2354	11.1877	3.33566	-4.91348e-07	-9.26145e-08	0.125	0.5	3.99997	
6304	17.7545	11.0637	3.45989	-4.76086e-07	-1.52781e-07	0.125	0.5	3.99997	
6320	17.2927	10.8811	3.58411	-4.53487e-07	-2.10593e-07	0.125	0.5	3.99997	
6336	16.8571	10.6427	3.70833	-4.23899e-07	-2.65159e-07	0.125	0.5	3.99997	
6352	16.4544	10.3522	3.83256	-3.87779e-07	-3.15639e-07	0.125	0.5	3.99997	
6368	16.0908	10.014	3.95678	-3.45681e-07	-3.61254e-07	0.125	0.5	3.99997	
6384	15.7719	9.63338	4.081	-2.98257e-07	-4.01302e-07	0.125	0.5	3.99997	
6400	15.5026	9.21616	4.20523	-2.46235e-07	-4.35165e-07	0.125	0.5	3.99997	
6416	15.2871	8.76879	4.32945	-1.90419e-07	-4.62321e-07	0.125	0.5	3.99997	
6432	15.1287	8.29817	4.45367	-1.31668e-07	-4.82352e-07	0.125	0.5	3.99997	
6448	15.0298	7.81154	4.5779	-7.08881e-08	-4.94949e-07	0.125	0.5	3.99997	
6464	14.992	7.3164	4.70212	-9.01546e-09	-4.99919e-07	0.125	0.5	3.99997	
6480	15.0158	6.8204	4.82634	5.29961e-08	-4.97183e-07	0.125	0.5	3.99997	
6496	15.1008	6.33117	4.95057	1.14191e-07	-4.86786e-07	0.125	0.5	3.99997	
6512	15.2459	5.85624	5.07479	1.73626e-07	-4.68886e-07	0.125	0.5	3.99997	
6528	15.4487	5.40295	5.19902	2.30385e-07	-4.4376e-07	0.125	0.5	3.99997	
6544	15.706	4.97828	5.32324	2.83593e-07	-4.11795e-07	0.125	0.5	3.99997	
6560	16.014	4.58877	5.44746	3.32431e-07	-3.73483e-07	0.125	0.5	3.99997	
6576	16.3679	4.24043	5.57169	3.76146e-07	-3.29415e-07	0.125	0.5	3.99997	
6592	16.7623	3.93861	5.69591	4.14063e-07	-2.80271e-07	0.125	0.5	3.99997	
6608	17.191	3.68799	5.82013	4.45599e-07	-2.26807e-07	0.125	0.5	3.99997	
6624	17.6474	3.49241	5.94436	4.70268e-07	-1.69847e-07	0.125	0.5	3.99997	
6640	18.1246	3.35489	6.06858	4.87689e-07	-1.1027e-07	0.125	0.5	3.99997	
6656	18.6151	3.27755	6.1928	4.97594e-07	-4.89937e-08	0.125	0.5	3.99997	
6672	19.1114	3.26159	0.0338426	4.9983e-07	1.30378e-08	0.125	0.5	3.99997	
6688	19.6059	3.30725	0.158066	4.94363e-07	7.48685e-08	0.125	0.5	3.99997	
6704	20.0909	3.41382	0.28229	4.81277e-07	1.35545e-07	0.125	0.5	3.99997	
6720	20.5589	3.57966	0.406513	4.60774e-07	1.94133e-07	0.125	0.5	3.99997	
6736	21.0028	3.80223	0.530737	4.33169e-07	2.49729e-07	0.125	0.5	3.99997	
6752	21.4157	4.07808	0.654961	3.98889e-07	3.01476e-07	0.125	0.5	3.99997	
6768	21.7913	4.40296	0.779184	3.58461e-07	3.48577e-07	0.125	0.5	3.99997	
6784	22.1237	4.77187	0.903408	3.12508e-07	3.90306e-07	0.125	0.5	3.99997	
6800	22.4078	5.17913	1.02763	2.61739e-07	4.26019e-07	0.125	0.5	3.99997	
6816	22.6393	5.61846	1.15186	2.06937e-07	4.55167e-07	0.125	0.5	3.99997	
6832	22.8146	6.08307	1.27608	1.48945e-07	4.773e-07	0.125	0.5	3.99997	
6848	22.9309	6.56583	1.4003	8.86578e-08	4.92077e-07	0.125	0.5	3.99997	
6864	22.9865	7.05928	1.52453	2.70041e-08	4.9927e-07	0.125	0.5	3.99997	
6880	22.9806	7.55582	1.64875	-3.50658e-08	4.98769e-07	0.125	0.5	3.99997	
6896	22.9132	8.0478	1.77297	-9.65952e-08	4.90581e-07	0.125	0.5	3.99997	
6912	22.7853	8.52763	1.8972	-1.56636e-07	4.74832e-07	0.125	0.5	3.99997	
6928	22.599	8.98793	2.02142	-2.14263e-07	4.51765e-07	0.125	0.5	3.99997	
6944	22.3571	9.42159	2.14564	-2.68587e-07	4.21736e-07	0.125	0.5	3.99997	
6960	22.0633	9.82194	2.26987	-3.18772e-07	3.85207e-07	0.125	0.5	3.99997	
6976	21.7222	10.1828	2.39409	-3.64045e-07	3.42741e-07	0.125	0.5	3.99997	
6992	21.339	10.4986	2.51831	-4.03707e-07	2.94993e-07	0.125	0.5	3.99997	
7008	20.9196	10.7645	2.64254	-4.37147e-07	2.42699e-07	0.125	0.5	3.99997	
7024	20.4705	10.9764	2.76676	-4.6385e-07	1.86664e-07	0.125	0.5	3.99997	
7040	19.9986	11.131	2.89099	-4.83404e-07	1.27753e-07	0.125	0.5	3.99997	
7056	19.5112	11.2259	3.01521	-4.95508e-07	6.68728e-08	0.125	0.5	3.99997	
7072	19.0157	11.2597	3.13943	-4.99975e-07	4.96191e-09	0.125	0.5	3.99997	
7088	18.5199	11.2319	3.26366	-4.96737e-07	-5.70255e-08	0.125	0.5	3.99997	
7104	18.0314	11.1429	3.38788	-4.85844e-07	-1.18134e-07	0.125	0.5	3.99997	
7120	17.5577	10.994	3.5121	-4.67463e-07	-1.77422e-07	0.125	0.5	3.99997	
7136	17.106	10.7875	3.63633	-4.41877e-07	-2.33975e-07	0.125	0.5	3.99997	
7152	16.6835	10.5267	3.76055	-4.09482e-07	-2.86923e-07	0.125	0.5	3.99997	
7168	16.2965	10.2156	3.88477	-3.70775e-07	-3.35448e-07	0.125	0.5	3.99997	
7184	15.951	9.85887	4.009	-3.26355e-07	-3.78804e-07	0.125	0.5	3.99997	
7200	15.6524	9.4621	4.13322	-2.76904e-07	-4.16322e-07	0.125	0.5	3.99997	
7216	15.4053	9.03139	4.25745	-2.23186e-07	-4.47424e-07	0.125	0.5	3.99997	
7232	15.2134	8.57338	4.38167	-1.66029e-07	-4.7163e-07	0.125	0.5	3.99997	
7248	15.0797	8.09513	4.50589	-1.06313e-07	-4.88567e-07	0.125	0.5	3.99997	
7264	15.0064	7.604	4.63012	-4.49577e-08	-4.97975e-07	0.125	0.5	3.99997	
7280	14.9945	7.10757	4.75434	1.70899e-08	-4.99708e-07	0.125	0.5	3.99997	
7296	15.0441	6.61348	4.87856	7.88742e-08	-4.9374e-07	0.125	0.5	3.99997	
7312	15.1546	6.12936	5.00279	1.39443e-07	-4.80162e-07	0.125	0.5	3.99997	
7328	15.3243	5.66265	5.12701	1.97863e-07	-4.59184e-07	0.125	0.5	3.99997	
7344	15.5504	5.22056	5.25123	2.53233e-07	-4.3113e-07	0.125	0.5	3.99997	
7360	15.8296	4.8099	5.37546	3.047e-07	-3.96431e-07	0.125	0.5	3.99997	
7376	16.1575	4.437	5.49968	3.51472e-07	-3.55623e-07	0.125	0.5	3.99997	
7392	16.5291	4.1076	5.6239	3.92827e-07	-3.09333e-07	0.125	0.5	3.99997	
7408	16.9387	3.82678	5.74813	4.28127e-07	-2.58277e-07	0.125	0.5	3.99997	
7424	17.3798	3.59887	5.87235	4.5683e-07	-2.0324e-07	0.125	0.5	3.99997	
7440	17.8459	3.42738	5.99658	4.78492e-07	-1.4507e-07	0.125	0.5	3.99997	
7456	18.3295	3.31496	6.1208	4.9278e-07	-8.46652e-08	0.125	0.5	3.99997	
7472	18.8234	3.26333	6.24502	4.99473e-07	-2.29552e-08	0.125	0.5	3.99997	
7488	19.3199	3.2733	0.086061	4.98468e-07	3.91085e-08	0.125	0.5	3.99997	
7504	19.8113	3.3447	0.210285	4.89781e-07	1.0057e-07	0.125	0.5	3.99997	
7520	20.2901	3.47644	0.334508	4.73546e-07	1.60481e-07	0.125	0.5	3.99997	
7536	20.7489	3.66649	0.458732	4.50013e-07	2.17918e-07	0.125	0.5	3.99997	
7552	21.1806	3.91192	0.582955	4.19544e-07	2.71998e-07	0.125	0.5	3.99997	
7568	21.5785	4.20894	0.707179	3.82609e-07	3.21885e-07	0.125	0.5	3.99997	
7584	21.9366	4.55299	0.831403	3.39778e-07	3.66812e-07	0.125	0.5	3.99997	
7600	22.2493	4.93875	0.955626	2.9171e-07	4.06085e-07	0.125	0.5	3.99997	
7616	22.5118	5.36028	1.07985	2.39147e-07	4.391e-07	0.125	0.5	3.99997	
7632	22.72	5.81109	1.20407	1.82898e-07	4.65348e-07	0.125	0.5	3.99997	
7648	22.8708	6.28422	1.3283	1.2383e-07	4.84424e-07	0.125	0.5	3.99997	
7664	22.9618	6.77239	1.45252	6.28531e-08	4.96034e-07	0.125	0.5	3.99997	
7680	22.9916	7.26807	1.57674	9.0803e-10	4.99999e-07	0.125	0.5	3.99997	
7696	22.9597	7.76362	1.70097	-6.1051e-08	4.96259e-07	0.125	0.5	3.99997	
7712	22.8667	8.25141	1.82519	-1.22069e-07	4.8487e-07	0.125	0.5	3.99997	
7728	22.714	8.72392	1.94942	-1.81206e-07	4.66009e-07	0.125	0.5	3.99997	
7744	22.5039	9.17386	2.07364	-2.3755e-07	4.39966e-07	0.125	0.5	3.99997	
7760	22.2397	9.59431	2.19786	-2.90233e-07	4.07142e-07	0.125	0.5	3.99997	
7776	21.9254	9.97877	2.32209	-3.38444e-07	3.68043e-07	0.125	0.5	3.99997	
7792	21.5659	10.3213	2.44631	-3.81438e-07	3.23273e-07	0.125	0.5	3.99997	
7808	21.1667	10.6167	2.57053	-4.18553e-07	2.7352e-07	0.125	0.5	3.99997	
7824	20.734	10.8604	2.69476	-4.49218e-07	2.19551e-07	0.125	0.5	3.99997	
7840	20.2745	11.0485	2.81898	-4.7296e-07	1.622e-07	0.125	0.5	3.99997	
7856	19.7951	11.1783	2.9432	-4.89413e-07	1.02348e-07	0.125	0.5	3.99997	
7872	19.3034	11.2476	3.06743	-4.98323e-07	4.09188e-08	0.125	0.5	3.99997	
7888	18.8069	11.2556	3.19165	-4.99553e-07	-2.11409e-08	0.125	0.5	3.99997	
7904	18.3133	11.2019	3.31587	-4.93084e-07	-8.28748e-08	0.125	0.5	3.99997	
7920	17.83	11.0875	3.4401	-4.79016e-07	-1.43331e-07	0.125	0.5	3.99997	
7936	17.3647	10.914	3.56432	-4.57565e-07	-2.01579e-07	0.125	0.5	3.99997	
7952	16.9245	10.6843	3.68855	-4.29063e-07	-2.5672e-07	0.125	0.5	3.99997	
7968	16.5161	10.4018	3.81277	-3.93948e-07	-3.07905e-07	0.125	0.5	3.99997	
7984	16.1459	10.0709	3.93699	-3.52761e-07	-3.54344e-07	0.125	0.5	3.99997	
8000	15.8195	9.69662	4.06122	-3.06138e-07	-3.95322e-07	0.125	0.5	3.99997	
8016	15.542	9.28481	4.18544	-2.54797e-07	-4.30207e-07	0.125	0.5	3.99997	
8032	15.3177	8.84179	4.30966	-1.99529e-07	-4.58463e-07	0.125	0.5	3.99997	
8048	15.15	8.37439	4.43389	-1.41186e-07	-4.79652e-07	0.125	0.5	3.99997	
8064	15.0415	7.88981	4.55811	-8.0667e-08	-4.9345e-07	0.125	0.5	3.99997	
8080	14.9939	7.39553	4.68233	-1.89048e-08	-4.99642e-07	0.125	0.5	3.99997	
8096	15.0078	6.89915	4.80656	4.31487e-08	-4.98135e-07	0.125	0.5	3.99997	
8112	15.0832	6.40833	4.93078	1.04537e-07	-4.8895e-07	0.125	0.5	3.99997	
8128	15.2189	5.93063	5.05501	1.64315e-07	-4.72229e-07	0.125	0.5	3.99997	
8144	15.4126	5.47342	5.17923	2.2156e-07	-4.48231e-07	0.125	0.5	3.99997	
8160	15.6615	5.04373	5.30345	2.7539e-07	-4.17325e-07	0.125	0.5	3.99997	
8176	15.9618	4.64821	5.42768	3.24977e-07	-3.79987e-07	0.125	0.5	3.99997	
8192	16.3087	4.29293	5.5519	3.69554e-07	-3.36793e-07	0.125	0.5	3.99997	
8208	16.697	3.98337	5.67612	4.08437e-07	-2.88408e-07	0.125	0.5	3.99997	
8224	17.1206	3.72431	5.80035	4.41025e-07	-2.35579e-07	0.125	0.5	3.99997	
8240	17.5731	3.51974	5.92457	4.66815e-07	-1.79119e-07	0.125	0.5	3.99997	
8256	18.0475	3.37281	6.04879	4.85412e-07	-1.19898e-07	0.125	0.5	3.99997	
8272	18.5364	3.28578	6.17302	4.96527e-07	-5.88293e-08	0.125	0.5	3.99997	
8288	19.0323	3.26	0.0140558	4.9999e-07	3.14591e-09	0.125	0.5	3.99997	
8304	19.5275	3.29587	0.138279	4.95747e-07	6.50726e-08	0.125	0.5	3.99997	
8320	20.0146	3.39282	0.262503	4.83865e-07	1.25996e-07	0.125	0.5	3.99997	
8336	20.4858	3.54937	0.386727	4.64524e-07	1.84978e-07	0.125	0.5	3.99997	
8352	20.934	3.76311	0.51095	4.38025e-07	2.4111e-07	0.125	0.5	3.99997	
8368	21.3523	4.03074	0.635174	4.04775e-07	2.93525e-07	0.125	0.5	3.99997	
8384	21.7342	4.34813	0.759397	3.65287e-07	3.41417e-07	0.125	0.5	3.99997	
8400	22.0739	4.71039	0.883621	3.20169e-07	3.84046e-07	0.125	0.5	3.99997	
8416	22.366	5.11195	1.00784	2.70117e-07	4.20757e-07	0.125	0.5	3.99997	
8432	22.6061	5.5466	1.13207	2.15902e-07	4.50984e-07	0.125	0.5	3.99997	
8448	22.7905	6.00766	1.25629	1.5836e-07	4.7426e-07	0.125	0.5	3.99997	
8464	22.9164	6.48802	1.38052	9.83764e-08	4.90227e-07	0.125	0.5	3.99997	
8480	22.9818	6.98028	1.50474	3.68771e-08	4.98638e-07	0.125	0.5	3.99997	
8496	22.9857	7.47684	1.62896	-2.51905e-08	4.99365e-07	0.125	0.5	3.99997	
8512	22.928	7.97005	1.75319	-8.68699e-08	4.92396e-07	0.125	0.5	3.99997	
8528	22.8097	8.45232	1.87741	-1.4721e-07	4.77838e-07	0.125	0.5	3.99997	
8544	22.6325	8.91622	2.00163	-2.05282e-07	4.55916e-07	0.125	0.5	3.99997	
8560	22.3992	9.35458	2.12586	-2.6019e-07	4.26967e-07	0.125	0.5	3.99997	
8576	22.1134	9.76066	2.25008	-3.11088e-07	3.91438e-07	0.125	0.5	3.99997	
8592	21.7795	10.1282	2.3743	-3.57192e-07	3.49877e-07	0.125	0.5	3.99997	
8608	21.4026	10.4515	2.49853	-3.97791e-07	3.02923e-07	0.125	0.5	3.99997	
8624	20.9885	10.7257	2.62275	-4.32259e-07	2.51301e-07	0.125	0.5	3.99997	
8640	20.5437	10.9464	2.74698	-4.60065e-07	1.95805e-07	0.125	0.5	3.99997	
8656	20.075	11.1103	2.8712	-4.80781e-07	1.37292e-07	0.125	0.5	3.99997	
8672	19.5895	11.2149	2.99542	-4.94088e-07	7.66636e-08	0.125	0.5	3.99997	
8688	19.0949	11.2585	3.11965	-4.99779e-07	1.48532e-08	0.125	0.5	3.99997	
8704	18.5986	11.2405	3.24387	-4.97768e-07	-4.71861e-08	0.125	0.5	3.99997	
8720	18.1084	11.1611	3.36809	-4.88086e-07	-1.08498e-07	0.125	0.5	3.99997	
8736	17.6318	11.0216	3.49232	-4.70882e-07	-1.68138e-07	0.125	0.5	3.99997	
8752	17.1762	10.8242	3.61654	-4.4642e-07	-2.25187e-07	0.125	0.5	3.99997	
8768	16.7486	10.5718	3.74076	-4.15078e-07	-2.78765e-07	0.125	0.5	3.99997	
8784	16.3555	10.2683	3.86499	-3.7734e-07	-3.28047e-07	0.125	0.5	3.99997	
8800	16.003	9.91852	3.98921	-3.33786e-07	-3.72273e-07	0.125	0.5	3.99997	
8816	15.6966	9.52774	4.11343	-2.85087e-07	-4.10762e-07	0.125	0.5	3.99997	
8832	15.441	9.102	4.23766	-2.31995e-07	-4.4292e-07	0.125	0.5	3.99997	
8848	15.2401	8.64788	4.36188	-1.75328e-07	-4.68252e-07	0.125	0.5	3.99997	
8864	15.097	8.17236	4.48611	-1.15958e-07	-4.86368e-07	0.125	0.5	3.99997	
8880	15.014	7.68278	4.61033	-5.48016e-08	-4.96988e-07	0.125	0.5	3.99997	
8896	14.9922	7.18668	4.73455	7.19963e-09	-4.99948e-07	0.125	0.5	3.99997	
8912	15.0321	6.69171	4.85878	6.90899e-08	-4.95204e-07	0.125	0.5	3.99997	
8928	15.133	6.20549	4.983	1.29915e-07	-4.82827e-07	0.125	0.5	3.99997	
8944	15.2934	5.73553	5.10722	1.88739e-07	-4.63009e-07	0.125	0.5	3.99997	
8960	15.5107	5.28905	5.23145	2.44653e-07	-4.36056e-07	0.125	0.5	3.99997	
8976	15.7817	4.87294	5.35567	2.96797e-07	-4.02382e-07	0.125	0.5	3.99997	
8992	16.1022	4.49363	5.47989	3.44367e-07	-3.62507e-07	0.125	0.5	3.99997	
9008	16.4672	4.15694	5.60412	3.8663e-07	-3.17045e-07	0.125	0.5	3.99997	
9024	16.8711	3.86807	5.72834	4.22934e-07	-2.66697e-07	0.125	0.5	3.99997	
9040	17.3077	3.63148	5.85257	4.52719e-07	-2.12238e-07	0.125	0.5	3.99997	
9056	17.7703	3.4508	5.97679	4.75528e-07	-1.54509e-07	0.125	0.5	3.99997	
9072	18.2516	3.32883	6.10101	4.91008e-07	-9.43985e-08	0.125	0.5	3.99997	
9088	18.7444	3.26744	6.22524	4.98921e-07	-3.2833e-08	0.125	0.5	3.99997	
9104	19.241	3.26758	0.0662742	4.99144e-07	2.92384e-08	0.125	0.5	3.99997	
9120	19.7337	3.32925	0.190498	4.91675e-07	9.08593e-08	0.125	0.5	3.99997	
9136	20.215	3.45149	0.314721	4.76629e-07	1.5108e-07	0.125	0.5	3.99997	
9152	20.6774	3.63242	0.438945	4.54236e-07	2.08972e-07	0.125	0.5	3.99997	
9168	21.1139	3.86926	0.563169	4.24844e-07	2.63644e-07	0.125	0.5	3.99997	
9184	21.5176	4.15836	0.687392	3.88903e-07	3.14252e-07	0.125	0.5	3.99997	
9200	21.8825	4.49525	0.811616	3.46969e-07	3.60017e-07	0.125	0.5	3.99997	
9216	22.2027	4.87475	0.935839	2.99688e-07	4.00234e-07	0.125	0.5	3.99997	
9232	22.4735	5.291	1.06006	2.47788e-07	4.34282e-07	0.125	0.5	3.99997	
9248	22.6906	5.7376	1.18429	1.92069e-07	4.61638e-07	0.125	0.5	3.99997	
9264	22.8507	6.20766	1.30851	1.3339e-07	4.81879e-07	0.125	0.5	3.99997	
9280	22.9513	6.69393	1.43273	7.26551e-08	4.94693e-07	0.125	0.5	3.99997	
9296	22.9909	7.18893	1.55696	1.08006e-08	4.99883e-07	0.125	0.5	3.99997	
9312	22.9689	7.68501	1.68118	-5.12204e-08	4.9737e-07	0.125	0.5	3.99997	
9328	22.8856	8.17455	1.8054	-1.12452e-07	4.8719e-07	0.125	0.5	3.99997	
9344	22.7422	8.64998	1.92963	-1.7195e-07	4.69503e-07	0.125	0.5	3.99997	
9360	22.5411	9.10399	2.05385	-2.28799e-07	4.4458e-07	0.125	0.5	3.99997	
9376	22.2852	9.52958	2.17808	-2.82121e-07	4.12805e-07	0.125	0.5	3.99997	
9392	21.9786	9.92019	2.3023	-3.31095e-07	3.74668e-07	0.125	0.5	3.99997	
9408	21.626	10.2698	2.42652	-3.74967e-07	3.30756e-07	0.125	0.5	3.99997	
9424	21.2327	10.573	2.55075	-4.1306e-07	2.81747e-07	0.125	0.5	3.99997	
9440	20.8049	10.8252	2.67497	-4.44787e-07	2.28396e-07	0.125	0.5	3.99997	
9456	20.3492	11.0224	2.79919	-4.69658e-07	1.71526e-07	0.125	0.5	3.99997	
9472	19.8725	11.1616	2.92342	-4.87292e-07	1.12011e-07	0.125	0.5	3.99997	
9488	19.3823	11.2407	3.04764	-4.97416e-07	5.07703e-08	0.125	0.5	3.99997	
9504	18.886	11.2584	3.17186	-4.99873e-07	-1.12529e-08	0.125	0.5	3.99997	
9520	18.3914	11.2145	3.29609	-4.94627e-07	-7.31027e-08	0.125	0.5	3.99997	
9536	17.906	11.1097	3.42031	-4.81758e-07	-1.33826e-07	0.125	0.5	3.99997	
9552	17.4373	10.9455	3.54454	-4.61464e-07	-1.92486e-07	0.125	0.5	3.99997	
9568	16.9926	10.7245	3.66876	-4.34058e-07	-2.48181e-07	0.125	0.5	3.99997	
9584	16.5788	10.4502	3.79298	-3.99963e-07	-3.0005e-07	0.125	0.5	3.99997	
9600	16.202	10.1266	3.91721	-3.59703e-07	-3.47295e-07	0.125	0.5	3.99997	
9616	15.8683	9.75891	4.04143	-3.139e-07	-3.89187e-07	0.125	0.5	3.99997	
9632	15.5827	9.35267	4.16565	-2.63259e-07	-4.25082e-07	0.125	0.5	3.99997	
9648	15.3497	8.91417	4.28988	-2.08561e-07	-4.54425e-07	0.125	0.5	3.99997	
9664	15.1728	8.45018	4.4141	-1.50649e-07	-4.76765e-07	0.125	0.5	3.99997	
9680	15.0547	7.96785	4.53832	-9.04144e-08	-4.91757e-07	0.125	0.5	3.99997	
9696	14.9973	7.4746	4.66255	-2.87868e-08	-4.99171e-07	0.125	0.5	3.99997	
9712	15.0015	6.97804	4.78677	3.32845e-08	-4.98891e-07	0.125	0.5	3.99997	
9728	15.0671	6.48582	4.91099	9.48427e-08	-4.90922e-07	0.125	0.5	3.99997	
9744	15.1933	6.00553	5.03522	1.54939e-07	-4.75388e-07	0.125	0.5	3.99997	
9760	15.378	5.54458	5.15944	2.12648e-07	-4.52527e-07	0.125	0.5	3.99997	
9776	15.6183	5.11005	5.28367	2.67079e-07	-4.22692e-07	0.125	0.5	3.99997	
9792	15.9107	4.70866	5.40789	3.17395e-07	-3.86343e-07	0.125	0.5	3.99997	
9808	16.2505	4.34659	5.53211	3.62819e-07	-3.44039e-07	0.125	0.5	3.99997	
9824	16.6326	4.02941	5.65634	4.02651e-07	-2.96433e-07	0.125	0.5	3.99997	
9840	17.0511	3.76202	5.78056	4.36277e-07	-2.44258e-07	0.125	0.5	3.99997	
9856	17.4994	3.54854	5.90478	4.6318e-07	-1.8832e-07	0.125	0.5	3.99997	
9872	17.9707	3.39225	6.02901	4.82944e-07	-1.29478e-07	0.125	0.5	3.99997	
9888	18.4578	3.29557	6.15323	4.95266e-07	-6.86418e-08	0.125	0.5	3.99997	
9904	18.9531	3.25998	6.27745	4.99954e-07	-6.74725e-09	0.125	0.5	3.99997	
9920	19.449	3.28604	0.118493	4.96938e-07	5.52513e-08	0.125	0.5	3.99997	
9936	19.9378	3.37334	0.242716	4.86263e-07	1.16398e-07	0.125	0.5	3.99997	
9952	20.4121	3.52054	0.36694	4.68093e-07	1.75751e-07	0.125	0.5	3.99997	
9968	20.8645	3.72536	0.491163	4.4271e-07	2.32396e-07	0.125	0.5	3.99997	
9984	21.288	3.98466	0.615387	4.10504e-07	2.85459e-07	0.125	0.5	3.99997	
10000	21.6761	4.29443	0.739611	3.71971e-07	3.34122e-07	0.125	0.5	3.99997	
