0	20	52	0	-3.22e-06	-3.16508e-06	0	4.5151	4.5151e+06	
100	19.6	51.6	0	-3.22e-06	-3.22e-06	0	4.55377	4.55377e+06	
200	19.2	51.2	0	-3.22e-06	-3.22e-06	0	4.55377	4.55377e+06	
300	18.8	50.8	0	-3.22e-06	-3.22e-06	0	4.55377	4.55377e+06	
400	18.4	50.4	0	-3.22e-06	-3.22e-06	0	4.55377	4.55377e+06	
500	18	50	0	-3.22e-06	-3.22e-06	0	4.55377	4.55377e+06	
600	17.6	49.6044	0	-3.22e-06	-3.18454e-06	0	4.52876	4.52876e+06	
700	17.2	49.2088	0	-3.22e-06	-3.18454e-06	0	4.52876	4.52876e+06	
800	16.8	48.8132	0	-3.22e-06	-3.18454e-06	0	4.52876	4.52876e+06	
900	16.4	48.4176	0	-3.22e-06	-3.18454e-06	0	4.52876	4.52876e+06	
1000	16	48.022	0	-3.22e-06	-3.18454e-06	0	4.52876	4.52876e+06	
1100	15.6	47.622	0	-3.22e-06	-3.22e-06	0	4.55377	4.55377e+06	
1200	15.2	47.222	0	-3.22e-06	-3.22e-06	0	4.55377	4.55377e+06	
1300	14.8	46.822	0	-3.22e-06	-3.22e-06	0	4.55377	4.55377e+06	
1400	14.4	46.422	0	-3.22e-06	-3.22e-06	0	4.55377	4.55377e+06	
1500	14	46.022	0	-3.22e-06	-3.22e-06	0	4.55377	4.55377e+06	
1600	13.6	45.622	0	-3.22e-06	-3.22e-06	0	4.55377	4.55377e+06	
1700	13.2	45.222	0	-3.22e-06	-3.22e-06	0	4.55377	4.55377e+06	
1800	12.8	44.822	0	-3.22e-06	-3.22e-06	0	4.55377	4.55377e+06	
1900	12.4	44.422	0	-3.22e-06	-3.22e-06	0	4.55377	4.55377e+06	
2000	12	44.022	0	-3.22e-06	-3.22e-06	0	4.55377	4.55377e+06	
2100	11.6	43.622	0	-3.22e-06	-3.22e-06	0	4.55377	4.55377e+06	
2200	11.2	43.222	0	-3.22e-06	-3.22e-06	0	4.55377	4.55377e+06	
2300	10.8	42.822	0	-3.22e-06	-3.22e-06	0	4.55377	4.55377e+06	
2400	10.4	42.422	0	-3.22e-06	-3.22e-06	0	4.55377	4.55377e+06	
2500	10	42.022	0	-3.22e-06	-3.22e-06	0	4.55377	4.55377e+06	
2600	9.6	41.622	0	-3.22e-06	-3.22e-06	0	4.55377	4.55377e+06	
2700	9.20032	41.2221	0	-3.22e-06	-3.22e-06	0	4.55377	4.55377e+06	
2800	9.12687	40.8215	0	-3.22e-06	-3.22e-06	0	4.55377	4.55377e+06	
2900	9.0937	40.4028	0	-3.22e-06	-3.22e-06	0	4.55377	4.55377e+06	
3000	9.13158	40.0489	0	-3.22e-06	-3.22e-06	0	4.55377	4.55377e+06	
3100	9.12995	40.112	0	-3.22e-06	3.89788e-07	0	3.24351	3.24351e+06	
3200	9.12474	40.1879	0	-3.22e-06	3.89788e-07	0	3.24351	3.24351e+06	
3300	9.11506	40.2785	0	-3.22e-06	3.89788e-07	0	3.24351	3.24351e+06	
3400	9.09991	40.3828	0	-3.22e-06	3.89788e-07	0	3.24351	3.24351e+06	
3500	9.08787	40.4764	0	-3.22e-06	3.89788e-07	0	3.24351	3.24351e+06	
3600	9.103	40.3876	0	-2.45889e-06	-1.02199e-06	0	2.66281	2.66281e+06	
3700	9.11506	40.3082	0	-2.45889e-06	-1.02199e-06	0	2.66281	2.66281e+06	
3800	9.12605	40.2201	0	-2.45889e-06	-1.02199e-06	0	2.66281	2.66281e+06	
3900	9.13441	40.1183	0	-2.45889e-06	-1.02199e-06	0	2.66281	2.66281e+06	
4000	9.1381	40.0002	0	-2.45889e-06	-1.02199e-06	0	2.66281	2.66281e+06	
4100	9.14612	40.2119	0	-1.11997e-06	1.65272e-06	0	1.99645	1.99645e+06	
4200	9.11872	40.432	0	-1.11997e-06	1.65272e-06	0	1.99645	1.99645e+06	
4300	9.11876	40.6287	0	-1.11997e-06	1.65272e-06	0	1.99645	1.99645e+06	
4400	9.14317	40.8133	0	-1.11997e-06	1.65272e-06	0	1.99645	1.99645e+06	
4500	9.15362	41.0122	0	-1.11997e-06	1.65272e-06	0	1.99645	1.99645e+06	
4600	9.13674	41.1207	0	-2.26883e-06	8.06718e-07	0	2.40799	2.40799e+06	
4700	9.12678	41.2438	0	-2.26883e-06	8.06718e-07	0	2.40799	2.40799e+06	
4800	9.10819	41.3804	0	-2.26883e-06	8.06718e-07	0	2.40799	2.40799e+06	
4900	9.09426	41.505	0	-2.26883e-06	8.06718e-07	0	2.40799	2.40799e+06	
5000	9.10001	41.5797	0	-2.26883e-06	8.06718e-07	0	2.40799	2.40799e+06	
5100	9.11379	41.7135	0	-3.00222e-06	1.53543e-06	0	3.37207	3.37207e+06	
5200	9.12927	41.8655	0	-3.00222e-06	1.53543e-06	0	3.37207	3.37207e+06	
5300	9.13379	42.0478	0	-3.00222e-06	1.53543e-06	0	3.37207	3.37207e+06	
5400	9.11923	42.2638	0	-3.00222e-06	1.53543e-06	0	3.37207	3.37207e+06	
5500	9.08882	42.4963	0	-3.00222e-06	1.53543e-06	0	3.37207	3.37207e+06	
5600	9.10171	42.5752	0	-2.01733e-06	7.94119e-07	0	2.168	2.168e+06	
5700	9.11069	42.6356	0	-2.01733e-06	7.94119e-07	0	2.168	2.168e+06	
5800	9.11971	42.6959	0	-2.01733e-06	7.94119e-07	0	2.168	2.168e+06	
5900	9.12814	42.7621	0	-2.01733e-06	7.94119e-07	0	2.168	2.168e+06	
6000	9.1353	42.8365	0	-2.01733e-06	7.94119e-07	0	2.168	2.168e+06	
6100	9.12391	42.8051	0	-3.22e-06	9.09484e-09	0	3.22001	3.22001e+06	
6200	9.12009	42.7666	0	-3.22e-06	9.09484e-09	0	3.22001	3.22001e+06	
6300	9.11467	42.7209	0	-3.22e-06	9.09484e-09	0	3.22001	3.22001e+06	
6400	9.10724	42.6674	0	-3.22e-06	9.09484e-09	0	3.22001	3.22001e+06	
6500	9.09823	42.6089	0	-3.22e-06	9.09484e-09	0	3.22001	3.22001e+06	
6600	9.11662	42.7461	0	-3.22e-06	1.58498e-06	0	3.58895	3.58895e+06	
6700	9.13036	42.9088	0	-3.22e-06	1.58498e-06	0	3.58895	3.58895e+06	
6800	9.13056	43.1062	0	-3.22e-06	1.58498e-06	0	3.58895	3.58895e+06	
6900	9.10749	43.3412	0	-3.22e-06	1.58498e-06	0	3.58895	3.58895e+06	
7000	9.08973	43.557	0	-3.22e-06	1.58498e-06	0	3.58895	3.58895e+06	
7100	9.09157	43.43	0	-3.22e-06	-1.11904e-06	0	3.40891	3.40891e+06	
7200	9.10325	43.352	0	-3.22e-06	-1.11904e-06	0	3.40891	3.40891e+06	
7300	9.11481	43.2712	0	-3.22e-06	-1.11904e-06	0	3.40891	3.40891e+06	
7400	9.12502	43.1754	0	-3.22e-06	-1.11904e-06	0	3.40891	3.40891e+06	
7500	9.13171	43.0593	0	-3.22e-06	-1.11904e-06	0	3.40891	3.40891e+06	
7600	9.1057	42.6357	0	-3.22e-06	-3.22e-06	0	4.55377	4.55377e+06	
7700	9.11438	42.2621	0	-3.22e-06	-3.22e-06	0	4.55377	4.55377e+06	
7800	9.13028	41.8784	0	-3.22e-06	-3.22e-06	0	4.55377	4.55377e+06	
7900	9.08856	41.4486	0	-3.22e-06	-3.22e-06	0	4.55377	4.55377e+06	
8000	9.12935	41.1003	0	-3.22e-06	-3.22e-06	0	4.55377	4.55377e+06	
8100	9.11253	40.6837	0	-3.22e-06	-3.22e-06	0	4.55377	4.55377e+06	
8200	9.10942	40.2986	0	-3.22e-06	-3.22e-06	0	4.55377	4.55377e+06	
8300	9.13191	39.923	0	-3.22e-06	-3.22e-06	0	4.55377	4.55377e+06	
8400	9.07383	39.4772	0	-3.22e-06	-3.22e-06	0	4.55377	4.55377e+06	
8500	8.89876	38.9941	0	-3.22e-06	-3.22e-06	0	4.55377	4.55377e+06	
8600	8.75008	38.7697	0	-3.22e-06	-5.69119e-07	0	3.26991	3.26991e+06	
8700	8.55875	38.5302	0	-3.22e-06	-5.69119e-07	0	3.26991	3.26991e+06	
8800	8.30745	38.2966	0	-3.22e-06	-5.69119e-07	0	3.26991	3.26991e+06	
8900	7.99729	38.0889	0	-3.22e-06	-5.69119e-07	0	3.26991	3.26991e+06	
9000	7.81625	37.8716	0	-3.22e-06	-5.69119e-07	0	3.26991	3.26991e+06	
9100	7.69345	37.6971	0	-3.22e-06	1.34704e-07	0	3.22282	3.22282e+06	
9200	7.53218	37.5082	0	-3.22e-06	1.34704e-07	0	3.22282	3.22282e+06	
9300	7.3217	37.3155	0	-3.22e-06	1.34704e-07	0	3.22282	3.22282e+06	
9400	7.05639	37.1331	0	-3.22e-06	1.34704e-07	0	3.22282	3.22282e+06	
9500	6.73649	36.9789	0	-3.22e-06	1.34704e-07	0	3.22282	3.22282e+06	
9600	6.38034	36.8799	0	-3.22e-06	4.84329e-07	0	3.25622	3.25622e+06	
9700	5.99071	36.8337	0	-3.22e-06	4.84329e-07	0	3.25622	3.25622e+06	
9800	5.73689	36.7588	0	-3.22e-06	4.84329e-07	0	3.25622	3.25622e+06	
9900	5.61416	36.6014	0	-3.22e-06	4.84329e-07	0	3.25622	3.25622e+06	
10000	5.45258	36.4321	0	-3.22e-06	4.84329e-07	0	3.25622	3.25622e+06	
10100	5.07723	36.0033	0	-3.22e-06	-3.22e-06	0	4.55377	4.55377e+06	
10200	4.67725	35.6032	0	-3.22e-06	-3.22e-06	0	4.55377	4.55377e+06	
10300	4.27725	35.2032	0	-3.22e-06	-3.22e-06	0	4.55377	4.55377e+06	
10400	3.87725	34.8032	0	-3.22e-06	-3.22e-06	0	4.55377	4.55377e+06	
10500	3.47725	34.4032	0	-3.22e-06	-3.22e-06	0	4.55377	4.55377e+06	
10600	3.07725	34.1424	0	-3.22e-06	-2.0997e-06	0	3.8441	3.8441e+06	
10700	2.67725	33.8816	0	-3.22e-06	-2.0997e-06	0	3.8441	3.8441e+06	
10800	2.27725	33.6207	0	-3.22e-06	-2.0997e-06	0	3.8441	3.8441e+06	
10900	1.87725	33.3599	0	-3.22e-06	-2.0997e-06	0	3.8441	3.8441e+06	
11000	1.47725	33.0991	0	-3.22e-06	-2.0997e-06	0	3.8441	3.8441e+06	
11100	1.12465	33.2083	0	-3.22e-06	8.44871e-07	0	3.32899	3.32899e+06	
11200	1.1036	33.3621	0	-3.22e-06	8.44871e-07	0	3.32899	3.32899e+06	
11300	1.08702	33.5046	0	-3.22e-06	8.44871e-07	0	3.32899	3.32899e+06	
11400	1.09236	33.5743	0	-3.22e-06	8.44871e-07	0	3.32899	3.32899e+06	
11500	1.09911	33.6198	0	-3.22e-06	8.44871e-07	0	3.32899	3.32899e+06	
11600	1.10715	33.3176	0	-3.22e-06	-2.61656e-06	0	4.14907	4.14907e+06	
11700	1.13223	33.0285	0	-3.22e-06	-2.61656e-06	0	4.14907	4.14907e+06	
11800	1.11143	32.6796	0	-3.22e-06	-2.61656e-06	0	4.14907	4.14907e+06	
11900	1.1008	32.3591	0	-3.22e-06	-2.61656e-06	0	4.14907	4.14907e+06	
12000	1.13061	32.0788	0	-3.22e-06	-2.61656e-06	0	4.14907	4.14907e+06	
12100	1.13239	32.0361	0	-3.22e-06	-4.32281e-07	0	3.24889	3.24889e+06	
12200	1.1327	31.9846	0	-3.22e-06	-4.32281e-07	0	3.24889	3.24889e+06	
12300	1.13143	31.9224	0	-3.22e-06	-4.32281e-07	0	3.24889	3.24889e+06	
12400	1.12753	31.8477	0	-3.22e-06	-4.32281e-07	0	3.24889	3.24889e+06	
12500	1.11945	31.7581	0	-3.22e-06	-4.32281e-07	0	3.24889	3.24889e+06	
12600	1.13558	31.9947	0	-2.77526e-06	2.08114e-06	0	3.46889	3.46889e+06	
12700	1.12035	32.2727	0	-2.77526e-06	2.08114e-06	0	3.46889	3.46889e+06	
12800	1.09215	32.5547	0	-2.77526e-06	2.08114e-06	0	3.46889	3.46889e+06	
12900	1.12084	32.7614	0	-2.77526e-06	2.08114e-06	0	3.46889	3.46889e+06	
13000	1.13561	32.9988	0	-2.77526e-06	2.08114e-06	0	3.46889	3.46889e+06	
13100	1.10887	32.6448	0	-2.90018e-06	-2.64216e-06	0	3.92327	3.92327e+06	
13200	1.10699	32.331	0	-2.90018e-06	-2.64216e-06	0	3.92327	3.92327e+06	
13300	1.13406	32.0373	0	-2.90018e-06	-2.64216e-06	0	3.92327	3.92327e+06	
13400	1.1151	31.6891	0	-2.90018e-06	-2.64216e-06	0	3.92327	3.92327e+06	
13500	1.1021	31.3627	0	-2.90018e-06	-2.64216e-06	0	3.92327	3.92327e+06	
13600	1.13257	31.0007	0	-3.22e-06	-3.22e-06	0	4.55377	4.55377e+06	
13700	1.09558	30.569	0	-3.22e-06	-3.22e-06	0	4.55377	4.55377e+06	
13800	1.12051	30.21	0	-3.22e-06	-3.22e-06	0	4.55377	4.55377e+06	
13900	1.12638	29.815	0	-3.22e-06	-3.22e-06	0	4.55377	4.55377e+06	
14000	1.09442	29.3977	0	-3.22e-06	-3.22e-06	0	4.55377	4.55377e+06	
14100	1.13327	29.0399	0	-2.99108e-06	-3.22e-06	0	4.39488	4.39488e+06	
14200	1.10441	28.6155	0	-2.99108e-06	-3.22e-06	0	4.39488	4.39488e+06	
14300	1.11789	28.2446	0	-2.99108e-06	-3.22e-06	0	4.39488	4.39488e+06	
14400	1.13067	27.856	0	-2.99108e-06	-3.22e-06	0	4.39488	4.39488e+06	
14500	1.09149	27.4318	0	-2.99108e-06	-3.22e-06	0	4.39488	4.39488e+06	
14600	1.12652	27.1465	0	-3.22e-06	-2.7361e-06	0	4.22547	4.22547e+06	
14700	1.12528	26.8041	0	-3.22e-06	-2.7361e-06	0	4.22547	4.22547e+06	
14800	1.08979	26.4367	0	-3.22e-06	-2.7361e-06	0	4.22547	4.22547e+06	
14900	1.1261	26.152	0	-3.22e-06	-2.7361e-06	0	4.22547	4.22547e+06	
15000	1.12582	25.8107	0	-3.22e-06	-2.7361e-06	0	4.22547	4.22547e+06	
15100	1.09787	25.3965	0	-2.68368e-06	-3.22e-06	0	4.19173	4.19173e+06	
15200	1.13552	25.034	0	-2.68368e-06	-3.22e-06	0	4.19173	4.19173e+06	
15300	1.10647	24.6118	0	-2.68368e-06	-3.22e-06	0	4.19173	4.19173e+06	
15400	1.1205	24.2388	0	-2.68368e-06	-3.22e-06	0	4.19173	4.19173e+06	
15500	1.1325	23.848	0	-2.68368e-06	-3.22e-06	0	4.19173	4.19173e+06	
15600	1.12194	23.7828	0	-3.22e-06	-2.55955e-07	0	3.23016	3.23016e+06	
15700	1.11276	23.7047	0	-3.22e-06	-2.55955e-07	0	3.23016	3.23016e+06	
15800	1.09954	23.6156	0	-3.22e-06	-2.55955e-07	0	3.23016	3.23016e+06	
15900	1.0887	23.5353	0	-3.22e-06	-2.55955e-07	0	3.23016	3.23016e+06	
16000	1.08702	23.4933	0	-3.22e-06	-2.55955e-07	0	3.23016	3.23016e+06	
16100	1.10733	23.3211	0	-3.22e-06	-1.81401e-06	0	3.69581	3.69581e+06	
16200	1.1273	23.1416	0	-3.22e-06	-1.81401e-06	0	3.69581	3.69581e+06	
16300	1.13173	22.9235	0	-3.22e-06	-1.81401e-06	0	3.69581	3.69581e+06	
16400	1.10836	22.6633	0	-3.22e-06	-1.81401e-06	0	3.69581	3.69581e+06	
16500	1.09168	22.4252	0	-3.22e-06	-1.81401e-06	0	3.69581	3.69581e+06	
16600	1.13062	22.0744	0	-3.22e-06	-3.22e-06	0	4.55377	4.55377e+06	
16700	1.1083	21.6534	0	-3.22e-06	-3.22e-06	0	4.55377	4.55377e+06	
16800	1.11261	21.2756	0	-3.22e-06	-3.22e-06	0	4.55377	4.55377e+06	
16900	1.13099	20.8949	0	-3.22e-06	-3.22e-06	0	4.55377	4.55377e+06	
17000	1.08774	20.4628	0	-3.22e-06	-3.22e-06	0	4.55377	4.55377e+06	
17100	1.13743	20.0984	0	-2.09238e-06	-3.22e-06	0	3.84011	3.84011e+06	
17200	1.12329	19.6882	0	-2.09238e-06	-3.22e-06	0	3.84011	3.84011e+06	
17300	1.1169	19.2979	0	-2.09238e-06	-3.22e-06	0	3.84011	3.84011e+06	
17400	1.14046	18.9136	0	-2.09238e-06	-3.22e-06	0	3.84011	3.84011e+06	
17500	1.09765	18.4921	0	-2.09238e-06	-3.22e-06	0	3.84011	3.84011e+06	
17600	1.13319	18.1303	0	-2.35928e-06	-3.22e-06	0	3.99182	3.99182e+06	
17700	1.12455	17.7226	0	-2.35928e-06	-3.22e-06	0	3.99182	3.99182e+06	
17800	1.11063	17.3267	0	-2.35928e-06	-3.22e-06	0	3.99182	3.99182e+06	
17900	1.13868	16.9491	0	-2.35928e-06	-3.22e-06	0	3.99182	3.99182e+06	
18000	1.09739	16.5242	0	-2.35928e-06	-3.22e-06	0	3.99182	3.99182e+06	
18100	1.12198	16.2211	0	-2.82065e-06	-2.7902e-06	0	3.96753	3.96753e+06	
18200	1.13323	15.8853	0	-2.82065e-06	-2.7902e-06	0	3.96753	3.96753e+06	
18300	1.09101	15.5053	0	-2.82065e-06	-2.7902e-06	0	3.96753	3.96753e+06	
18400	1.12372	15.2049	0	-2.82065e-06	-2.7902e-06	0	3.96753	3.96753e+06	
18500	1.1323	14.866	0	-2.82065e-06	-2.7902e-06	0	3.96753	3.96753e+06	
18600	1.08941	14.4384	0	-3.22e-06	-3.22e-06	0	4.55377	4.55377e+06	
18700	1.12993	14.0892	0	-3.22e-06	-3.22e-06	0	4.55377	4.55377e+06	
18800	1.11076	13.6708	0	-3.22e-06	-3.22e-06	0	4.55377	4.55377e+06	
18900	1.11081	13.2888	0	-3.22e-06	-3.22e-06	0	4.55377	4.55377e+06	
19000	1.13156	12.911	0	-3.22e-06	-3.22e-06	0	4.55377	4.55377e+06	
19100	1.08743	12.4773	0	-3.22e-06	-3.22e-06	0	4.55377	4.55377e+06	
19200	1.12753	12.1296	0	-3.22e-06	-3.22e-06	0	4.55377	4.55377e+06	
19300	1.11694	11.7185	0	-3.22e-06	-3.22e-06	0	4.55377	4.55377e+06	
19400	1.10557	11.3248	0	-3.22e-06	-3.22e-06	0	4.55377	4.55377e+06	
19500	1.13252	10.955	0	-3.22e-06	-3.22e-06	0	4.55377	4.55377e+06	
19600	1.08946	10.52	0	-3.22e-06	-3.22e-06	0	4.55377	4.55377e+06	
19700	1.12445	10.1691	0	-3.22e-06	-3.22e-06	0	4.55377	4.55377e+06	
19800	1.12208	9.76571	0	-3.22e-06	-3.22e-06	0	4.55377	4.55377e+06	
19900	1.10011	9.36021	0	-3.22e-06	-3.22e-06	0	4.55377	4.55377e+06	
20000	1.13259	8.99811	0	-3.22e-06	-3.22e-06	0	4.55377	4.55377e+06	
20100	1.10141	8.60989	0	-3.22e-06	-2.87826e-06	0	4.31888	4.31888e+06	
20200	1.11203	8.28185	0	-3.22e-06	-2.87826e-06	0	4.31888	4.31888e+06	
20300	1.13242	7.94904	0	-3.22e-06	-2.87826e-06	0	4.31888	4.31888e+06	
20400	1.09325	7.55513	0	-3.22e-06	-2.87826e-06	0	4.31888	4.31888e+06	
20500	1.11728	7.24067	0	-3.22e-06	-2.87826e-06	0	4.31888	4.31888e+06	
20600	1.10784	7.33054	0	-3.22e-06	3.1306e-07	0	3.23518	3.23518e+06	
20700	1.0932	7.42684	0	-3.22e-06	3.1306e-07	0	3.23518	3.23518e+06	
20800	1.08706	7.49454	0	-3.22e-06	3.1306e-07	0	3.23518	3.23518e+06	
20900	1.08757	7.52333	0	-3.22e-06	3.1306e-07	0	3.23518	3.23518e+06	
21000	1.0884	7.53543	0	-3.22e-06	3.1306e-07	0	3.23518	3.23518e+06	
21100	1.08989	7.55176	0	-3.22e-06	4.32409e-07	0	3.2489	3.2489e+06	
21200	1.09092	7.56064	0	-3.22e-06	4.32409e-07	0	3.2489	3.2489e+06	
21300	1.09159	7.56599	0	-3.22e-06	4.32409e-07	0	3.2489	3.2489e+06	
21400	1.09204	7.5694	0	-3.22e-06	4.32409e-07	0	3.2489	3.2489e+06	
21500	1.09234	7.57165	0	-3.22e-06	4.32409e-07	0	3.2489	3.2489e+06	
21600	1.13048	7.92217	0	-3.22e-06	3.22e-06	0	4.55377	4.55377e+06	
21700	1.10887	8.34263	0	-3.22e-06	3.22e-06	0	4.55377	4.55377e+06	
21800	1.1122	8.72135	0	-3.22e-06	3.22e-06	0	4.55377	4.55377e+06	
21900	1.13113	9.10143	0	-3.22e-06	3.22e-06	0	4.55377	4.55377e+06	
22000	1.08763	9.53391	0	-3.22e-06	3.22e-06	0	4.55377	4.55377e+06	
22100	1.12827	9.88157	0	-3.22e-06	3.22e-06	0	4.55377	4.55377e+06	
22200	1.11531	10.2947	0	-3.22e-06	3.22e-06	0	4.55377	4.55377e+06	
22300	1.10706	10.6852	0	-3.22e-06	3.22e-06	0	4.55377	4.55377e+06	
22400	1.13234	11.0572	0	-3.22e-06	3.22e-06	0	4.55377	4.55377e+06	
22500	1.08846	11.4923	0	-3.22e-06	3.22e-06	0	4.55377	4.55377e+06	
22600	1.09978	11.6276	0	-3.22e-06	1.44348e-06	0	3.52874	3.52874e+06	
22700	1.11698	11.7483	0	-3.22e-06	1.44348e-06	0	3.52874	3.52874e+06	
22800	1.12957	11.8922	0	-3.22e-06	1.44348e-06	0	3.52874	3.52874e+06	
22900	1.13194	12.0669	0	-3.22e-06	1.44348e-06	0	3.52874	3.52874e+06	
23000	1.1162	12.2761	0	-3.22e-06	1.44348e-06	0	3.52874	3.52874e+06	
23100	1.10498	12.6713	0	-3.22e-06	3.22e-06	0	4.55377	4.55377e+06	
23200	1.13257	13.0403	0	-3.22e-06	3.22e-06	0	4.55377	4.55377e+06	
23300	1.08994	13.4751	0	-3.22e-06	3.22e-06	0	4.55377	4.55377e+06	
23400	1.12408	13.8267	0	-3.22e-06	3.22e-06	0	4.55377	4.55377e+06	
23500	1.12258	14.2292	0	-3.22e-06	3.22e-06	0	4.55377	4.55377e+06	
23600	1.08999	14.4604	0	-3.22e-06	1.46496e-06	0	3.53759	3.53759e+06	
23700	1.09724	14.6114	0	-3.22e-06	1.46496e-06	0	3.53759	3.53759e+06	
23800	1.11506	14.7329	0	-3.22e-06	1.46496e-06	0	3.53759	3.53759e+06	
23900	1.12865	14.8764	0	-3.22e-06	1.46496e-06	0	3.53759	3.53759e+06	
24000	1.13232	15.0508	0	-3.22e-06	1.46496e-06	0	3.53759	3.53759e+06	
24100	1.13026	15.1052	0	-3.22e-06	3.22849e-07	0	3.23614	3.23614e+06	
24200	1.12613	15.1707	0	-3.22e-06	3.22849e-07	0	3.23614	3.23614e+06	
24300	1.11857	15.249	0	-3.22e-06	3.22849e-07	0	3.23614	3.23614e+06	
24400	1.10628	15.3411	0	-3.22e-06	3.22849e-07	0	3.23614	3.23614e+06	
24500	1.09176	15.4376	0	-3.22e-06	3.22849e-07	0	3.23614	3.23614e+06	
24600	1.10981	15.6995	0	-3.22e-06	2.41541e-06	0	4.02525	4.02525e+06	
24700	1.13213	15.9651	0	-3.22e-06	2.41541e-06	0	4.02525	4.02525e+06	
24800	1.11576	16.2859	0	-3.22e-06	2.41541e-06	0	4.02525	4.02525e+06	
24900	1.09438	16.5978	0	-3.22e-06	2.41541e-06	0	4.02525	4.02525e+06	
25000	1.1259	16.8434	0	-3.22e-06	2.41541e-06	0	4.02525	4.02525e+06	
25100	1.13157	17.0824	0	-3.22e-06	1.99061e-06	0	3.78562	3.78562e+06	
25200	1.10404	17.3668	0	-3.22e-06	1.99061e-06	0	3.78562	3.78562e+06	
25300	1.09646	17.6093	0	-3.22e-06	1.99061e-06	0	3.78562	3.78562e+06	
25400	1.12226	17.7998	0	-3.22e-06	1.99061e-06	0	3.78562	3.78562e+06	
25500	1.13264	18.0296	0	-3.22e-06	1.99061e-06	0	3.78562	3.78562e+06	
25600	1.11708	18.2706	0	-3.22e-06	1.73229e-06	0	3.6564	3.6564e+06	
25700	1.0873	18.5235	0	-3.22e-06	1.73229e-06	0	3.6564	3.6564e+06	
25800	1.10787	18.6821	0	-3.22e-06	1.73229e-06	0	3.6564	3.6564e+06	
25900	1.12682	18.8512	0	-3.22e-06	1.73229e-06	0	3.6564	3.6564e+06	
26000	1.13223	19.0566	0	-3.22e-06	1.73229e-06	0	3.6564	3.6564e+06	
26100	1.10865	19.3358	0	-3.22e-06	1.98228e-06	0	3.78125	3.78125e+06	
26200	1.09356	19.5896	0	-3.22e-06	1.98228e-06	0	3.78125	3.78125e+06	
26300	1.11987	19.7768	0	-3.22e-06	1.98228e-06	0	3.78125	3.78125e+06	
26400	1.13268	20.0003	0	-3.22e-06	1.98228e-06	0	3.78125	3.78125e+06	
26500	1.1174	20.2695	0	-3.22e-06	1.98228e-06	0	3.78125	3.78125e+06	
26600	1.09033	20.4544	0	-3.22e-06	1.06862e-06	0	3.39269	3.39269e+06	
26700	1.09171	20.5708	0	-3.22e-06	1.06862e-06	0	3.39269	3.39269e+06	
26800	1.10248	20.6427	0	-3.22e-06	1.06862e-06	0	3.39269	3.39269e+06	
26900	1.1132	20.7162	0	-3.22e-06	1.06862e-06	0	3.39269	3.39269e+06	
27000	1.12307	20.8026	0	-3.22e-06	1.06862e-06	0	3.39269	3.39269e+06	
27100	1.10641	20.5229	0	-1.51231e-06	-2.08294e-06	0	2.57405	2.57405e+06	
27200	1.1253	20.2877	0	-1.51231e-06	-2.08294e-06	0	2.57405	2.57405e+06	
27300	1.14651	20.0456	0	-1.51231e-06	-2.08294e-06	0	2.57405	2.57405e+06	
27400	1.13927	19.7802	0	-1.51231e-06	-2.08294e-06	0	2.57405	2.57405e+06	
27500	1.10464	19.5031	0	-1.51231e-06	-2.08294e-06	0	2.57405	2.57405e+06	
27600	1.10362	19.3758	0	-2.57492e-06	-1.30897e-06	0	2.88853	2.88853e+06	
27700	1.1202	19.2611	0	-2.57492e-06	-1.30897e-06	0	2.88853	2.88853e+06	
27800	1.1327	19.1292	0	-2.57492e-06	-1.30897e-06	0	2.88853	2.88853e+06	
27900	1.13714	18.9749	0	-2.57492e-06	-1.30897e-06	0	2.88853	2.88853e+06	
28000	1.12852	18.7962	0	-2.57492e-06	-1.30897e-06	0	2.88853	2.88853e+06	
28100	1.24627	18.6011	0	7.31022e-07	-1.54812e-06	0	1.71203	1.71203e+06	
28200	1.33712	18.4088	0	7.31022e-07	-1.54812e-06	0	1.71203	1.71203e+06	
28300	1.42794	18.2165	0	7.31022e-07	-1.54812e-06	0	1.71203	1.71203e+06	
28400	1.51875	18.0242	0	7.31022e-07	-1.54812e-06	0	1.71203	1.71203e+06	
28500	1.60956	17.8319	0	7.31022e-07	-1.54812e-06	0	1.71203	1.71203e+06	
28600	1.55981	17.7942	0	-4.00419e-07	-3.033e-07	0	0.502321	502321	
28700	1.51007	17.7565	0	-4.00419e-07	-3.033e-07	0	0.502321	502321	
28800	1.46033	17.7188	0	-4.00419e-07	-3.033e-07	0	0.502321	502321	
28900	1.41059	17.6812	0	-4.00419e-07	-3.033e-07	0	0.502321	502321	
29000	1.36085	17.6435	0	-4.00419e-07	-3.033e-07	0	0.502321	502321	
29100	1.15195	17.8765	0	-1.79855e-06	1.88414e-06	0	2.60476	2.60476e+06	
29200	1.14247	18.11	0	-1.79855e-06	1.88414e-06	0	2.60476	2.60476e+06	
29300	1.11756	18.3649	0	-1.79855e-06	1.88414e-06	0	2.60476	2.60476e+06	
29400	1.1058	18.5992	0	-1.79855e-06	1.88414e-06	0	2.60476	2.60476e+06	
29500	1.13314	18.7999	0	-1.79855e-06	1.88414e-06	0	2.60476	2.60476e+06	
29600	1.12534	19.1981	0	-3.22e-06	3.22e-06	0	4.55377	4.55377e+06	
29700	1.0959	19.6124	0	-3.22e-06	3.22e-06	0	4.55377	4.55377e+06	
29800	1.13207	19.969	0	-3.22e-06	3.22e-06	0	4.55377	4.55377e+06	
29900	1.10075	20.3969	0	-3.22e-06	3.22e-06	0	4.55377	4.55377e+06	
30000	1.11748	20.763	0	-3.22e-06	3.22e-06	0	4.55377	4.55377e+06	
30100	1.13006	21.125	0	-3.22e-06	3.02009e-06	0	4.41467	4.41467e+06	
30200	1.08761	21.5337	0	-3.22e-06	3.02009e-06	0	4.41467	4.41467e+06	
30300	1.1265	21.8549	0	-3.22e-06	3.02009e-06	0	4.41467	4.41467e+06	
30400	1.12178	22.236	0	-3.22e-06	3.02009e-06	0	4.41467	4.41467e+06	
30500	1.09738	22.621	0	-3.22e-06	3.02009e-06	0	4.41467	4.41467e+06	
30600	1.10937	22.6883	0	-3.22e-06	1.04069e-06	0	3.384	3.384e+06	
30700	1.11927	22.7655	0	-3.22e-06	1.04069e-06	0	3.384	3.384e+06	
30800	1.12765	22.8585	0	-3.22e-06	1.04069e-06	0	3.384	3.384e+06	
30900	1.13244	22.9711	0	-3.22e-06	1.04069e-06	0	3.384	3.384e+06	
31000	1.13038	23.1071	0	-3.22e-06	1.04069e-06	0	3.384	3.384e+06	
31100	1.09298	23.4429	0	-3.22e-06	2.3722e-06	0	3.99947	3.99947e+06	
31200	1.10965	23.6982	0	-3.22e-06	2.3722e-06	0	3.99947	3.99947e+06	
31300	1.13195	23.9576	0	-3.22e-06	2.3722e-06	0	3.99947	3.99947e+06	
31400	1.11751	24.2712	0	-3.22e-06	2.3722e-06	0	3.99947	3.99947e+06	
31500	1.09244	24.5836	0	-3.22e-06	2.3722e-06	0	3.99947	3.99947e+06	
31600	1.13103	24.9355	0	-3.22e-06	3.22e-06	0	4.55377	4.55377e+06	
31700	1.10661	25.3582	0	-3.22e-06	3.22e-06	0	4.55377	4.55377e+06	
31800	1.11378	25.7332	0	-3.22e-06	3.22e-06	0	4.55377	4.55377e+06	
31900	1.13054	26.1159	0	-3.22e-06	3.22e-06	0	4.55377	4.55377e+06	
32000	1.08823	26.5465	0	-3.22e-06	3.22e-06	0	4.55377	4.55377e+06	
32100	1.10815	26.3132	0	-3.22e-06	-2.20684e-06	0	3.90366	3.90366e+06	
32200	1.13073	26.0788	0	-3.22e-06	-2.20684e-06	0	3.90366	3.90366e+06	
32300	1.12419	25.7945	0	-3.22e-06	-2.20684e-06	0	3.90366	3.90366e+06	
32400	1.08721	25.4813	0	-3.22e-06	-2.20684e-06	0	3.90366	3.90366e+06	
32500	1.11491	25.2639	0	-3.22e-06	-2.20684e-06	0	3.90366	3.90366e+06	
32600	1.08758	25.5309	0	-3.22e-06	1.85992e-06	0	3.71856	3.71856e+06	
32700	1.11085	25.7036	0	-3.22e-06	1.85992e-06	0	3.71856	3.71856e+06	
32800	1.12955	25.8945	0	-3.22e-06	1.85992e-06	0	3.71856	3.71856e+06	
32900	1.12965	26.1264	0	-3.22e-06	1.85992e-06	0	3.71856	3.71856e+06	
33000	1.09878	26.4	0	-3.22e-06	1.85992e-06	0	3.71856	3.71856e+06	
33100	1.08733	26.4863	0	-3.22e-06	3.85325e-07	0	3.24297	3.24297e+06	
33200	1.0877	26.526	0	-3.22e-06	3.85325e-07	0	3.24297	3.24297e+06	
33300	1.08902	26.5429	0	-3.22e-06	3.85325e-07	0	3.24297	3.24297e+06	
33400	1.08988	26.5513	0	-3.22e-06	3.85325e-07	0	3.24297	3.24297e+06	
33500	1.0904	26.5559	0	-3.22e-06	3.85325e-07	0	3.24297	3.24297e+06	
33600	1.08699	26.5004	0	-3.22e-06	-2.76262e-07	0	3.23183	3.23183e+06	
33700	1.08753	26.4777	0	-3.22e-06	-2.76262e-07	0	3.23183	3.23183e+06	
33800	1.08814	26.4682	0	-3.22e-06	-2.76262e-07	0	3.23183	3.23183e+06	
33900	1.08847	26.4639	0	-3.22e-06	-2.76262e-07	0	3.23183	3.23183e+06	
34000	1.08865	26.4619	0	-3.22e-06	-2.76262e-07	0	3.23183	3.23183e+06	
34100	1.10041	26.633	0	-3.22e-06	1.66712e-06	0	3.62598	3.62598e+06	
34200	1.12085	26.784	0	-3.22e-06	1.66712e-06	0	3.62598	3.62598e+06	
34300	1.13227	26.9662	0	-3.22e-06	1.66712e-06	0	3.62598	3.62598e+06	
34400	1.12554	27.1863	0	-3.22e-06	1.66712e-06	0	3.62598	3.62598e+06	
34500	1.09254	27.441	0	-3.22e-06	1.66712e-06	0	3.62598	3.62598e+06	
34600	1.08937	27.4545	0	-3.22e-06	-2.25678e-07	0	3.2279	3.2279e+06	
34700	1.08868	27.4617	0	-3.22e-06	-2.25678e-07	0	3.2279	3.2279e+06	
34800	1.08839	27.4653	0	-3.22e-06	-2.25678e-07	0	3.2279	3.2279e+06	
34900	1.08826	27.4669	0	-3.22e-06	-2.25678e-07	0	3.2279	3.2279e+06	
35000	1.0882	27.4677	0	-3.22e-06	-2.25678e-07	0	3.2279	3.2279e+06	
35100	1.08818	27.4679	0	-3.22e-06	-2.27448e-07	0	3.22802	3.22802e+06	
35200	1.08817	27.468	0	-3.22e-06	-2.27448e-07	0	3.22802	3.22802e+06	
35300	1.08817	27.468	0	-3.22e-06	-2.27448e-07	0	3.22802	3.22802e+06	
35400	1.08817	27.468	0	-3.22e-06	-2.27448e-07	0	3.22802	3.22802e+06	
35500	1.08817	27.468	0	-3.22e-06	-2.27448e-07	0	3.22802	3.22802e+06	
35600	1.09391	27.4148	0	-3.22e-06	-8.0176e-07	0	3.31832	3.31832e+06	
35700	1.09982	27.376	0	-3.22e-06	-8.0176e-07	0	3.31832	3.31832e+06	
35800	1.10563	27.3384	0	-3.22e-06	-8.0176e-07	0	3.31832	3.31832e+06	
35900	1.1116	27.2973	0	-3.22e-06	-8.0176e-07	0	3.31832	3.31832e+06	
36000	1.11774	27.2492	0	-3.22e-06	-8.0176e-07	0	3.31832	3.31832e+06	
36100	1.12359	27.1936	0	-3.22e-06	-7.87915e-07	0	3.315	3.315e+06	
36200	1.12873	27.1264	0	-3.22e-06	-7.87915e-07	0	3.315	3.315e+06	
36300	1.13216	27.0451	0	-3.22e-06	-7.87915e-07	0	3.315	3.315e+06	
36400	1.13219	26.9468	0	-3.22e-06	-7.87915e-07	0	3.315	3.315e+06	
36500	1.1263	26.8287	0	-3.22e-06	-7.87915e-07	0	3.315	3.315e+06	
36600	1.08854	26.5189	0	-3.22e-06	-2.14121e-06	0	3.86693	3.86693e+06	
36700	1.10989	26.3015	0	-3.22e-06	-2.14121e-06	0	3.86693	3.86693e+06	
36800	1.13097	26.0735	0	-3.22e-06	-2.14121e-06	0	3.86693	3.86693e+06	
36900	1.12437	25.797	0	-3.22e-06	-2.14121e-06	0	3.86693	3.86693e+06	
37000	1.0872	25.4902	0	-3.22e-06	-2.14121e-06	0	3.86693	3.86693e+06	
37100	1.11473	25.7358	0	-3.22e-06	2.39451e-06	0	4.01274	4.01274e+06	
37200	1.13268	26.0066	0	-3.22e-06	2.39451e-06	0	4.01274	4.01274e+06	
37300	1.1096	26.332	0	-3.22e-06	2.39451e-06	0	4.01274	4.01274e+06	
37400	1.09876	26.6265	0	-3.22e-06	2.39451e-06	0	4.01274	4.01274e+06	
37500	1.12812	26.874	0	-3.22e-06	2.39451e-06	0	4.01274	4.01274e+06	
37600	1.08818	26.5096	0	-3.22e-06	-2.61108e-06	0	4.14561	4.14561e+06	
37700	1.11787	26.2372	0	-3.22e-06	-2.61108e-06	0	4.14561	4.14561e+06	
37800	1.13204	25.931	0	-3.22e-06	-2.61108e-06	0	4.14561	4.14561e+06	
37900	1.09487	25.5687	0	-3.22e-06	-2.61108e-06	0	4.14561	4.14561e+06	
38000	1.11214	25.2826	0	-3.22e-06	-2.61108e-06	0	4.14561	4.14561e+06	
38100	1.09075	25.4497	0	-3.22e-06	9.13351e-07	0	3.34703	3.34703e+06	
38200	1.08992	25.5549	0	-3.22e-06	9.13351e-07	0	3.34703	3.34703e+06	
38300	1.09787	25.6122	0	-3.22e-06	9.13351e-07	0	3.34703	3.34703e+06	
38400	1.10578	25.6633	0	-3.22e-06	9.13351e-07	0	3.34703	3.34703e+06	
38500	1.11374	25.7193	0	-3.22e-06	9.13351e-07	0	3.34703	3.34703e+06	
38600	1.09518	25.5848	0	-3.22e-06	-6.3384e-07	0	3.28179	3.28179e+06	
38700	1.08718	25.4843	0	-3.22e-06	-6.3384e-07	0	3.28179	3.28179e+06	
38800	1.09073	25.4397	0	-3.22e-06	-6.3384e-07	0	3.28179	3.28179e+06	
38900	1.09419	25.4139	0	-3.22e-06	-6.3384e-07	0	3.28179	3.28179e+06	
39000	1.09713	25.3943	0	-3.22e-06	-6.3384e-07	0	3.28179	3.28179e+06	
39100	1.08724	25.4894	0	-3.22e-06	4.5397e-07	0	3.25184	3.25184e+06	
39200	1.08813	25.5329	0	-3.22e-06	4.5397e-07	0	3.25184	3.25184e+06	
39300	1.08995	25.5524	0	-3.22e-06	4.5397e-07	0	3.25184	3.25184e+06	
39400	1.09121	25.5631	0	-3.22e-06	4.5397e-07	0	3.25184	3.25184e+06	
39500	1.09206	25.5697	0	-3.22e-06	4.5397e-07	0	3.25184	3.25184e+06	
39600	1.09175	25.4281	0	-3.22e-06	-1.20928e-06	0	3.43959	3.43959e+06	
39700	1.1051	25.3395	0	-3.22e-06	-1.20928e-06	0	3.43959	3.43959e+06	
39800	1.11797	25.2448	0	-3.22e-06	-1.20928e-06	0	3.43959	3.43959e+06	
39900	1.12827	25.1312	0	-3.22e-06	-1.20928e-06	0	3.43959	3.43959e+06	
40000	1.13273	24.9933	0	-3.22e-06	-1.20928e-06	0	3.43959	3.43959e+06	
40100	1.11199	25.3147	0	-3.22e-06	2.38124e-06	0	4.00483	4.00483e+06	
40200	1.0968	25.6138	0	-3.22e-06	2.38124e-06	0	4.00483	4.00483e+06	
40300	1.12697	25.8573	0	-3.22e-06	2.38124e-06	0	4.00483	4.00483e+06	
40400	1.12832	26.1524	0	-3.22e-06	2.38124e-06	0	4.00483	4.00483e+06	
40500	1.08807	26.4898	0	-3.22e-06	2.38124e-06	0	4.00483	4.00483e+06	
40600	1.10051	26.3681	0	-3.22e-06	-1.37768e-06	0	3.50234	3.50234e+06	
40700	1.11657	26.2555	0	-3.22e-06	-1.37768e-06	0	3.50234	3.50234e+06	
40800	1.12881	26.1214	0	-3.22e-06	-1.37768e-06	0	3.50234	3.50234e+06	
40900	1.13247	25.9585	0	-3.22e-06	-1.37768e-06	0	3.50234	3.50234e+06	
41000	1.12061	25.7629	0	-3.22e-06	-1.37768e-06	0	3.50234	3.50234e+06	
41100	1.097	25.5948	0	-3.22e-06	-9.30765e-07	0	3.35182	3.35182e+06	
41200	1.08813	25.4644	0	-3.22e-06	-9.30765e-07	0	3.35182	3.35182e+06	
41300	1.09608	25.3994	0	-3.22e-06	-9.30765e-07	0	3.35182	3.35182e+06	
41400	1.10433	25.3462	0	-3.22e-06	-9.30765e-07	0	3.35182	3.35182e+06	
41500	1.11259	25.2892	0	-3.22e-06	-9.30765e-07	0	3.35182	3.35182e+06	
41600	1.09377	25.425	0	-3.22e-06	6.432e-07	0	3.28361	3.28361e+06	
41700	1.08737	25.5212	0	-3.22e-06	6.432e-07	0	3.28361	3.28361e+06	
41800	1.09116	25.5639	0	-3.22e-06	6.432e-07	0	3.28361	3.28361e+06	
41900	1.09469	25.5896	0	-3.22e-06	6.432e-07	0	3.28361	3.28361e+06	
42000	1.09773	25.6096	0	-3.22e-06	6.432e-07	0	3.28361	3.28361e+06	
42100	1.09869	25.3783	0	-3.16629e-06	-1.96655e-06	0	3.72729	3.72729e+06	
42200	1.12373	25.1882	0	-3.16629e-06	-1.96655e-06	0	3.72729	3.72729e+06	
42300	1.13286	24.9589	0	-3.16629e-06	-1.96655e-06	0	3.72729	3.72729e+06	
42400	1.11195	24.685	0	-3.16629e-06	-1.96655e-06	0	3.72729	3.72729e+06	
42500	1.09191	24.425	0	-3.16629e-06	-1.96655e-06	0	3.72729	3.72729e+06	
42600	1.09979	24.63	0	-3.22e-06	1.84729e-06	0	3.71226	3.71226e+06	
42700	1.12281	24.8046	0	-3.22e-06	1.84729e-06	0	3.71226	3.71226e+06	
42800	1.13271	25.0158	0	-3.22e-06	1.84729e-06	0	3.71226	3.71226e+06	
42900	1.11728	25.2698	0	-3.22e-06	1.84729e-06	0	3.71226	3.71226e+06	
43000	1.08772	25.5337	0	-3.22e-06	1.84729e-06	0	3.71226	3.71226e+06	
43100	1.12316	25.1835	0	-3.22e-06	-3.19844e-06	0	4.53855	4.53855e+06	
43200	1.12397	24.786	0	-3.22e-06	-3.19844e-06	0	4.53855	4.53855e+06	
43300	1.09743	24.3777	0	-3.22e-06	-3.19844e-06	0	4.53855	4.53855e+06	
43400	1.13227	24.0221	0	-3.22e-06	-3.19844e-06	0	4.53855	4.53855e+06	
43500	1.09959	23.5957	0	-3.22e-06	-3.19844e-06	0	4.53855	4.53855e+06	
43600	1.09266	23.4198	0	-3.22e-06	-1.45115e-06	0	3.53189	3.53189e+06	
43700	1.11044	23.3017	0	-3.22e-06	-1.45115e-06	0	3.53189	3.53189e+06	
43800	1.12552	23.1673	0	-3.22e-06	-1.45115e-06	0	3.53189	3.53189e+06	
43900	1.13268	23.0042	0	-3.22e-06	-1.45115e-06	0	3.53189	3.53189e+06	
44000	1.12491	22.8074	0	-3.22e-06	-1.45115e-06	0	3.53189	3.53189e+06	
44100	1.12557	23.1948	0	-3.22e-06	3.13515e-06	0	4.49417	4.49417e+06	
44200	1.09436	23.6014	0	-3.22e-06	3.13515e-06	0	4.49417	4.49417e+06	
44300	1.13139	23.9445	0	-3.22e-06	3.13515e-06	0	4.49417	4.49417e+06	
44400	1.10662	24.3575	0	-3.22e-06	3.13515e-06	0	4.49417	4.49417e+06	
44500	1.1125	24.7231	0	-3.22e-06	3.13515e-06	0	4.49417	4.49417e+06	
44600	1.1326	25.0359	0	-3.22e-06	2.72396e-06	0	4.21763	4.21763e+06	
44700	1.09836	25.4088	0	-3.22e-06	2.72396e-06	0	4.21763	4.21763e+06	
44800	1.1116	25.7141	0	-3.22e-06	2.72396e-06	0	4.21763	4.21763e+06	
44900	1.13267	26.025	0	-3.22e-06	2.72396e-06	0	4.21763	4.21763e+06	
45000	1.10025	26.3965	0	-3.22e-06	2.72396e-06	0	4.21763	4.21763e+06	
45100	1.1047	26.3438	0	-3.22e-06	-9.22116e-07	0	3.34943	3.34943e+06	
45200	1.1128	26.2877	0	-3.22e-06	-9.22116e-07	0	3.34943	3.34943e+06	
45300	1.12073	26.2217	0	-3.22e-06	-9.22116e-07	0	3.34943	3.34943e+06	
45400	1.12765	26.1422	0	-3.22e-06	-9.22116e-07	0	3.34943	3.34943e+06	
45500	1.13212	26.0459	0	-3.22e-06	-9.22116e-07	0	3.34943	3.34943e+06	
45600	1.12582	26.1782	0	-3.22e-06	9.02678e-07	0	3.34413	3.34413e+06	
45700	1.10774	26.335	0	-3.22e-06	9.02678e-07	0	3.34413	3.34413e+06	
45800	1.08728	26.4918	0	-3.22e-06	9.02678e-07	0	3.34413	3.34413e+06	
45900	1.09219	26.5734	0	-3.22e-06	9.02678e-07	0	3.34413	3.34413e+06	
46000	1.09997	26.6256	0	-3.22e-06	9.02678e-07	0	3.34413	3.34413e+06	
46100	1.10116	26.631	0	-3.22e-06	5.4159e-07	0	3.26523	3.26523e+06	
46200	1.10202	26.6365	0	-3.22e-06	5.4159e-07	0	3.26523	3.26523e+06	
46300	1.1029	26.6422	0	-3.22e-06	5.4159e-07	0	3.26523	3.26523e+06	
46400	1.10381	26.6481	0	-3.22e-06	5.4159e-07	0	3.26523	3.26523e+06	
46500	1.10478	26.6544	0	-3.22e-06	5.4159e-07	0	3.26523	3.26523e+06	
46600	1.09431	26.5823	0	-3.22e-06	-1.08208e-07	0	3.22182	3.22182e+06	
46700	1.08804	26.5281	0	-3.22e-06	-1.08208e-07	0	3.22182	3.22182e+06	
46800	1.087	26.5024	0	-3.22e-06	-1.08208e-07	0	3.22182	3.22182e+06	
46900	1.08705	26.4922	0	-3.22e-06	-1.08208e-07	0	3.22182	3.22182e+06	
47000	1.08715	26.4881	0	-3.22e-06	-1.08208e-07	0	3.22182	3.22182e+06	
47100	1.08702	26.5063	0	-3.22e-06	1.35e-07	0	3.22283	3.22283e+06	
47200	1.08719	26.5134	0	-3.22e-06	1.35e-07	0	3.22283	3.22283e+06	
47300	1.08729	26.5163	0	-3.22e-06	1.35e-07	0	3.22283	3.22283e+06	
47400	1.08734	26.5175	0	-3.22e-06	1.35e-07	0	3.22283	3.22283e+06	
47500	1.08736	26.5179	0	-3.22e-06	1.35e-07	0	3.22283	3.22283e+06	
47600	1.09371	26.4145	0	-3.22e-06	-1.08208e-06	0	3.39695	3.39695e+06	
47700	1.10478	26.3423	0	-3.22e-06	-1.08208e-06	0	3.39695	3.39695e+06	
47800	1.11563	26.2649	0	-3.22e-06	-1.08208e-06	0	3.39695	3.39695e+06	
47900	1.12525	26.1728	0	-3.22e-06	-1.08208e-06	0	3.39695	3.39695e+06	
48000	1.13166	26.0611	0	-3.22e-06	-1.08208e-06	0	3.39695	3.39695e+06	
48100	1.12492	25.8044	0	-3.22e-06	-1.97724e-06	0	3.77861	3.77861e+06	
48200	1.08809	25.5142	0	-3.22e-06	-1.97724e-06	0	3.77861	3.77861e+06	
48300	1.10775	25.3172	0	-3.22e-06	-1.97724e-06	0	3.77861	3.77861e+06	
48400	1.12897	25.1149	0	-3.22e-06	-1.97724e-06	0	3.77861	3.77861e+06	
48500	1.12944	24.869	0	-3.22e-06	-1.97724e-06	0	3.77861	3.77861e+06	
48600	1.14277	25.1433	0	-1.65679e-06	2.21425e-06	0	2.76548	2.76548e+06	
48700	1.10922	25.439	0	-1.65679e-06	2.21425e-06	0	2.76548	2.76548e+06	
48800	1.12098	25.6942	0	-1.65679e-06	2.21425e-06	0	2.76548	2.76548e+06	
48900	1.14456	25.9497	0	-1.65679e-06	2.21425e-06	0	2.76548	2.76548e+06	
49000	1.13624	26.2324	0	-1.65679e-06	2.21425e-06	0	2.76548	2.76548e+06	
49100	1.12551	26.212	0	-2.70199e-06	-4.353e-07	0	2.73683	2.73683e+06	
49200	1.12762	26.1897	0	-2.70199e-06	-4.353e-07	0	2.73683	2.73683e+06	
49300	1.12979	26.1636	0	-2.70199e-06	-4.353e-07	0	2.73683	2.73683e+06	
49400	1.13194	26.1331	0	-2.70199e-06	-4.353e-07	0	2.73683	2.73683e+06	
49500	1.1339	26.0973	0	-2.70199e-06	-4.353e-07	0	2.73683	2.73683e+06	
49600	1.09062	26.4639	0	-3.22e-06	2.63175e-06	0	4.15866	4.15866e+06	
49700	1.11561	26.7442	0	-3.22e-06	2.63175e-06	0	4.15866	4.15866e+06	
49800	1.13244	27.0491	0	-3.22e-06	2.63175e-06	0	4.15866	4.15866e+06	
49900	1.09779	27.4119	0	-3.22e-06	2.63175e-06	0	4.15866	4.15866e+06	
50000	1.11053	27.7059	0	-3.22e-06	2.63175e-06	0	4.15866	4.15866e+06	
