0	37	9	0	-3.22e-06	1.15351e-06	0	3.42038	3.42038e+06	
100	36.6	8.6	0	-3.22e-06	-3.22e-06	0	4.55377	4.55377e+06	
200	36.2	8.2	0	-3.22e-06	-3.22e-06	0	4.55377	4.55377e+06	
300	35.8	7.8	0	-3.22e-06	-3.22e-06	0	4.55377	4.55377e+06	
400	35.4	7.4	0	-3.22e-06	-3.22e-06	0	4.55377	4.55377e+06	
500	35	7	0	-3.22e-06	-3.22e-06	0	4.55377	4.55377e+06	
600	34.6	6.6	0	-3.22e-06	-3.22e-06	0	4.55377	4.55377e+06	
700	34.2	6.2	0	-3.22e-06	-3.22e-06	0	4.55377	4.55377e+06	
800	33.8	5.8	0	-3.22e-06	-3.22e-06	0	4.55377	4.55377e+06	
900	33.4	5.4	0	-3.22e-06	-3.22e-06	0	4.55377	4.55377e+06	
1000	33	5	0	-3.22e-06	-3.22e-06	0	4.55377	4.55377e+06	
1100	32.6	4.6	0	-3.22e-06	-3.22e-06	0	4.55377	4.55377e+06	
1200	32.2	4.2	0	-3.22e-06	-3.22e-06	0	4.55377	4.55377e+06	
1300	31.8	3.8	0	-3.22e-06	-3.22e-06	0	4.55377	4.55377e+06	
1400	31.4	3.4	0	-3.22e-06	-3.22e-06	0	4.55377	4.55377e+06	
1500	31	3	0	-3.22e-06	-3.22e-06	0	4.55377	4.55377e+06	
1600	30.6	2.6	0	-3.22e-06	-3.22e-06	0	4.55377	4.55377e+06	
1700	30.2	2.20036	0	-3.22e-06	-3.22e-06	0	4.55377	4.55377e+06	
1800	29.7961	2.12486	0	-3.22e-06	-3.22e-06	0	4.55377	4.55377e+06	
1900	29.3832	2.09657	0	-3.22e-06	-3.22e-06	0	4.55377	4.55377e+06	
2000	29.13	2.12986	0	-3.22e-06	-3.22e-06	0	4.55377	4.55377e+06	
2100	29.1378	2.12903	0	-2.25582e-06	-3.22e-06	0	3.93156	3.93156e+06	
2200	29.1378	2.12903	0	-2.25582e-06	-3.22e-06	0	3.93156	3.93156e+06	
2300	29.1378	2.12903	0	-2.25582e-06	-3.22e-06	0	3.93156	3.93156e+06	
2400	29.1378	2.12903	0	-2.25582e-06	-3.22e-06	0	3.93156	3.93156e+06	
2500	29.1378	2.12903	0	-2.25582e-06	-3.22e-06	0	3.93156	3.93156e+06	
2600	29.1299	2.12993	0	-3.22e-06	-3.22e-06	0	4.55377	4.55377e+06	
2700	29.1299	2.12993	0	-3.22e-06	-3.22e-06	0	4.55377	4.55377e+06	
2800	29.1299	2.12993	0	-3.22e-06	-3.22e-06	0	4.55377	4.55377e+06	
2900	29.1299	2.12993	0	-3.22e-06	-3.22e-06	0	4.55377	4.55377e+06	
3000	29.1299	2.12993	0	-3.22e-06	-3.22e-06	0	4.55377	4.55377e+06	
3100	29.1299	2.12993	0	-3.22e-06	-3.22e-06	0	4.55377	4.55377e+06	
3200	29.1299	2.12993	0	-3.22e-06	-3.22e-06	0	4.55377	4.55377e+06	
3300	29.1299	2.12993	0	-3.22e-06	-3.22e-06	0	4.55377	4.55377e+06	
3400	29.1299	2.12993	0	-3.22e-06	-3.22e-06	0	4.55377	4.55377e+06	
3500	29.1299	2.12993	0	-3.22e-06	-3.22e-06	0	4.55377	4.55377e+06	
3600	29.1299	2.12993	0	-3.22e-06	-3.22e-06	0	4.55377	4.55377e+06	
3700	29.1299	2.12993	0	-3.22e-06	-3.22e-06	0	4.55377	4.55377e+06	
3800	29.1299	2.12993	0	-3.22e-06	-3.22e-06	0	4.55377	4.55377e+06	
3900	29.1299	2.12993	0	-3.22e-06	-3.22e-06	0	4.55377	4.55377e+06	
4000	29.1299	2.12993	0	-3.22e-06	-3.22e-06	0	4.55377	4.55377e+06	
4100	29.1299	2.12993	0	-3.22e-06	-3.22e-06	0	4.55377	4.55377e+06	
4200	29.1299	2.12993	0	-3.22e-06	-3.22e-06	0	4.55377	4.55377e+06	
4300	29.1299	2.12993	0	-3.22e-06	-3.22e-06	0	4.55377	4.55377e+06	
4400	29.1299	2.12993	0	-3.22e-06	-3.22e-06	0	4.55377	4.55377e+06	
4500	29.1299	2.12993	0	-3.22e-06	-3.22e-06	0	4.55377	4.55377e+06	
4600	29.1299	2.12993	0	-3.22e-06	-3.22e-06	0	4.55377	4.55377e+06	
4700	29.1299	2.12993	0	-3.22e-06	-3.22e-06	0	4.55377	4.55377e+06	
4800	29.1299	2.12993	0	-3.22e-06	-3.22e-06	0	4.55377	4.55377e+06	
4900	29.1299	2.12993	0	-3.22e-06	-3.22e-06	0	4.55377	4.55377e+06	
5000	29.1299	2.12993	0	-3.22e-06	-3.22e-06	0	4.55377	4.55377e+06	
5100	29.1289	2.13911	0	-3.22e-06	-2.12809e-06	0	3.85968	3.85968e+06	
5200	29.1289	2.13911	0	-3.22e-06	-2.12809e-06	0	3.85968	3.85968e+06	
5300	29.1289	2.13911	0	-3.22e-06	-2.12809e-06	0	3.85968	3.85968e+06	
5400	29.1289	2.13911	0	-3.22e-06	-2.12809e-06	0	3.85968	3.85968e+06	
5500	29.1289	2.13911	0	-3.22e-06	-2.12809e-06	0	3.85968	3.85968e+06	
5600	29.1297	2.13192	0	-3.22e-06	-2.93833e-06	0	4.35915	4.35915e+06	
5700	29.1297	2.13192	0	-3.22e-06	-2.93833e-06	0	4.35915	4.35915e+06	
5800	29.1297	2.13192	0	-3.22e-06	-2.93833e-06	0	4.35915	4.35915e+06	
5900	29.1297	2.13192	0	-3.22e-06	-2.93833e-06	0	4.35915	4.35915e+06	
6000	29.1297	2.13192	0	-3.22e-06	-2.93833e-06	0	4.35915	4.35915e+06	
6100	29.1299	2.12993	0	-3.22e-06	-3.22e-06	0	4.55377	4.55377e+06	
6200	29.1299	2.12993	0	-3.22e-06	-3.22e-06	0	4.55377	4.55377e+06	
6300	29.1299	2.12993	0	-3.22e-06	-3.22e-06	0	4.55377	4.55377e+06	
6400	29.1299	2.12993	0	-3.22e-06	-3.22e-06	0	4.55377	4.55377e+06	
6500	29.1299	2.12993	0	-3.22e-06	-3.22e-06	0	4.55377	4.55377e+06	
6600	29.1299	2.12993	0	-3.22e-06	-3.22e-06	0	4.55377	4.55377e+06	
6700	29.1299	2.12993	0	-3.22e-06	-3.22e-06	0	4.55377	4.55377e+06	
6800	29.1299	2.12993	0	-3.22e-06	-3.22e-06	0	4.55377	4.55377e+06	
6900	29.1299	2.12993	0	-3.22e-06	-3.22e-06	0	4.55377	4.55377e+06	
7000	29.1299	2.12993	0	-3.22e-06	-3.22e-06	0	4.55377	4.55377e+06	
7100	29.1763	2.12553	0	-4.99313e-07	-3.22e-06	0	3.25848	3.25848e+06	
7200	29.1807	2.12511	0	-4.99313e-07	-3.22e-06	0	3.25848	3.25848e+06	
7300	29.1819	2.125	0	-4.99313e-07	-3.22e-06	0	3.25848	3.25848e+06	
7400	29.1822	2.12496	0	-4.99313e-07	-3.22e-06	0	3.25848	3.25848e+06	
7500	29.1823	2.12495	0	-4.99313e-07	-3.22e-06	0	3.25848	3.25848e+06	
7600	29.1856	2.12467	0	-4.55948e-07	-3.22e-06	0	3.25212	3.25212e+06	
7700	29.1868	2.12455	0	-4.55948e-07	-3.22e-06	0	3.25212	3.25212e+06	
7800	29.1872	2.12451	0	-4.55948e-07	-3.22e-06	0	3.25212	3.25212e+06	
7900	29.1874	2.12449	0	-4.55948e-07	-3.22e-06	0	3.25212	3.25212e+06	
8000	29.1875	2.12448	0	-4.55948e-07	-3.22e-06	0	3.25212	3.25212e+06	
8100	29.3816	2.10089	0	1.15798e-06	-3.22e-06	0	3.42189	3.42189e+06	
8200	29.5428	2.08859	0	1.15798e-06	-3.22e-06	0	3.42189	3.42189e+06	
8300	29.6303	2.10047	0	1.15798e-06	-3.22e-06	0	3.42189	3.42189e+06	
8400	29.7139	2.11283	0	1.15798e-06	-3.22e-06	0	3.42189	3.42189e+06	
8500	29.8119	2.12389	0	1.15798e-06	-3.22e-06	0	3.42189	3.42189e+06	
8600	30.2116	2.1242	0	3.22e-06	-3.22e-06	0	4.55377	4.55377e+06	
8700	30.6226	2.09746	0	3.22e-06	-3.22e-06	0	4.55377	4.55377e+06	
8800	30.9812	2.13232	0	3.22e-06	-3.22e-06	0	4.55377	4.55377e+06	
8900	31.4107	2.09862	0	3.22e-06	-3.22e-06	0	4.55377	4.55377e+06	
9000	31.7739	2.11874	0	3.22e-06	-3.22e-06	0	4.55377	4.55377e+06	
9100	32.1654	2.12778	0	3.22e-06	-3.22e-06	0	4.55377	4.55377e+06	
9200	32.587	2.09232	0	3.22e-06	-3.22e-06	0	4.55377	4.55377e+06	
9300	32.9393	2.13118	0	3.22e-06	-3.22e-06	0	4.55377	4.55377e+06	
9400	33.3627	2.10594	0	3.22e-06	-3.22e-06	0	4.55377	4.55377e+06	
9500	33.7366	2.11422	0	3.22e-06	-3.22e-06	0	4.55377	4.55377e+06	
9600	34.1201	2.13035	0	3.22e-06	-3.22e-06	0	4.55377	4.55377e+06	
9700	34.5501	2.08846	0	3.22e-06	-3.22e-06	0	4.55377	4.55377e+06	
9800	34.8984	2.12927	0	3.22e-06	-3.22e-06	0	4.55377	4.55377e+06	
9900	35.3146	2.11275	0	3.22e-06	-3.22e-06	0	4.55377	4.55377e+06	
10000	35.7002	2.10925	0	3.22e-06	-3.22e-06	0	4.55377	4.55377e+06	
10100	36.0788	2.13508	0	3.22e-06	-2.75032e-06	0	4.23469	4.23469e+06	
10200	36.5081	2.09119	0	3.22e-06	-2.75032e-06	0	4.23469	4.23469e+06	
10300	36.8637	2.12996	0	3.22e-06	-2.75032e-06	0	4.23469	4.23469e+06	
10400	37.2719	2.12164	0	3.22e-06	-2.75032e-06	0	4.23469	4.23469e+06	
10500	37.6685	2.1073	0	3.22e-06	-2.75032e-06	0	4.23469	4.23469e+06	
10600	38.0151	2.13267	0	3.057e-06	-3.22e-06	0	4.44001	4.44001e+06	
10700	38.4279	2.09585	0	3.057e-06	-3.22e-06	0	4.44001	4.44001e+06	
10800	38.7677	2.11815	0	3.057e-06	-3.22e-06	0	4.44001	4.44001e+06	
10900	39.1358	2.12952	0	3.057e-06	-3.22e-06	0	4.44001	4.44001e+06	
11000	39.5467	2.08827	0	3.057e-06	-3.22e-06	0	4.44001	4.44001e+06	
11100	39.6979	2.11017	0	1.70167e-06	-3.22e-06	0	3.64199	3.64199e+06	
11200	39.8661	2.12789	0	1.70167e-06	-3.22e-06	0	3.64199	3.64199e+06	
11300	40.0705	2.13188	0	1.70167e-06	-3.22e-06	0	3.64199	3.64199e+06	
11400	40.3149	2.11135	0	1.70167e-06	-3.22e-06	0	3.64199	3.64199e+06	
11500	40.5511	2.08908	0	1.70167e-06	-3.22e-06	0	3.64199	3.64199e+06	
11600	40.5287	2.12688	0	-1.14082e-07	-4.70929e-07	0	0.484551	484551	
11700	40.5119	2.12686	0	-1.14082e-07	-4.70929e-07	0	0.484551	484551	
11800	40.4972	2.12656	0	-1.14082e-07	-4.70929e-07	0	0.484551	484551	
11900	40.4842	2.12669	0	-1.14082e-07	-4.70929e-07	0	0.484551	484551	
12000	40.4728	2.12715	0	-1.14082e-07	-4.70929e-07	0	0.484551	484551	
12100	40.3808	2.09875	0	-1.13641e-06	-3.22e-06	0	3.41465	3.41465e+06	
12200	40.3011	2.11079	0	-1.13641e-06	-3.22e-06	0	3.41465	3.41465e+06	
12300	40.209	2.1219	0	-1.13641e-06	-3.22e-06	0	3.41465	3.41465e+06	
12400	40.0977	2.13019	0	-1.13641e-06	-3.22e-06	0	3.41465	3.41465e+06	
12500	39.9628	2.13252	0	-1.13641e-06	-3.22e-06	0	3.41465	3.41465e+06	
12600	39.7739	2.12172	0	-1.33348e-06	-3.22e-06	0	3.48519	3.48519e+06	
12700	39.5577	2.09205	0	-1.33348e-06	-3.22e-06	0	3.48519	3.48519e+06	
12800	39.4109	2.09401	0	-1.33348e-06	-3.22e-06	0	3.48519	3.48519e+06	
12900	39.3076	2.1097	0	-1.33348e-06	-3.22e-06	0	3.48519	3.48519e+06	
13000	39.1903	2.12359	0	-1.33348e-06	-3.22e-06	0	3.48519	3.48519e+06	
13100	39.0024	2.13268	0	-1.66799e-06	-3.22e-06	0	3.62638	3.62638e+06	
13200	38.776	2.12214	0	-1.66799e-06	-3.22e-06	0	3.62638	3.62638e+06	
13300	38.5218	2.08845	0	-1.66799e-06	-3.22e-06	0	3.62638	3.62638e+06	
13400	38.357	2.10197	0	-1.66799e-06	-3.22e-06	0	3.62638	3.62638e+06	
13500	38.2042	2.12206	0	-1.66799e-06	-3.22e-06	0	3.62638	3.62638e+06	
13600	37.8079	2.12583	0	-3.22e-06	-3.22e-06	0	4.55377	4.55377e+06	
13700	37.3923	2.09522	0	-3.22e-06	-3.22e-06	0	4.55377	4.55377e+06	
13800	37.0365	2.13194	0	-3.22e-06	-3.22e-06	0	4.55377	4.55377e+06	
13900	36.6094	2.10171	0	-3.22e-06	-3.22e-06	0	4.55377	4.55377e+06	
14000	36.2419	2.1169	0	-3.22e-06	-3.22e-06	0	4.55377	4.55377e+06	
14100	35.8537	2.12898	0	-3.22e-06	-3.22e-06	0	4.55377	4.55377e+06	
14200	35.4282	2.09046	0	-3.22e-06	-3.22e-06	0	4.55377	4.55377e+06	
14300	35.078	2.13047	0	-3.22e-06	-3.22e-06	0	4.55377	4.55377e+06	
14400	34.6576	2.1089	0	-3.22e-06	-3.22e-06	0	4.55377	4.55377e+06	
14500	34.2788	2.11218	0	-3.22e-06	-3.22e-06	0	4.55377	4.55377e+06	
14600	33.8988	2.13114	0	-3.22e-06	-3.22e-06	0	4.55377	4.55377e+06	
14700	33.4663	2.08762	0	-3.22e-06	-3.22e-06	0	4.55377	4.55377e+06	
14800	33.1186	2.12826	0	-3.22e-06	-3.22e-06	0	4.55377	4.55377e+06	
14900	32.7055	2.11534	0	-3.22e-06	-3.22e-06	0	4.55377	4.55377e+06	
15000	32.315	2.10704	0	-3.22e-06	-3.22e-06	0	4.55377	4.55377e+06	
15100	31.9439	2.13236	0	-3.21351e-06	-3.22e-06	0	4.54918	4.54918e+06	
15200	31.5095	2.08859	0	-3.21351e-06	-3.22e-06	0	4.54918	4.54918e+06	
15300	31.1606	2.12517	0	-3.21351e-06	-3.22e-06	0	4.54918	4.54918e+06	
15400	30.7565	2.12114	0	-3.21351e-06	-3.22e-06	0	4.54918	4.54918e+06	
15500	30.3539	2.1011	0	-3.21351e-06	-3.22e-06	0	4.54918	4.54918e+06	
15600	29.9857	2.13569	0	-3.22e-06	-2.76233e-06	0	4.2425	4.2425e+06	
15700	29.5577	2.0977	0	-3.22e-06	-2.76233e-06	0	4.2425	4.2425e+06	
15800	29.1958	2.12478	0	-3.22e-06	-2.76233e-06	0	4.2425	4.2425e+06	
15900	29.1295	2.13328	0	-3.22e-06	-2.76233e-06	0	4.2425	4.2425e+06	
16000	29.1295	2.13328	0	-3.22e-06	-2.76233e-06	0	4.2425	4.2425e+06	
16100	29.1294	2.13438	0	-3.22e-06	-2.62797e-06	0	4.15628	4.15628e+06	
16200	29.1294	2.13438	0	-3.22e-06	-2.62797e-06	0	4.15628	4.15628e+06	
16300	29.1294	2.13438	0	-3.22e-06	-2.62797e-06	0	4.15628	4.15628e+06	
16400	29.1294	2.13438	0	-3.22e-06	-2.62797e-06	0	4.15628	4.15628e+06	
16500	29.1294	2.13438	0	-3.22e-06	-2.62797e-06	0	4.15628	4.15628e+06	
16600	29.1286	2.14178	0	-3.22e-06	-1.89387e-06	0	3.73566	3.73566e+06	
16700	29.1286	2.14178	0	-3.22e-06	-1.89387e-06	0	3.73566	3.73566e+06	
16800	29.1286	2.14178	0	-3.22e-06	-1.89387e-06	0	3.73566	3.73566e+06	
16900	29.1286	2.14178	0	-3.22e-06	-1.89387e-06	0	3.73566	3.73566e+06	
17000	29.1286	2.14178	0	-3.22e-06	-1.89387e-06	0	3.73566	3.73566e+06	
17100	29.1265	2.16462	0	-3.22e-06	-7.73299e-07	0	3.31155	3.31155e+06	
17200	29.1265	2.16522	0	-3.22e-06	-7.73299e-07	0	3.31155	3.31155e+06	
17300	29.1265	2.16525	0	-3.22e-06	-7.73299e-07	0	3.31155	3.31155e+06	
17400	29.1265	2.16525	0	-3.22e-06	-7.73299e-07	0	3.31155	3.31155e+06	
17500	29.1265	2.16525	0	-3.22e-06	-7.73299e-07	0	3.31155	3.31155e+06	
17600	29.1192	2.2429	0	-3.22e-06	2.02689e-07	0	3.22637	3.22637e+06	
17700	29.1095	2.31878	0	-3.22e-06	2.02689e-07	0	3.22637	3.22637e+06	
17800	29.0967	2.40247	0	-3.22e-06	2.02689e-07	0	3.22637	3.22637e+06	
17900	29.0881	2.47148	0	-3.22e-06	2.02689e-07	0	3.22637	3.22637e+06	
18000	29.087	2.50515	0	-3.22e-06	2.02689e-07	0	3.22637	3.22637e+06	
18100	29.1263	2.85357	0	-3.22e-06	3.22e-06	0	4.55377	4.55377e+06	
18200	29.1192	3.2614	0	-3.22e-06	3.22e-06	0	4.55377	4.55377e+06	
18300	29.1033	3.66016	0	-3.22e-06	3.22e-06	0	4.55377	4.55377e+06	
18400	29.1327	4.02665	0	-3.22e-06	3.22e-06	0	4.55377	4.55377e+06	
18500	29.0915	4.46079	0	-3.22e-06	3.22e-06	0	4.55377	4.55377e+06	
18600	29.123	4.81448	0	-3.22e-06	3.22e-06	0	4.55377	4.55377e+06	
18700	29.1239	5.2145	0	-3.22e-06	3.22e-06	0	4.55377	4.55377e+06	
18800	29.0978	5.62484	0	-3.22e-06	3.22e-06	0	4.55377	4.55377e+06	
18900	29.1324	5.98387	0	-3.22e-06	3.22e-06	0	4.55377	4.55377e+06	
19000	29.0982	6.41377	0	-3.22e-06	3.22e-06	0	4.55377	4.55377e+06	
19100	29.1003	6.63423	0	-3.22e-06	1.95785e-06	0	3.7685	3.7685e+06	
19200	29.1245	6.82434	0	-3.22e-06	1.95785e-06	0	3.7685	3.7685e+06	
19300	29.1323	7.05486	0	-3.22e-06	1.95785e-06	0	3.7685	3.7685e+06	
19400	29.1091	7.33098	0	-3.22e-06	1.95785e-06	0	3.7685	3.7685e+06	
19500	29.0366	7.65009	0	-3.22e-06	1.95785e-06	0	3.7685	3.7685e+06	
19600	28.9078	7.97174	0	-3.22e-06	1.70449e-06	0	3.64331	3.64331e+06	
19700	28.7045	8.30554	0	-3.22e-06	1.70449e-06	0	3.64331	3.64331e+06	
19800	28.4204	8.62367	0	-3.22e-06	1.70449e-06	0	3.64331	3.64331e+06	
19900	28.0669	8.8987	0	-3.22e-06	1.70449e-06	0	3.64331	3.64331e+06	
20000	27.6746	9.12664	0	-3.22e-06	1.70449e-06	0	3.64331	3.64331e+06	
20100	27.2748	9.33081	0	-3.22e-06	1.6385e-06	0	3.6129	3.6129e+06	
20200	26.8748	9.53435	0	-3.22e-06	1.6385e-06	0	3.6129	3.6129e+06	
20300	26.4748	9.73789	0	-3.22e-06	1.6385e-06	0	3.6129	3.6129e+06	
20400	26.0748	9.94143	0	-3.22e-06	1.6385e-06	0	3.6129	3.6129e+06	
20500	25.6748	10.145	0	-3.22e-06	1.6385e-06	0	3.6129	3.6129e+06	
20600	25.2748	10.466	0	-3.22e-06	2.58445e-06	0	4.12889	4.12889e+06	
20700	24.8748	10.7871	0	-3.22e-06	2.58445e-06	0	4.12889	4.12889e+06	
20800	24.4748	11.1081	0	-3.22e-06	2.58445e-06	0	4.12889	4.12889e+06	
20900	24.0748	11.4292	0	-3.22e-06	2.58445e-06	0	4.12889	4.12889e+06	
21000	23.6748	11.7502	0	-3.22e-06	2.58445e-06	0	4.12889	4.12889e+06	
21100	23.2748	12.1502	0	-3.22e-06	3.22e-06	0	4.55377	4.55377e+06	
21200	22.8748	12.5502	0	-3.22e-06	3.22e-06	0	4.55377	4.55377e+06	
21300	22.4748	12.9502	0	-3.22e-06	3.22e-06	0	4.55377	4.55377e+06	
21400	22.0748	13.3502	0	-3.22e-06	3.22e-06	0	4.55377	4.55377e+06	
21500	21.6748	13.7502	0	-3.22e-06	3.22e-06	0	4.55377	4.55377e+06	
21600	21.2748	14.1022	0	-3.22e-06	2.83333e-06	0	4.28908	4.28908e+06	
21700	20.8748	14.4542	0	-3.22e-06	2.83333e-06	0	4.28908	4.28908e+06	
21800	20.4748	14.8061	0	-3.22e-06	2.83333e-06	0	4.28908	4.28908e+06	
21900	20.0748	15.1581	0	-3.22e-06	2.83333e-06	0	4.28908	4.28908e+06	
22000	19.6748	15.5101	0	-3.22e-06	2.83333e-06	0	4.28908	4.28908e+06	
22100	19.2748	15.6085	0	-3.22e-06	7.92808e-07	0	3.31616	3.31616e+06	
22200	18.8748	15.707	0	-3.22e-06	7.92808e-07	0	3.31616	3.31616e+06	
22300	18.4748	15.8055	0	-3.22e-06	7.92808e-07	0	3.31616	3.31616e+06	
22400	18.0748	15.904	0	-3.22e-06	7.92808e-07	0	3.31616	3.31616e+06	
22500	17.6748	16.0025	0	-3.22e-06	7.92808e-07	0	3.31616	3.31616e+06	
22600	17.2748	16.0998	0	-3.22e-06	7.83408e-07	0	3.31393	3.31393e+06	
22700	16.8748	16.1971	0	-3.22e-06	7.83408e-07	0	3.31393	3.31393e+06	
22800	16.4748	16.2944	0	-3.22e-06	7.83408e-07	0	3.31393	3.31393e+06	
22900	16.0748	16.3918	0	-3.22e-06	7.83408e-07	0	3.31393	3.31393e+06	
23000	15.6748	16.4891	0	-3.22e-06	7.83408e-07	0	3.31393	3.31393e+06	
23100	15.2748	16.46	0	-3.22e-06	-2.34181e-07	0	3.2285	3.2285e+06	
23200	14.8748	16.4309	0	-3.22e-06	-2.34181e-07	0	3.2285	3.2285e+06	
23300	14.4748	16.4018	0	-3.22e-06	-2.34181e-07	0	3.2285	3.2285e+06	
23400	14.0748	16.3727	0	-3.22e-06	-2.34181e-07	0	3.2285	3.2285e+06	
23500	13.6748	16.3436	0	-3.22e-06	-2.34181e-07	0	3.2285	3.2285e+06	
23600	13.2748	16.6513	0	-3.22e-06	2.47702e-06	0	4.06252	4.06252e+06	
23700	12.8748	16.959	0	-3.22e-06	2.47702e-06	0	4.06252	4.06252e+06	
23800	12.4748	17.2667	0	-3.22e-06	2.47702e-06	0	4.06252	4.06252e+06	
23900	12.0748	17.5744	0	-3.22e-06	2.47702e-06	0	4.06252	4.06252e+06	
24000	11.6748	17.8821	0	-3.22e-06	2.47702e-06	0	4.06252	4.06252e+06	
24100	11.2748	18.1326	0	-3.22e-06	2.01627e-06	0	3.79918	3.79918e+06	
24200	10.8748	18.3831	0	-3.22e-06	2.01627e-06	0	3.79918	3.79918e+06	
24300	10.4748	18.6335	0	-3.22e-06	2.01627e-06	0	3.79918	3.79918e+06	
24400	10.0748	18.884	0	-3.22e-06	2.01627e-06	0	3.79918	3.79918e+06	
24500	9.67481	19.1345	0	-3.22e-06	2.01627e-06	0	3.79918	3.79918e+06	
24600	9.27481	18.8309	0	-3.22e-06	-2.44345e-06	0	4.04213	4.04213e+06	
24700	8.87481	18.5274	0	-3.22e-06	-2.44345e-06	0	4.04213	4.04213e+06	
24800	8.47481	18.2239	0	-3.22e-06	-2.44345e-06	0	4.04213	4.04213e+06	
24900	8.07481	17.9203	0	-3.22e-06	-2.44345e-06	0	4.04213	4.04213e+06	
25000	7.67481	17.6168	0	-3.22e-06	-2.44345e-06	0	4.04213	4.04213e+06	
25100	7.49862	17.5563	0	-1.41838e-06	-4.86874e-07	0	1.49962	1.49962e+06	
25200	7.32242	17.4959	0	-1.41838e-06	-4.86874e-07	0	1.49962	1.49962e+06	
25300	7.14622	17.4354	0	-1.41838e-06	-4.86874e-07	0	1.49962	1.49962e+06	
25400	6.97003	17.3749	0	-1.41838e-06	-4.86874e-07	0	1.49962	1.49962e+06	
25500	6.79383	17.3144	0	-1.41838e-06	-4.86874e-07	0	1.49962	1.49962e+06	
25600	6.67412	17.2525	0	-9.63659e-07	-4.9804e-07	0	1.08475	1.08475e+06	
25700	6.55441	17.1907	0	-9.63659e-07	-4.9804e-07	0	1.08475	1.08475e+06	
25800	6.4347	17.1288	0	-9.63659e-07	-4.9804e-07	0	1.08475	1.08475e+06	
25900	6.31499	17.0669	0	-9.63659e-07	-4.9804e-07	0	1.08475	1.08475e+06	
26000	6.19528	17.0051	0	-9.63659e-07	-4.9804e-07	0	1.08475	1.08475e+06	
26100	6.10225	16.9022	0	-7.48876e-07	-8.28437e-07	0	1.11675	1.11675e+06	
26200	6.00923	16.7992	0	-7.48876e-07	-8.28437e-07	0	1.11675	1.11675e+06	
26300	5.9162	16.6963	0	-7.48876e-07	-8.28437e-07	0	1.11675	1.11675e+06	
26400	5.82317	16.5934	0	-7.48876e-07	-8.28437e-07	0	1.11675	1.11675e+06	
26500	5.73014	16.4905	0	-7.48876e-07	-8.28437e-07	0	1.11675	1.11675e+06	
26600	5.57333	16.1432	0	-1.2623e-06	-2.79588e-06	0	3.06763	3.06763e+06	
26700	5.41653	15.7959	0	-1.2623e-06	-2.79588e-06	0	3.06763	3.06763e+06	
26800	5.25972	15.4486	0	-1.2623e-06	-2.79588e-06	0	3.06763	3.06763e+06	
26900	5.10291	15.1012	0	-1.2623e-06	-2.79588e-06	0	3.06763	3.06763e+06	
27000	4.9461	14.7539	0	-1.2623e-06	-2.79588e-06	0	3.06763	3.06763e+06	
27100	4.80762	14.3539	0	-1.11481e-06	-3.22e-06	0	3.40752	3.40752e+06	
27200	4.66913	13.9539	0	-1.11481e-06	-3.22e-06	0	3.40752	3.40752e+06	
27300	4.53065	13.5539	0	-1.11481e-06	-3.22e-06	0	3.40752	3.40752e+06	
27400	4.39216	13.1539	0	-1.11481e-06	-3.22e-06	0	3.40752	3.40752e+06	
27500	4.25368	12.7539	0	-1.11481e-06	-3.22e-06	0	3.40752	3.40752e+06	
27600	4.09689	12.5999	0	-1.26212e-06	-1.23984e-06	0	1.76923	1.76923e+06	
27700	3.94011	12.4459	0	-1.26212e-06	-1.23984e-06	0	1.76923	1.76923e+06	
27800	3.78332	12.2919	0	-1.26212e-06	-1.23984e-06	0	1.76923	1.76923e+06	
27900	3.62654	12.1379	0	-1.26212e-06	-1.23984e-06	0	1.76923	1.76923e+06	
28000	3.46975	11.9838	0	-1.26212e-06	-1.23984e-06	0	1.76923	1.76923e+06	
28100	3.1333	11.7926	0	-2.70846e-06	-1.53945e-06	0	3.11539	3.11539e+06	
28200	2.79684	11.6014	0	-2.70846e-06	-1.53945e-06	0	3.11539	3.11539e+06	
28300	2.46039	11.4101	0	-2.70846e-06	-1.53945e-06	0	3.11539	3.11539e+06	
28400	2.12393	11.2189	0	-2.70846e-06	-1.53945e-06	0	3.11539	3.11539e+06	
28500	1.78748	11.0277	0	-2.70846e-06	-1.53945e-06	0	3.11539	3.11539e+06	
28600	1.38748	11.29	0	-3.22e-06	2.11211e-06	0	3.8509	3.8509e+06	
28700	1.08881	11.5492	0	-3.22e-06	2.11211e-06	0	3.8509	3.8509e+06	
28800	1.11694	11.7519	0	-3.22e-06	2.11211e-06	0	3.8509	3.8509e+06	
28900	1.13256	11.9878	0	-3.22e-06	2.11211e-06	0	3.8509	3.8509e+06	
29000	1.1172	12.2721	0	-3.22e-06	2.11211e-06	0	3.8509	3.8509e+06	
29100	1.10452	12.6683	0	-3.22e-06	3.22e-06	0	4.55377	4.55377e+06	
29200	1.1326	13.0365	0	-3.22e-06	3.22e-06	0	4.55377	4.55377e+06	
29300	1.09035	13.4712	0	-3.22e-06	3.22e-06	0	4.55377	4.55377e+06	
29400	1.12378	13.8233	0	-3.22e-06	3.22e-06	0	4.55377	4.55377e+06	
29500	1.12296	14.2251	0	-3.22e-06	3.22e-06	0	4.55377	4.55377e+06	
29600	1.09904	14.6329	0	-3.22e-06	3.22e-06	0	4.55377	4.55377e+06	
29700	1.13251	14.9936	0	-3.22e-06	3.22e-06	0	4.55377	4.55377e+06	
29800	1.09652	15.4246	0	-3.22e-06	3.22e-06	0	4.55377	4.55377e+06	
29900	1.11996	15.7849	0	-3.22e-06	3.22e-06	0	4.55377	4.55377e+06	
30000	1.12684	16.1788	0	-3.22e-06	3.22e-06	0	4.55377	4.55377e+06	
30100	1.09374	16.5975	0	-3.22e-06	3.22e-06	0	4.55377	4.55377e+06	
30200	1.13159	16.9514	0	-3.22e-06	3.22e-06	0	4.55377	4.55377e+06	
30300	1.10383	17.3767	0	-3.22e-06	3.22e-06	0	4.55377	4.55377e+06	
30400	1.11559	17.7474	0	-3.22e-06	3.22e-06	0	4.55377	4.55377e+06	
30500	1.1297	18.1332	0	-3.22e-06	3.22e-06	0	4.55377	4.55377e+06	
30600	1.09157	18.4526	0	-3.22e-06	2.22498e-06	0	3.91394	3.91394e+06	
30700	1.10832	18.6881	0	-3.22e-06	2.22498e-06	0	3.91394	3.91394e+06	
30800	1.13089	18.9252	0	-3.22e-06	2.22498e-06	0	3.91394	3.91394e+06	
30900	1.12354	19.2128	0	-3.22e-06	2.22498e-06	0	3.91394	3.91394e+06	
31000	1.08737	19.5265	0	-3.22e-06	2.22498e-06	0	3.91394	3.91394e+06	
31100	1.09312	19.5795	0	-3.22e-06	7.76981e-07	0	3.31242	3.31242e+06	
31200	1.09864	19.6163	0	-3.22e-06	7.76981e-07	0	3.31242	3.31242e+06	
31300	1.10397	19.6506	0	-3.22e-06	7.76981e-07	0	3.31242	3.31242e+06	
31400	1.10942	19.6871	0	-3.22e-06	7.76981e-07	0	3.31242	3.31242e+06	
31500	1.11511	19.729	0	-3.22e-06	7.76981e-07	0	3.31242	3.31242e+06	
31600	1.10691	19.6529	0	-2.97097e-06	-2.07813e-07	0	2.97822	2.97822e+06	
31700	1.09487	19.5739	0	-2.97097e-06	-2.07813e-07	0	2.97822	2.97822e+06	
31800	1.08907	19.5166	0	-2.97097e-06	-2.07813e-07	0	2.97822	2.97822e+06	
31900	1.08875	19.4896	0	-2.97097e-06	-2.07813e-07	0	2.97822	2.97822e+06	
32000	1.08918	19.4781	0	-2.97097e-06	-2.07813e-07	0	2.97822	2.97822e+06	
32100	1.12629	19.761	0	-1.99586e-06	2.53272e-06	0	3.22461	3.22461e+06	
32200	1.14183	20.0638	0	-1.99586e-06	2.53272e-06	0	3.22461	3.22461e+06	
32300	1.11096	20.4	0	-1.99586e-06	2.53272e-06	0	3.22461	3.22461e+06	
32400	1.11769	20.6964	0	-1.99586e-06	2.53272e-06	0	3.22461	3.22461e+06	
32500	1.1419	20.9902	0	-1.99586e-06	2.53272e-06	0	3.22461	3.22461e+06	
32600	1.33492	20.5899	0	1.40813e-06	-3.22e-06	0	3.51443	3.51443e+06	
32700	1.50984	20.1899	0	1.40813e-06	-3.22e-06	0	3.51443	3.51443e+06	
32800	1.68476	19.7899	0	1.40813e-06	-3.22e-06	0	3.51443	3.51443e+06	
32900	1.85968	19.3899	0	1.40813e-06	-3.22e-06	0	3.51443	3.51443e+06	
33000	2.03461	18.9899	0	1.40813e-06	-3.22e-06	0	3.51443	3.51443e+06	
33100	2.00568	18.5899	0	-2.32895e-07	-3.22e-06	0	3.22841	3.22841e+06	
33200	1.97674	18.1899	0	-2.32895e-07	-3.22e-06	0	3.22841	3.22841e+06	
33300	1.94781	17.7899	0	-2.32895e-07	-3.22e-06	0	3.22841	3.22841e+06	
33400	1.91888	17.3899	0	-2.32895e-07	-3.22e-06	0	3.22841	3.22841e+06	
33500	1.88995	16.9899	0	-2.32895e-07	-3.22e-06	0	3.22841	3.22841e+06	
33600	1.62951	16.9893	0	-2.09654e-06	-4.5217e-09	0	2.09654	2.09654e+06	
33700	1.36907	16.9887	0	-2.09654e-06	-4.5217e-09	0	2.09654	2.09654e+06	
33800	1.14447	16.988	0	-2.09654e-06	-4.5217e-09	0	2.09654	2.09654e+06	
33900	1.14127	16.9858	0	-2.09654e-06	-4.5217e-09	0	2.09654	2.09654e+06	
34000	1.14126	16.9834	0	-2.09654e-06	-4.5217e-09	0	2.09654	2.09654e+06	
34100	1.13911	16.971	0	-2.32004e-06	-7.57536e-08	0	2.32128	2.32128e+06	
34200	1.13887	16.9567	0	-2.32004e-06	-7.57536e-08	0	2.32128	2.32128e+06	
34300	1.13849	16.9405	0	-2.32004e-06	-7.57536e-08	0	2.32128	2.32128e+06	
34400	1.1379	16.9218	0	-2.32004e-06	-7.57536e-08	0	2.32128	2.32128e+06	
34500	1.13703	16.9005	0	-2.32004e-06	-7.57536e-08	0	2.32128	2.32128e+06	
34600	1.09874	16.5457	0	-2.39531e-06	-2.62496e-06	0	3.55358	3.55358e+06	
34700	1.12125	16.2532	0	-2.39531e-06	-2.62496e-06	0	3.55358	3.55358e+06	
34800	1.13827	15.9429	0	-2.39531e-06	-2.62496e-06	0	3.55358	3.55358e+06	
34900	1.10519	15.5906	0	-2.39531e-06	-2.62496e-06	0	3.55358	3.55358e+06	
35000	1.11652	15.289	0	-2.39531e-06	-2.62496e-06	0	3.55358	3.55358e+06	
35100	1.13425	14.9078	0	-2.81063e-06	-3.22e-06	0	4.27411	4.27411e+06	
35200	1.09038	14.4786	0	-2.81063e-06	-3.22e-06	0	4.27411	4.27411e+06	
35300	1.13041	14.1244	0	-2.81063e-06	-3.22e-06	0	4.27411	4.27411e+06	
35400	1.1195	13.714	0	-2.81063e-06	-3.22e-06	0	4.27411	4.27411e+06	
35500	1.10858	13.3206	0	-2.81063e-06	-3.22e-06	0	4.27411	4.27411e+06	
35600	1.14219	12.9395	0	-1.9679e-06	-3.22e-06	0	3.77373	3.77373e+06	
35700	1.10148	12.5192	0	-1.9679e-06	-3.22e-06	0	3.77373	3.77373e+06	
35800	1.13487	12.1502	0	-1.9679e-06	-3.22e-06	0	3.77373	3.77373e+06	
35900	1.13128	11.7461	0	-1.9679e-06	-3.22e-06	0	3.77373	3.77373e+06	
36000	1.1107	11.3461	0	-1.9679e-06	-3.22e-06	0	3.77373	3.77373e+06	
36100	1.2465	10.9508	0	7.93504e-07	-3.22e-06	0	3.31633	3.31633e+06	
36200	1.3453	10.5508	0	7.93504e-07	-3.22e-06	0	3.31633	3.31633e+06	
36300	1.44388	10.1508	0	7.93504e-07	-3.22e-06	0	3.31633	3.31633e+06	
36400	1.54245	9.75075	0	7.93504e-07	-3.22e-06	0	3.31633	3.31633e+06	
36500	1.64102	9.35075	0	7.93504e-07	-3.22e-06	0	3.31633	3.31633e+06	
36600	1.62559	9.17314	0	-1.24221e-07	-1.42976e-06	0	1.43514	1.43514e+06	
36700	1.61016	8.99554	0	-1.24221e-07	-1.42976e-06	0	1.43514	1.43514e+06	
36800	1.59473	8.81793	0	-1.24221e-07	-1.42976e-06	0	1.43514	1.43514e+06	
36900	1.5793	8.64032	0	-1.24221e-07	-1.42976e-06	0	1.43514	1.43514e+06	
37000	1.56387	8.46271	0	-1.24221e-07	-1.42976e-06	0	1.43514	1.43514e+06	
37100	1.78762	8.41259	0	1.80122e-06	-4.03407e-07	0	1.84584	1.84584e+06	
37200	2.01137	8.36248	0	1.80122e-06	-4.03407e-07	0	1.84584	1.84584e+06	
37300	2.23513	8.31237	0	1.80122e-06	-4.03407e-07	0	1.84584	1.84584e+06	
37400	2.45888	8.26226	0	1.80122e-06	-4.03407e-07	0	1.84584	1.84584e+06	
37500	2.68263	8.21214	0	1.80122e-06	-4.03407e-07	0	1.84584	1.84584e+06	
37600	2.81904	7.97127	0	1.09806e-06	-1.93899e-06	0	2.22832	2.22832e+06	
37700	2.95544	7.73041	0	1.09806e-06	-1.93899e-06	0	2.22832	2.22832e+06	
37800	3.09185	7.48954	0	1.09806e-06	-1.93899e-06	0	2.22832	2.22832e+06	
37900	3.22825	7.24867	0	1.09806e-06	-1.93899e-06	0	2.22832	2.22832e+06	
38000	3.36466	7.0078	0	1.09806e-06	-1.93899e-06	0	2.22832	2.22832e+06	
38100	3.36761	6.88187	0	2.37928e-08	-1.0137e-06	0	1.01398	1.01398e+06	
38200	3.37057	6.75595	0	2.37928e-08	-1.0137e-06	0	1.01398	1.01398e+06	
38300	3.37352	6.63002	0	2.37928e-08	-1.0137e-06	0	1.01398	1.01398e+06	
38400	3.37648	6.5041	0	2.37928e-08	-1.0137e-06	0	1.01398	1.01398e+06	
38500	3.37944	6.37817	0	2.37928e-08	-1.0137e-06	0	1.01398	1.01398e+06	
38600	3.2526	6.28022	0	-1.02101e-06	-7.8849e-07	0	1.29003	1.29003e+06	
38700	3.12577	6.18227	0	-1.02101e-06	-7.8849e-07	0	1.29003	1.29003e+06	
38800	2.99894	6.08432	0	-1.02101e-06	-7.8849e-07	0	1.29003	1.29003e+06	
38900	2.8721	5.98638	0	-1.02101e-06	-7.8849e-07	0	1.29003	1.29003e+06	
39000	2.74527	5.88843	0	-1.02101e-06	-7.8849e-07	0	1.29003	1.29003e+06	
39100	2.58215	5.85722	0	-1.3131e-06	-2.51202e-07	0	1.33691	1.33691e+06	
39200	2.41903	5.82602	0	-1.3131e-06	-2.51202e-07	0	1.33691	1.33691e+06	
39300	2.25592	5.79481	0	-1.3131e-06	-2.51202e-07	0	1.33691	1.33691e+06	
39400	2.0928	5.76361	0	-1.3131e-06	-2.51202e-07	0	1.33691	1.33691e+06	
39500	1.92968	5.7324	0	-1.3131e-06	-2.51202e-07	0	1.33691	1.33691e+06	
39600	1.56426	5.66681	0	-2.94162e-06	-5.28021e-07	0	2.98864	2.98864e+06	
39700	1.19898	5.6012	0	-2.94162e-06	-5.28021e-07	0	2.98864	2.98864e+06	
39800	1.08921	5.51256	0	-2.94162e-06	-5.28021e-07	0	2.98864	2.98864e+06	
39900	1.09045	5.46058	0	-2.94162e-06	-5.28021e-07	0	2.98864	2.98864e+06	
40000	1.09329	5.43431	0	-2.94162e-06	-5.28021e-07	0	2.98864	2.98864e+06	
40100	1.11468	5.37432	0	-1.51961e-06	-7.22381e-07	0	1.68257	1.68257e+06	
40200	1.12379	5.31408	0	-1.51961e-06	-7.22381e-07	0	1.68257	1.68257e+06	
40300	1.13227	5.24987	0	-1.51961e-06	-7.22381e-07	0	1.68257	1.68257e+06	
40400	1.1395	5.17978	0	-1.51961e-06	-7.22381e-07	0	1.68257	1.68257e+06	
40500	1.14483	5.10291	0	-1.51961e-06	-7.22381e-07	0	1.68257	1.68257e+06	
40600	1.12674	5.16249	0	-3.22e-06	2.89202e-07	0	3.23296	3.23296e+06	
40700	1.12014	5.23474	0	-3.22e-06	2.89202e-07	0	3.23296	3.23296e+06	
40800	1.10932	5.32023	0	-3.22e-06	2.89202e-07	0	3.23296	3.23296e+06	
40900	1.09501	5.41416	0	-3.22e-06	2.89202e-07	0	3.23296	3.23296e+06	
41000	1.08732	5.48596	0	-3.22e-06	2.89202e-07	0	3.23296	3.23296e+06	
41100	1.11878	5.77124	0	-3.22e-06	2.70839e-06	0	4.20759	4.20759e+06	
41200	1.13135	6.09261	0	-3.22e-06	2.70839e-06	0	4.20759	4.20759e+06	
41300	1.0902	6.46827	0	-3.22e-06	2.70839e-06	0	4.20759	4.20759e+06	
41400	1.11712	6.75694	0	-3.22e-06	2.70839e-06	0	4.20759	4.20759e+06	
41500	1.1319	7.07519	0	-3.22e-06	2.70839e-06	0	4.20759	4.20759e+06	
41600	1.08759	7.50981	0	-3.22e-06	3.22e-06	0	4.55377	4.55377e+06	
41700	1.12664	7.85798	0	-3.22e-06	3.22e-06	0	4.55377	4.55377e+06	
41800	1.11866	8.26666	0	-3.22e-06	3.22e-06	0	4.55377	4.55377e+06	
41900	1.10388	8.66411	0	-3.22e-06	3.22e-06	0	4.55377	4.55377e+06	
42000	1.13263	9.03146	0	-3.22e-06	3.22e-06	0	4.55377	4.55377e+06	
42100	1.12598	9.1768	0	-3.22e-06	1.02022e-06	0	3.37776	3.37776e+06	
42200	1.10579	9.34884	0	-3.22e-06	1.02022e-06	0	3.37776	3.37776e+06	
42300	1.08706	9.51189	0	-3.22e-06	1.02022e-06	0	3.37776	3.37776e+06	
42400	1.09521	9.59538	0	-3.22e-06	1.02022e-06	0	3.37776	3.37776e+06	
42500	1.10514	9.65964	0	-3.22e-06	1.02022e-06	0	3.37776	3.37776e+06	
42600	1.10245	9.63784	0	-3.22e-06	3.11705e-07	0	3.23505	3.23505e+06	
42700	1.09896	9.61553	0	-3.22e-06	3.11705e-07	0	3.23505	3.23505e+06	
42800	1.09574	9.5946	0	-3.22e-06	3.11705e-07	0	3.23505	3.23505e+06	
42900	1.09322	9.5773	0	-3.22e-06	3.11705e-07	0	3.23505	3.23505e+06	
43000	1.09154	9.56482	0	-3.22e-06	3.11705e-07	0	3.23505	3.23505e+06	
43100	1.11266	9.71597	0	-3.22e-06	1.70959e-06	0	3.64569	3.64569e+06	
43200	1.1293	9.8891	0	-3.22e-06	1.70959e-06	0	3.64569	3.64569e+06	
43300	1.13089	10.0994	0	-3.22e-06	1.70959e-06	0	3.64569	3.64569e+06	
43400	1.10635	10.3496	0	-3.22e-06	1.70959e-06	0	3.64569	3.64569e+06	
43500	1.09154	10.5731	0	-3.22e-06	1.70959e-06	0	3.64569	3.64569e+06	
43600	1.09866	10.3777	0	-3.22e-06	-1.76008e-06	0	3.66964	3.66964e+06	
43700	1.12079	10.216	0	-3.22e-06	-1.76008e-06	0	3.66964	3.66964e+06	
43800	1.13248	10.0211	0	-3.22e-06	-1.76008e-06	0	3.66964	3.66964e+06	
43900	1.12315	9.78593	0	-3.22e-06	-1.76008e-06	0	3.66964	3.66964e+06	
44000	1.08844	9.52089	0	-3.22e-06	-1.76008e-06	0	3.66964	3.66964e+06	
44100	1.08747	9.52023	0	-3.22e-06	1.45246e-07	0	3.22327	3.22327e+06	
44200	1.08745	9.51993	0	-3.22e-06	1.45246e-07	0	3.22327	3.22327e+06	
44300	1.08745	9.51981	0	-3.22e-06	1.45246e-07	0	3.22327	3.22327e+06	
44400	1.08744	9.51976	0	-3.22e-06	1.45246e-07	0	3.22327	3.22327e+06	
44500	1.08744	9.51974	0	-3.22e-06	1.45246e-07	0	3.22327	3.22327e+06	
44600	1.10726	9.67792	0	-3.22e-06	1.72141e-06	0	3.65125	3.65125e+06	
44700	1.12633	9.84462	0	-3.22e-06	1.72141e-06	0	3.65125	3.65125e+06	
44800	1.13241	10.0472	0	-3.22e-06	1.72141e-06	0	3.65125	3.65125e+06	
44900	1.11467	10.29	0	-3.22e-06	1.72141e-06	0	3.65125	3.65125e+06	
45000	1.08791	10.5364	0	-3.22e-06	1.72141e-06	0	3.65125	3.65125e+06	
45100	1.0944	10.4731	0	-2.31861e-06	-4.98542e-07	0	2.3716	2.3716e+06	
45200	1.09758	10.4384	0	-2.31861e-06	-4.98542e-07	0	2.3716	2.3716e+06	
45300	1.10076	10.4145	0	-2.31861e-06	-4.98542e-07	0	2.3716	2.3716e+06	
45400	1.10367	10.395	0	-2.31861e-06	-4.98542e-07	0	2.3716	2.3716e+06	
45500	1.10641	10.3772	0	-2.31861e-06	-4.98542e-07	0	2.3716	2.3716e+06	
45600	1.10315	10.4784	0	-1.5574e-06	6.32979e-07	0	1.68112	1.68112e+06	
45700	1.1041	10.5501	0	-1.5574e-06	6.32979e-07	0	1.68112	1.68112e+06	
45800	1.11086	10.6026	0	-1.5574e-06	6.32979e-07	0	1.68112	1.68112e+06	
45900	1.11826	10.6508	0	-1.5574e-06	6.32979e-07	0	1.68112	1.68112e+06	
46000	1.12553	10.7004	0	-1.5574e-06	6.32979e-07	0	1.68112	1.68112e+06	
46100	1.12416	10.3276	0	-1.02399e-06	-3.01393e-06	0	3.18313	3.18313e+06	
46200	1.15491	9.9648	0	-1.02399e-06	-3.01393e-06	0	3.18313	3.18313e+06	
46300	1.12783	9.58138	0	-1.02399e-06	-3.01393e-06	0	3.18313	3.18313e+06	
46400	1.1385	9.22073	0	-1.02399e-06	-3.01393e-06	0	3.18313	3.18313e+06	
46500	1.15305	8.84976	0	-1.02399e-06	-3.01393e-06	0	3.18313	3.18313e+06	
46600	1.31939	8.44895	0	1.26155e-06	-3.22e-06	0	3.45831	3.45831e+06	
46700	1.4761	8.04895	0	1.26155e-06	-3.22e-06	0	3.45831	3.45831e+06	
46800	1.63282	7.64895	0	1.26155e-06	-3.22e-06	0	3.45831	3.45831e+06	
46900	1.78953	7.24895	0	1.26155e-06	-3.22e-06	0	3.45831	3.45831e+06	
47000	1.94625	6.84895	0	1.26155e-06	-3.22e-06	0	3.45831	3.45831e+06	
47100	2.139	6.49403	0	1.55166e-06	-2.85708e-06	0	3.25124	3.25124e+06	
47200	2.33175	6.13911	0	1.55166e-06	-2.85708e-06	0	3.25124	3.25124e+06	
47300	2.5245	5.7842	0	1.55166e-06	-2.85708e-06	0	3.25124	3.25124e+06	
47400	2.71726	5.42928	0	1.55166e-06	-2.85708e-06	0	3.25124	3.25124e+06	
47500	2.91001	5.07436	0	1.55166e-06	-2.85708e-06	0	3.25124	3.25124e+06	
47600	3.01179	5.20486	0	8.19318e-07	1.05052e-06	0	1.33225	1.33225e+06	
47700	3.11357	5.33536	0	8.19318e-07	1.05052e-06	0	1.33225	1.33225e+06	
47800	3.21535	5.46586	0	8.19318e-07	1.05052e-06	0	1.33225	1.33225e+06	
47900	3.31712	5.59636	0	8.19318e-07	1.05052e-06	0	1.33225	1.33225e+06	
48000	3.4189	5.72686	0	8.19318e-07	1.05052e-06	0	1.33225	1.33225e+06	
48100	3.11484	5.82504	0	-2.44772e-06	7.90344e-07	0	2.57215	2.57215e+06	
48200	2.81077	5.92322	0	-2.44772e-06	7.90344e-07	0	2.57215	2.57215e+06	
48300	2.50671	6.0214	0	-2.44772e-06	7.90344e-07	0	2.57215	2.57215e+06	
48400	2.20264	6.11958	0	-2.44772e-06	7.90344e-07	0	2.57215	2.57215e+06	
48500	1.89858	6.21776	0	-2.44772e-06	7.90344e-07	0	2.57215	2.57215e+06	
48600	1.49858	6.1507	0	-3.22e-06	-5.39821e-07	0	3.26494	3.26494e+06	
48700	1.13393	6.08512	0	-3.22e-06	-5.39821e-07	0	3.26494	3.26494e+06	
48800	1.1325	6.02888	0	-3.22e-06	-5.39821e-07	0	3.26494	3.26494e+06	
48900	1.13244	5.96116	0	-3.22e-06	-5.39821e-07	0	3.26494	3.26494e+06	
49000	1.12955	5.8796	0	-3.22e-06	-5.39821e-07	0	3.26494	3.26494e+06	
49100	1.10425	5.63705	0	-3.22e-06	-1.62601e-06	0	3.60726	3.60726e+06	
49200	1.09163	5.42662	0	-3.22e-06	-1.62601e-06	0	3.60726	3.60726e+06	
49300	1.11241	5.28634	0	-3.22e-06	-1.62601e-06	0	3.60726	3.60726e+06	
49400	1.12849	5.12505	0	-3.22e-06	-1.62601e-06	0	3.60726	3.60726e+06	
49500	1.13186	4.92908	0	-3.22e-06	-1.62601e-06	0	3.60726	3.60726e+06	
49600	1.08798	4.50046	0	-3.22e-06	-3.16508e-06	0	4.5151	4.5151e+06	
49700	1.12536	4.15871	0	-3.22e-06	-3.16508e-06	0	4.5151	4.5151e+06	
49800	1.12155	3.7607	0	-3.22e-06	-3.16508e-06	0	4.5151	4.5151e+06	
49900	1.09988	3.36202	0	-3.22e-06	-3.16508e-06	0	4.5151	4.5151e+06	
50000	1.1325	3.00776	0	-3.22e-06	-3.16508e-06	0	4.5151	4.5151e+06	
