0	38	10	0	3.22e-06	1.94808e-06	0	3.76343	3.76343e+06	
100	38.4	10.4	0	3.22e-06	3.22e-06	0	4.55377	4.55377e+06	
200	38.8	10.8	0	3.22e-06	3.22e-06	0	4.55377	4.55377e+06	
300	39.2	11.2	0	3.22e-06	3.22e-06	0	4.55377	4.55377e+06	
400	39.6	11.6	0	3.22e-06	3.22e-06	0	4.55377	4.55377e+06	
500	40	12	0	3.22e-06	3.22e-06	0	4.55377	4.55377e+06	
600	40.4	12.4	0	3.22e-06	3.22e-06	0	4.55377	4.55377e+06	
700	40.8	12.8	0	3.22e-06	3.22e-06	0	4.55377	4.55377e+06	
800	41.2	13.2	0	3.22e-06	3.22e-06	0	4.55377	4.55377e+06	
900	41.6	13.6	0	3.22e-06	3.22e-06	0	4.55377	4.55377e+06	
1000	42	14	0	3.22e-06	3.22e-06	0	4.55377	4.55377e+06	
1100	42.4	14.4	0	3.22e-06	3.22e-06	0	4.55377	4.55377e+06	
1200	42.8	14.8	0	3.22e-06	3.22e-06	0	4.55377	4.55377e+06	
1300	43.2	15.2	0	3.22e-06	3.22e-06	0	4.55377	4.55377e+06	
1400	43.6	15.6	0	3.22e-06	3.22e-06	0	4.55377	4.55377e+06	
1500	44	16	0	3.22e-06	3.22e-06	0	4.55377	4.55377e+06	
1600	44.4	16.4	0	3.22e-06	3.22e-06	0	4.55377	4.55377e+06	
1700	44.8	16.8	0	3.22e-06	3.22e-06	0	4.55377	4.55377e+06	
1800	45.2	17.2	0	3.22e-06	3.22e-06	0	4.55377	4.55377e+06	
1900	45.6	17.6	0	3.22e-06	3.22e-06	0	4.55377	4.55377e+06	
2000	46	18	0	3.22e-06	3.22e-06	0	4.55377	4.55377e+06	
2100	46.4	18.4	0	3.22e-06	3.22e-06	0	4.55377	4.55377e+06	
2200	46.8	18.8	0	3.22e-06	3.22e-06	0	4.55377	4.55377e+06	
2300	47.2	19.2	0	3.22e-06	3.22e-06	0	4.55377	4.55377e+06	
2400	47.6	19.6	0	3.22e-06	3.22e-06	0	4.55377	4.55377e+06	
2500	48	20	0	3.22e-06	3.22e-06	0	4.55377	4.55377e+06	
2600	48.4	20.4	0	3.22e-06	3.22e-06	0	4.55377	4.55377e+06	
2700	48.8	20.8	0	3.22e-06	3.22e-06	0	4.55377	4.55377e+06	
2800	49.2	21.2	0	3.22e-06	3.22e-06	0	4.55377	4.55377e+06	
2900	49.6	21.6	0	3.22e-06	3.22e-06	0	4.55377	4.55377e+06	
3000	50	22	0	3.22e-06	3.22e-06	0	4.55377	4.55377e+06	
3100	50.4	22.4	0	3.22e-06	3.22e-06	0	4.55377	4.55377e+06	
3200	50.8	22.8	0	3.22e-06	3.22e-06	0	4.55377	4.55377e+06	
3300	51.2	23.2	0	3.22e-06	3.22e-06	0	4.55377	4.55377e+06	
3400	51.6	23.6	0	3.22e-06	3.22e-06	0	4.55377	4.55377e+06	
3500	52	24	0	3.22e-06	3.22e-06	0	4.55377	4.55377e+06	
3600	52.4	24.4	0	3.22e-06	3.22e-06	0	4.55377	4.55377e+06	
3700	52.8	24.8	0	3.22e-06	3.22e-06	0	4.55377	4.55377e+06	
3800	53.2	25.2	0	3.22e-06	3.22e-06	0	4.55377	4.55377e+06	
3900	53.6	25.6	0	3.22e-06	3.22e-06	0	4.55377	4.55377e+06	
4000	54	26	0	3.22e-06	3.22e-06	0	4.55377	4.55377e+06	
4100	54.4	26.4	0	3.22e-06	3.22e-06	0	4.55377	4.55377e+06	
4200	54.8	26.8	0	3.22e-06	3.22e-06	0	4.55377	4.55377e+06	
4300	55.2	27.2	0	3.22e-06	3.22e-06	0	4.55377	4.55377e+06	
4400	55.6	27.6	0	3.22e-06	3.22e-06	0	4.55377	4.55377e+06	
4500	56	28	0	3.22e-06	3.22e-06	0	4.55377	4.55377e+06	
4600	56.4	28.4	0	3.22e-06	3.22e-06	0	4.55377	4.55377e+06	
4700	56.8	28.8	0	3.22e-06	3.22e-06	0	4.55377	4.55377e+06	
4800	57.2	29.2	0	3.22e-06	3.22e-06	0	4.55377	4.55377e+06	
4900	57.6	29.6	0	3.22e-06	3.22e-06	0	4.55377	4.55377e+06	
5000	58	30	0	3.22e-06	3.22e-06	0	4.55377	4.55377e+06	
5100	58.4	30.353	0	3.22e-06	2.84166e-06	0	4.29458	4.29458e+06	
5200	58.8	30.706	0	3.22e-06	2.84166e-06	0	4.29458	4.29458e+06	
5300	59.2	31.059	0	3.22e-06	2.84166e-06	0	4.29458	4.29458e+06	
5400	59.6	31.412	0	3.22e-06	2.84166e-06	0	4.29458	4.29458e+06	
5500	60	31.765	0	3.22e-06	2.84166e-06	0	4.29458	4.29458e+06	
5600	60.4	31.9759	0	3.22e-06	1.69804e-06	0	3.64029	3.64029e+06	
5700	60.8	32.1869	0	3.22e-06	1.69804e-06	0	3.64029	3.64029e+06	
5800	61.2	32.3978	0	3.22e-06	1.69804e-06	0	3.64029	3.64029e+06	
5900	61.6	32.6088	0	3.22e-06	1.69804e-06	0	3.64029	3.64029e+06	
6000	62	32.8197	0	3.22e-06	1.69804e-06	0	3.64029	3.64029e+06	
6100	62.4	33.212	0	3.22e-06	3.15826e-06	0	4.51033	4.51033e+06	
6200	62.8	33.6044	0	3.22e-06	3.15826e-06	0	4.51033	4.51033e+06	
6300	63.2	33.9967	0	3.22e-06	3.15826e-06	0	4.51033	4.51033e+06	
6400	63.6	34.389	0	3.22e-06	3.15826e-06	0	4.51033	4.51033e+06	
6500	64	34.7813	0	3.22e-06	3.15826e-06	0	4.51033	4.51033e+06	
6600	64.4	35.1813	0	3.22e-06	3.22e-06	0	4.55377	4.55377e+06	
6700	64.8	35.5813	0	3.22e-06	3.22e-06	0	4.55377	4.55377e+06	
6800	65.2	35.9813	0	3.22e-06	3.22e-06	0	4.55377	4.55377e+06	
6900	65.6	36.3813	0	3.22e-06	3.22e-06	0	4.55377	4.55377e+06	
7000	66	36.7813	0	3.22e-06	3.22e-06	0	4.55377	4.55377e+06	
7100	66.4	37.1813	0	3.22e-06	3.22e-06	0	4.55377	4.55377e+06	
7200	66.6259	37.3779	0	3.22e-06	3.22e-06	0	4.55377	4.55377e+06	
7300	66.667	37.3439	0	3.22e-06	3.22e-06	0	4.55377	4.55377e+06	
7400	66.7217	37.3012	0	3.22e-06	3.22e-06	0	4.55377	4.55377e+06	
7500	66.795	37.2483	0	3.22e-06	3.22e-06	0	4.55377	4.55377e+06	
7600	66.8933	37.1843	0	3.22e-06	3.22e-06	0	4.55377	4.55377e+06	
7700	67.0255	37.1097	0	3.22e-06	3.22e-06	0	4.55377	4.55377e+06	
7800	67.2028	37.0276	0	3.22e-06	3.22e-06	0	4.55377	4.55377e+06	
7900	67.4387	36.9468	0	3.22e-06	3.22e-06	0	4.55377	4.55377e+06	
8000	67.7461	36.8847	0	3.22e-06	3.22e-06	0	4.55377	4.55377e+06	
8100	68.1315	36.8702	0	3.22e-06	3.22e-06	0	4.55377	4.55377e+06	
8200	68.5597	36.9108	0	3.22e-06	3.22e-06	0	4.55377	4.55377e+06	
8300	68.9087	36.8702	0	3.22e-06	3.22e-06	0	4.55377	4.55377e+06	
8400	69.3268	36.8889	0	3.22e-06	3.22e-06	0	4.55377	4.55377e+06	
8500	69.7094	36.8895	0	3.22e-06	3.22e-06	0	4.55377	4.55377e+06	
8600	70.0944	36.8583	0	3.22e-06	1.95075e-06	0	3.76481	3.76481e+06	
8700	70.514	36.901	0	3.22e-06	1.95075e-06	0	3.76481	3.76481e+06	
8800	70.8817	36.8626	0	3.22e-06	1.95075e-06	0	3.76481	3.76481e+06	
8900	71.2891	36.8723	0	3.22e-06	1.95075e-06	0	3.76481	3.76481e+06	
9000	71.6835	36.8847	0	3.22e-06	1.95075e-06	0	3.76481	3.76481e+06	
9100	72.0565	36.8676	0	3.22e-06	3.22e-06	0	4.55377	4.55377e+06	
9200	72.4917	36.9115	0	3.22e-06	3.22e-06	0	4.55377	4.55377e+06	
9300	72.8413	36.8747	0	3.22e-06	3.22e-06	0	4.55377	4.55377e+06	
9400	73.2467	36.8792	0	3.22e-06	3.22e-06	0	4.55377	4.55377e+06	
9500	73.6491	36.8984	0	3.22e-06	3.22e-06	0	4.55377	4.55377e+06	
9600	73.8701	36.8701	0	3.22e-06	3.22e-06	0	4.55377	4.55377e+06	
9700	73.8701	36.8701	0	3.22e-06	3.22e-06	0	4.55377	4.55377e+06	
9800	73.8701	36.8701	0	3.22e-06	3.22e-06	0	4.55377	4.55377e+06	
9900	73.8701	36.8701	0	3.22e-06	3.22e-06	0	4.55377	4.55377e+06	
10000	73.8701	36.8701	0	3.22e-06	3.22e-06	0	4.55377	4.55377e+06	
10100	73.8701	36.8701	0	3.22e-06	3.22e-06	0	4.55377	4.55377e+06	
10200	73.8701	36.8701	0	3.22e-06	3.22e-06	0	4.55377	4.55377e+06	
10300	73.8701	36.8701	0	3.22e-06	3.22e-06	0	4.55377	4.55377e+06	
10400	73.8701	36.8701	0	3.22e-06	3.22e-06	0	4.55377	4.55377e+06	
10500	73.8701	36.8701	0	3.22e-06	3.22e-06	0	4.55377	4.55377e+06	
10600	73.8701	36.8701	0	3.22e-06	3.22e-06	0	4.55377	4.55377e+06	
10700	73.8701	36.8701	0	3.22e-06	3.22e-06	0	4.55377	4.55377e+06	
10800	73.8701	36.8701	0	3.22e-06	3.22e-06	0	4.55377	4.55377e+06	
10900	73.8701	36.8701	0	3.22e-06	3.22e-06	0	4.55377	4.55377e+06	
11000	73.8701	36.8701	0	3.22e-06	3.22e-06	0	4.55377	4.55377e+06	
11100	73.8701	36.8701	0	3.22e-06	3.22e-06	0	4.55377	4.55377e+06	
11200	73.8701	36.8701	0	3.22e-06	3.22e-06	0	4.55377	4.55377e+06	
11300	73.8701	36.8701	0	3.22e-06	3.22e-06	0	4.55377	4.55377e+06	
11400	73.8701	36.8701	0	3.22e-06	3.22e-06	0	4.55377	4.55377e+06	
11500	73.8701	36.8701	0	3.22e-06	3.22e-06	0	4.55377	4.55377e+06	
11600	73.8701	36.8701	0	3.22e-06	3.22e-06	0	4.55377	4.55377e+06	
11700	73.8701	36.8701	0	3.22e-06	3.22e-06	0	4.55377	4.55377e+06	
11800	73.8701	36.8701	0	3.22e-06	3.22e-06	0	4.55377	4.55377e+06	
11900	73.8701	36.8701	0	3.22e-06	3.22e-06	0	4.55377	4.55377e+06	
12000	73.8701	36.8701	0	3.22e-06	3.22e-06	0	4.55377	4.55377e+06	
12100	73.8701	36.8701	0	3.22e-06	3.22e-06	0	4.55377	4.55377e+06	
12200	73.8701	36.8701	0	3.22e-06	3.22e-06	0	4.55377	4.55377e+06	
12300	73.8701	36.8701	0	3.22e-06	3.22e-06	0	4.55377	4.55377e+06	
12400	73.8701	36.8701	0	3.22e-06	3.22e-06	0	4.55377	4.55377e+06	
12500	73.8701	36.8701	0	3.22e-06	3.22e-06	0	4.55377	4.55377e+06	
12600	73.8701	36.8701	0	3.22e-06	3.22e-06	0	4.55377	4.55377e+06	
12700	73.8701	36.8701	0	3.22e-06	3.22e-06	0	4.55377	4.55377e+06	
12800	73.8701	36.8701	0	3.22e-06	3.22e-06	0	4.55377	4.55377e+06	
12900	73.8701	36.8701	0	3.22e-06	3.22e-06	0	4.55377	4.55377e+06	
13000	73.8701	36.8701	0	3.22e-06	3.22e-06	0	4.55377	4.55377e+06	
13100	73.8701	36.8701	0	3.22e-06	3.22e-06	0	4.55377	4.55377e+06	
13200	73.8701	36.8701	0	3.22e-06	3.22e-06	0	4.55377	4.55377e+06	
13300	73.8701	36.8701	0	3.22e-06	3.22e-06	0	4.55377	4.55377e+06	
13400	73.8701	36.8701	0	3.22e-06	3.22e-06	0	4.55377	4.55377e+06	
13500	73.8701	36.8701	0	3.22e-06	3.22e-06	0	4.55377	4.55377e+06	
13600	73.859	36.8581	0	1.78527e-06	1.72211e-06	0	2.48049	2.48049e+06	
13700	73.859	36.8581	0	1.78527e-06	1.72211e-06	0	2.48049	2.48049e+06	
13800	73.859	36.8581	0	1.78527e-06	1.72211e-06	0	2.48049	2.48049e+06	
13900	73.859	36.8581	0	1.78527e-06	1.72211e-06	0	2.48049	2.48049e+06	
14000	73.859	36.8581	0	1.78527e-06	1.72211e-06	0	2.48049	2.48049e+06	
14100	73.8701	36.8701	0	3.22e-06	3.22e-06	0	4.55377	4.55377e+06	
14200	73.8701	36.8701	0	3.22e-06	3.22e-06	0	4.55377	4.55377e+06	
14300	73.8701	36.8701	0	3.22e-06	3.22e-06	0	4.55377	4.55377e+06	
14400	73.8701	36.8701	0	3.22e-06	3.22e-06	0	4.55377	4.55377e+06	
14500	73.8701	36.8701	0	3.22e-06	3.22e-06	0	4.55377	4.55377e+06	
14600	73.8701	36.8701	0	3.22e-06	3.22e-06	0	4.55377	4.55377e+06	
14700	73.8701	36.8701	0	3.22e-06	3.22e-06	0	4.55377	4.55377e+06	
14800	73.8701	36.8701	0	3.22e-06	3.22e-06	0	4.55377	4.55377e+06	
14900	73.8701	36.8701	0	3.22e-06	3.22e-06	0	4.55377	4.55377e+06	
15000	73.8701	36.8701	0	3.22e-06	3.22e-06	0	4.55377	4.55377e+06	
15100	73.8701	36.8701	0	3.22e-06	3.22e-06	0	4.55377	4.55377e+06	
15200	73.8701	36.8701	0	3.22e-06	3.22e-06	0	4.55377	4.55377e+06	
15300	73.8701	36.8701	0	3.22e-06	3.22e-06	0	4.55377	4.55377e+06	
15400	73.8701	36.8701	0	3.22e-06	3.22e-06	0	4.55377	4.55377e+06	
15500	73.8701	36.8701	0	3.22e-06	3.22e-06	0	4.55377	4.55377e+06	
15600	73.8707	36.865	0	3.22e-06	2.55274e-06	0	4.10912	4.10912e+06	
15700	73.8707	36.865	0	3.22e-06	2.55274e-06	0	4.10912	4.10912e+06	
15800	73.8707	36.865	0	3.22e-06	2.55274e-06	0	4.10912	4.10912e+06	
15900	73.8707	36.865	0	3.22e-06	2.55274e-06	0	4.10912	4.10912e+06	
16000	73.8707	36.865	0	3.22e-06	2.55274e-06	0	4.10912	4.10912e+06	
16100	73.8701	36.8701	0	3.22e-06	3.22e-06	0	4.55377	4.55377e+06	
16200	73.8701	36.8701	0	3.22e-06	3.22e-06	0	4.55377	4.55377e+06	
16300	73.8701	36.8701	0	3.22e-06	3.22e-06	0	4.55377	4.55377e+06	
16400	73.8701	36.8701	0	3.22e-06	3.22e-06	0	4.55377	4.55377e+06	
16500	73.8701	36.8701	0	3.22e-06	3.22e-06	0	4.55377	4.55377e+06	
16600	73.8716	36.856	0	3.22e-06	1.71924e-06	0	3.65023	3.65023e+06	
16700	73.8716	36.856	0	3.22e-06	1.71924e-06	0	3.65023	3.65023e+06	
16800	73.8716	36.856	0	3.22e-06	1.71924e-06	0	3.65023	3.65023e+06	
16900	73.8716	36.856	0	3.22e-06	1.71924e-06	0	3.65023	3.65023e+06	
17000	73.8716	36.856	0	3.22e-06	1.71924e-06	0	3.65023	3.65023e+06	
17100	73.8701	36.8701	0	3.22e-06	3.22e-06	0	4.55377	4.55377e+06	
17200	73.8701	36.8701	0	3.22e-06	3.22e-06	0	4.55377	4.55377e+06	
17300	73.8701	36.8701	0	3.22e-06	3.22e-06	0	4.55377	4.55377e+06	
17400	73.8701	36.8701	0	3.22e-06	3.22e-06	0	4.55377	4.55377e+06	
17500	73.8701	36.8701	0	3.22e-06	3.22e-06	0	4.55377	4.55377e+06	
17600	73.8701	36.8701	0	3.22e-06	3.22e-06	0	4.55377	4.55377e+06	
17700	73.8701	36.8701	0	3.22e-06	3.22e-06	0	4.55377	4.55377e+06	
17800	73.8701	36.8701	0	3.22e-06	3.22e-06	0	4.55377	4.55377e+06	
17900	73.8701	36.8701	0	3.22e-06	3.22e-06	0	4.55377	4.55377e+06	
18000	73.8701	36.8701	0	3.22e-06	3.22e-06	0	4.55377	4.55377e+06	
18100	73.8701	36.8701	0	3.22e-06	3.22e-06	0	4.55377	4.55377e+06	
18200	73.8701	36.8701	0	3.22e-06	3.22e-06	0	4.55377	4.55377e+06	
18300	73.8701	36.8701	0	3.22e-06	3.22e-06	0	4.55377	4.55377e+06	
18400	73.8701	36.8701	0	3.22e-06	3.22e-06	0	4.55377	4.55377e+06	
18500	73.8701	36.8701	0	3.22e-06	3.22e-06	0	4.55377	4.55377e+06	
18600	73.8703	36.8682	0	3.22e-06	2.95752e-06	0	4.3721	4.3721e+06	
18700	73.8703	36.8682	0	3.22e-06	2.95752e-06	0	4.3721	4.3721e+06	
18800	73.8703	36.8682	0	3.22e-06	2.95752e-06	0	4.3721	4.3721e+06	
18900	73.8703	36.8682	0	3.22e-06	2.95752e-06	0	4.3721	4.3721e+06	
19000	73.8703	36.8682	0	3.22e-06	2.95752e-06	0	4.3721	4.3721e+06	
19100	73.8701	36.8701	0	3.22e-06	3.22e-06	0	4.55377	4.55377e+06	
19200	73.8701	36.8701	0	3.22e-06	3.22e-06	0	4.55377	4.55377e+06	
19300	73.8701	36.8701	0	3.22e-06	3.22e-06	0	4.55377	4.55377e+06	
19400	73.8701	36.8701	0	3.22e-06	3.22e-06	0	4.55377	4.55377e+06	
19500	73.8701	36.8701	0	3.22e-06	3.22e-06	0	4.55377	4.55377e+06	
19600	73.8762	36.804	0	3.22e-06	1.89036e-07	0	3.22554	3.22554e+06	
19700	73.8785	36.7806	0	3.22e-06	1.89036e-07	0	3.22554	3.22554e+06	
19800	73.8809	36.7585	0	3.22e-06	1.89036e-07	0	3.22554	3.22554e+06	
19900	73.8838	36.7343	0	3.22e-06	1.89036e-07	0	3.22554	3.22554e+06	
20000	73.8874	36.7064	0	3.22e-06	1.89036e-07	0	3.22554	3.22554e+06	
20100	73.8701	36.8701	0	3.22e-06	3.22e-06	0	4.55377	4.55377e+06	
20200	73.8701	36.8701	0	3.22e-06	3.22e-06	0	4.55377	4.55377e+06	
20300	73.8701	36.8701	0	3.22e-06	3.22e-06	0	4.55377	4.55377e+06	
20400	73.8701	36.8701	0	3.22e-06	3.22e-06	0	4.55377	4.55377e+06	
20500	73.8701	36.8701	0	3.22e-06	3.22e-06	0	4.55377	4.55377e+06	
20600	73.8728	36.8428	0	3.22e-06	1.01179e-06	0	3.37522	3.37522e+06	
20700	73.8728	36.8426	0	3.22e-06	1.01179e-06	0	3.37522	3.37522e+06	
20800	73.8728	36.8426	0	3.22e-06	1.01179e-06	0	3.37522	3.37522e+06	
20900	73.8728	36.8426	0	3.22e-06	1.01179e-06	0	3.37522	3.37522e+06	
21000	73.8728	36.8426	0	3.22e-06	1.01179e-06	0	3.37522	3.37522e+06	
21100	73.8742	36.8273	0	3.22e-06	5.93417e-07	0	3.27422	3.27422e+06	
21200	73.8743	36.8257	0	3.22e-06	5.93417e-07	0	3.27422	3.27422e+06	
21300	73.8743	36.8255	0	3.22e-06	5.93417e-07	0	3.27422	3.27422e+06	
21400	73.8744	36.8255	0	3.22e-06	5.93417e-07	0	3.27422	3.27422e+06	
21500	73.8744	36.8254	0	3.22e-06	5.93417e-07	0	3.27422	3.27422e+06	
21600	73.8703	36.8681	0	3.22e-06	2.9466e-06	0	4.36473	4.36473e+06	
21700	73.8703	36.8681	0	3.22e-06	2.9466e-06	0	4.36473	4.36473e+06	
21800	73.8703	36.8681	0	3.22e-06	2.9466e-06	0	4.36473	4.36473e+06	
21900	73.8703	36.8681	0	3.22e-06	2.9466e-06	0	4.36473	4.36473e+06	
22000	73.8703	36.8681	0	3.22e-06	2.9466e-06	0	4.36473	4.36473e+06	
22100	73.8593	36.8713	0	1.98843e-06	3.22e-06	0	3.78447	3.78447e+06	
22200	73.8593	36.8713	0	1.98843e-06	3.22e-06	0	3.78447	3.78447e+06	
22300	73.8593	36.8713	0	1.98843e-06	3.22e-06	0	3.78447	3.78447e+06	
22400	73.8593	36.8713	0	1.98843e-06	3.22e-06	0	3.78447	3.78447e+06	
22500	73.8593	36.8713	0	1.98843e-06	3.22e-06	0	3.78447	3.78447e+06	
22600	73.8012	36.8764	0	1.65346e-07	3.22e-06	0	3.22424	3.22424e+06	
22700	73.7755	36.879	0	1.65346e-07	3.22e-06	0	3.22424	3.22424e+06	
22800	73.7501	36.8819	0	1.65346e-07	3.22e-06	0	3.22424	3.22424e+06	
22900	73.7215	36.8854	0	1.65346e-07	3.22e-06	0	3.22424	3.22424e+06	
23000	73.6884	36.8899	0	1.65346e-07	3.22e-06	0	3.22424	3.22424e+06	
23100	73.8172	36.8757	0	1.45474e-06	3.22e-06	0	3.53336	3.53336e+06	
23200	73.8519	36.872	0	1.45474e-06	3.22e-06	0	3.53336	3.53336e+06	
23300	73.852	36.872	0	1.45474e-06	3.22e-06	0	3.53336	3.53336e+06	
23400	73.852	36.872	0	1.45474e-06	3.22e-06	0	3.53336	3.53336e+06	
23500	73.852	36.872	0	1.45474e-06	3.22e-06	0	3.53336	3.53336e+06	
23600	73.859	36.8713	0	1.95987e-06	3.22e-06	0	3.76955	3.76955e+06	
23700	73.859	36.8713	0	1.95987e-06	3.22e-06	0	3.76955	3.76955e+06	
23800	73.859	36.8713	0	1.95987e-06	3.22e-06	0	3.76955	3.76955e+06	
23900	73.859	36.8713	0	1.95987e-06	3.22e-06	0	3.76955	3.76955e+06	
24000	73.859	36.8713	0	1.95987e-06	3.22e-06	0	3.76955	3.76955e+06	
24100	73.8701	36.8701	0	3.22e-06	3.22e-06	0	4.55377	4.55377e+06	
24200	73.8701	36.8701	0	3.22e-06	3.22e-06	0	4.55377	4.55377e+06	
24300	73.8701	36.8701	0	3.22e-06	3.22e-06	0	4.55377	4.55377e+06	
24400	73.8701	36.8701	0	3.22e-06	3.22e-06	0	4.55377	4.55377e+06	
24500	73.8701	36.8701	0	3.22e-06	3.22e-06	0	4.55377	4.55377e+06	
24600	73.8701	36.8701	0	3.22e-06	3.22e-06	0	4.55377	4.55377e+06	
24700	73.8701	36.8701	0	3.22e-06	3.22e-06	0	4.55377	4.55377e+06	
24800	73.8701	36.8701	0	3.22e-06	3.22e-06	0	4.55377	4.55377e+06	
24900	73.8701	36.8701	0	3.22e-06	3.22e-06	0	4.55377	4.55377e+06	
25000	73.8701	36.8701	0	3.22e-06	3.22e-06	0	4.55377	4.55377e+06	
25100	73.8701	36.8697	0	3.22e-06	3.16894e-06	0	4.51781	4.51781e+06	
25200	73.8701	36.8697	0	3.22e-06	3.16894e-06	0	4.51781	4.51781e+06	
25300	73.8701	36.8697	0	3.22e-06	3.16894e-06	0	4.51781	4.51781e+06	
25400	73.8701	36.8697	0	3.22e-06	3.16894e-06	0	4.51781	4.51781e+06	
25500	73.8701	36.8697	0	3.22e-06	3.16894e-06	0	4.51781	4.51781e+06	
25600	73.8701	36.8701	0	3.22e-06	3.22e-06	0	4.55377	4.55377e+06	
25700	73.8701	36.8701	0	3.22e-06	3.22e-06	0	4.55377	4.55377e+06	
25800	73.8701	36.8701	0	3.22e-06	3.22e-06	0	4.55377	4.55377e+06	
25900	73.8701	36.8701	0	3.22e-06	3.22e-06	0	4.55377	4.55377e+06	
26000	73.8701	36.8701	0	3.22e-06	3.22e-06	0	4.55377	4.55377e+06	
26100	73.8701	36.8701	0	3.22e-06	3.22e-06	0	4.55377	4.55377e+06	
26200	73.8701	36.8701	0	3.22e-06	3.22e-06	0	4.55377	4.55377e+06	
26300	73.8701	36.8701	0	3.22e-06	3.22e-06	0	4.55377	4.55377e+06	
26400	73.8701	36.8701	0	3.22e-06	3.22e-06	0	4.55377	4.55377e+06	
26500	73.8701	36.8701	0	3.22e-06	3.22e-06	0	4.55377	4.55377e+06	
26600	73.8701	36.8701	0	3.22e-06	3.22e-06	0	4.55377	4.55377e+06	
26700	73.8701	36.8701	0	3.22e-06	3.22e-06	0	4.55377	4.55377e+06	
26800	73.8701	36.8701	0	3.22e-06	3.22e-06	0	4.55377	4.55377e+06	
26900	73.8701	36.8701	0	3.22e-06	3.22e-06	0	4.55377	4.55377e+06	
27000	73.8701	36.8701	0	3.22e-06	3.22e-06	0	4.55377	4.55377e+06	
27100	73.8701	36.8701	0	3.22e-06	3.22e-06	0	4.55377	4.55377e+06	
27200	73.8701	36.8701	0	3.22e-06	3.22e-06	0	4.55377	4.55377e+06	
27300	73.8701	36.8701	0	3.22e-06	3.22e-06	0	4.55377	4.55377e+06	
27400	73.8701	36.8701	0	3.22e-06	3.22e-06	0	4.55377	4.55377e+06	
27500	73.8701	36.8701	0	3.22e-06	3.22e-06	0	4.55377	4.55377e+06	
27600	73.8701	36.8701	0	3.22e-06	3.22e-06	0	4.55377	4.55377e+06	
27700	73.8701	36.8701	0	3.22e-06	3.22e-06	0	4.55377	4.55377e+06	
27800	73.8701	36.8701	0	3.22e-06	3.22e-06	0	4.55377	4.55377e+06	
27900	73.8701	36.8701	0	3.22e-06	3.22e-06	0	4.55377	4.55377e+06	
28000	73.8701	36.8701	0	3.22e-06	3.22e-06	0	4.55377	4.55377e+06	
28100	73.8705	36.8667	0	3.22e-06	2.76243e-06	0	4.24257	4.24257e+06	
28200	73.8705	36.8667	0	3.22e-06	2.76243e-06	0	4.24257	4.24257e+06	
28300	73.8705	36.8667	0	3.22e-06	2.76243e-06	0	4.24257	4.24257e+06	
28400	73.8705	36.8667	0	3.22e-06	2.76243e-06	0	4.24257	4.24257e+06	
28500	73.8705	36.8667	0	3.22e-06	2.76243e-06	0	4.24257	4.24257e+06	
28600	73.8701	36.8701	0	3.22e-06	3.22e-06	0	4.55377	4.55377e+06	
28700	73.8701	36.8701	0	3.22e-06	3.22e-06	0	4.55377	4.55377e+06	
28800	73.8701	36.8701	0	3.22e-06	3.22e-06	0	4.55377	4.55377e+06	
28900	73.8701	36.8701	0	3.22e-06	3.22e-06	0	4.55377	4.55377e+06	
29000	73.8701	36.8701	0	3.22e-06	3.22e-06	0	4.55377	4.55377e+06	
29100	73.8701	36.8697	0	3.22e-06	3.17232e-06	0	4.52018	4.52018e+06	
29200	73.8701	36.8697	0	3.22e-06	3.17232e-06	0	4.52018	4.52018e+06	
29300	73.8701	36.8697	0	3.22e-06	3.17232e-06	0	4.52018	4.52018e+06	
29400	73.8701	36.8697	0	3.22e-06	3.17232e-06	0	4.52018	4.52018e+06	
29500	73.8701	36.8697	0	3.22e-06	3.17232e-06	0	4.52018	4.52018e+06	
29600	73.8702	36.869	0	3.22e-06	3.06503e-06	0	4.44554	4.44554e+06	
29700	73.8702	36.869	0	3.22e-06	3.06503e-06	0	4.44554	4.44554e+06	
29800	73.8702	36.869	0	3.22e-06	3.06503e-06	0	4.44554	4.44554e+06	
29900	73.8702	36.869	0	3.22e-06	3.06503e-06	0	4.44554	4.44554e+06	
30000	73.8702	36.869	0	3.22e-06	3.06503e-06	0	4.44554	4.44554e+06	
30100	73.8702	36.8693	0	3.22e-06	3.10134e-06	0	4.47065	4.47065e+06	
30200	73.8702	36.8693	0	3.22e-06	3.10134e-06	0	4.47065	4.47065e+06	
30300	73.8702	36.8693	0	3.22e-06	3.10134e-06	0	4.47065	4.47065e+06	
30400	73.8702	36.8693	0	3.22e-06	3.10134e-06	0	4.47065	4.47065e+06	
30500	73.8702	36.8693	0	3.22e-06	3.10134e-06	0	4.47065	4.47065e+06	
30600	73.8701	36.8701	0	3.22e-06	3.22e-06	0	4.55377	4.55377e+06	
30700	73.8701	36.8701	0	3.22e-06	3.22e-06	0	4.55377	4.55377e+06	
30800	73.8701	36.8701	0	3.22e-06	3.22e-06	0	4.55377	4.55377e+06	
30900	73.8701	36.8701	0	3.22e-06	3.22e-06	0	4.55377	4.55377e+06	
31000	73.8701	36.8701	0	3.22e-06	3.22e-06	0	4.55377	4.55377e+06	
31100	73.8701	36.8701	0	3.22e-06	3.22e-06	0	4.55377	4.55377e+06	
31200	73.8701	36.8701	0	3.22e-06	3.22e-06	0	4.55377	4.55377e+06	
31300	73.8701	36.8701	0	3.22e-06	3.22e-06	0	4.55377	4.55377e+06	
31400	73.8701	36.8701	0	3.22e-06	3.22e-06	0	4.55377	4.55377e+06	
31500	73.8701	36.8701	0	3.22e-06	3.22e-06	0	4.55377	4.55377e+06	
31600	73.8683	36.8703	0	2.96663e-06	3.22e-06	0	4.37828	4.37828e+06	
31700	73.8683	36.8703	0	2.96663e-06	3.22e-06	0	4.37828	4.37828e+06	
31800	73.8683	36.8703	0	2.96663e-06	3.22e-06	0	4.37828	4.37828e+06	
31900	73.8683	36.8703	0	2.96663e-06	3.22e-06	0	4.37828	4.37828e+06	
32000	73.8683	36.8703	0	2.96663e-06	3.22e-06	0	4.37828	4.37828e+06	
32100	73.8687	36.8702	0	3.02303e-06	3.22e-06	0	4.41668	4.41668e+06	
32200	73.8687	36.8702	0	3.02303e-06	3.22e-06	0	4.41668	4.41668e+06	
32300	73.8687	36.8702	0	3.02303e-06	3.22e-06	0	4.41668	4.41668e+06	
32400	73.8687	36.8702	0	3.02303e-06	3.22e-06	0	4.41668	4.41668e+06	
32500	73.8687	36.8702	0	3.02303e-06	3.22e-06	0	4.41668	4.41668e+06	
32600	73.8701	36.8701	0	3.22e-06	3.22e-06	0	4.55377	4.55377e+06	
32700	73.8701	36.8701	0	3.22e-06	3.22e-06	0	4.55377	4.55377e+06	
32800	73.8701	36.8701	0	3.22e-06	3.22e-06	0	4.55377	4.55377e+06	
32900	73.8701	36.8701	0	3.22e-06	3.22e-06	0	4.55377	4.55377e+06	
33000	73.8701	36.8701	0	3.22e-06	3.22e-06	0	4.55377	4.55377e+06	
33100	73.8504	36.8721	0	1.36702e-06	3.22e-06	0	3.49816	3.49816e+06	
33200	73.8504	36.8721	0	1.36702e-06	3.22e-06	0	3.49816	3.49816e+06	
33300	73.8504	36.8721	0	1.36702e-06	3.22e-06	0	3.49816	3.49816e+06	
33400	73.8504	36.8721	0	1.36702e-06	3.22e-06	0	3.49816	3.49816e+06	
33500	73.8504	36.8721	0	1.36702e-06	3.22e-06	0	3.49816	3.49816e+06	
33600	73.735	36.8832	0	-4.64059e-07	3.22e-06	0	3.25327	3.25327e+06	
33700	73.6226	36.8992	0	-4.64059e-07	3.22e-06	0	3.25327	3.25327e+06	
33800	73.5203	36.9123	0	-4.64059e-07	3.22e-06	0	3.25327	3.25327e+06	
33900	73.4702	36.9121	0	-4.64059e-07	3.22e-06	0	3.25327	3.25327e+06	
34000	73.4482	36.9101	0	-4.64059e-07	3.22e-06	0	3.25327	3.25327e+06	
34100	73.2899	36.8882	0	-1.76158e-06	3.22e-06	0	3.67036	3.67036e+06	
34200	73.111	36.8707	0	-1.76158e-06	3.22e-06	0	3.67036	3.67036e+06	
34300	72.8936	36.8694	0	-1.76158e-06	3.22e-06	0	3.67036	3.67036e+06	
34400	72.6355	36.8958	0	-1.76158e-06	3.22e-06	0	3.67036	3.67036e+06	
34500	72.4134	36.9067	0	-1.76158e-06	3.22e-06	0	3.67036	3.67036e+06	
34600	72.2212	36.8799	0	-2.02265e-06	3.22e-06	0	3.80257	3.80257e+06	
34700	71.9917	36.8673	0	-2.02265e-06	3.22e-06	0	3.80257	3.80257e+06	
34800	71.7156	36.8844	0	-2.02265e-06	3.22e-06	0	3.80257	3.80257e+06	
34900	71.4398	36.9102	0	-2.02265e-06	3.22e-06	0	3.80257	3.80257e+06	
35000	71.2488	36.8831	0	-2.02265e-06	3.22e-06	0	3.80257	3.80257e+06	
35100	71.2362	36.8805	0	-4.68393e-07	3.22e-06	0	3.25389	3.25389e+06	
35200	71.2211	36.8789	0	-4.68393e-07	3.22e-06	0	3.25389	3.25389e+06	
35300	71.2028	36.8771	0	-4.68393e-07	3.22e-06	0	3.25389	3.25389e+06	
35400	71.1809	36.8751	0	-4.68393e-07	3.22e-06	0	3.25389	3.25389e+06	
35500	71.1544	36.873	0	-4.68393e-07	3.22e-06	0	3.25389	3.25389e+06	
35600	71.215	36.8779	0	2.1444e-07	3.22e-06	0	3.22713	3.22713e+06	
35700	71.2872	36.8862	0	2.1444e-07	3.22e-06	0	3.22713	3.22713e+06	
35800	71.3703	36.8983	0	2.1444e-07	3.22e-06	0	3.22713	3.22713e+06	
35900	71.4503	36.9099	0	2.1444e-07	3.22e-06	0	3.22713	3.22713e+06	
36000	71.4972	36.913	0	2.1444e-07	3.22e-06	0	3.22713	3.22713e+06	
36100	71.5043	36.913	0	6.64121e-08	3.22e-06	0	3.22068	3.22068e+06	
36200	71.5071	36.913	0	6.64121e-08	3.22e-06	0	3.22068	3.22068e+06	
36300	71.5081	36.9129	0	6.64121e-08	3.22e-06	0	3.22068	3.22068e+06	
36400	71.5086	36.9129	0	6.64121e-08	3.22e-06	0	3.22068	3.22068e+06	
36500	71.5088	36.9129	0	6.64121e-08	3.22e-06	0	3.22068	3.22068e+06	
36600	71.5458	36.9108	0	5.08473e-07	3.22e-06	0	3.2599	3.2599e+06	
36700	71.5645	36.9087	0	5.08473e-07	3.22e-06	0	3.2599	3.2599e+06	
36800	71.5761	36.9071	0	5.08473e-07	3.22e-06	0	3.2599	3.2599e+06	
36900	71.5842	36.906	0	5.08473e-07	3.22e-06	0	3.2599	3.2599e+06	
37000	71.5903	36.9051	0	5.08473e-07	3.22e-06	0	3.2599	3.2599e+06	
37100	71.8067	36.8772	0	2.20125e-06	3.22e-06	0	3.9005	3.9005e+06	
37200	72.0666	36.8679	0	2.20125e-06	3.22e-06	0	3.9005	3.9005e+06	
37300	72.3761	36.8972	0	2.20125e-06	3.22e-06	0	3.9005	3.9005e+06	
37400	72.6358	36.8996	0	2.20125e-06	3.22e-06	0	3.9005	3.9005e+06	
37500	72.8589	36.8728	0	2.20125e-06	3.22e-06	0	3.9005	3.9005e+06	
37600	73.264	36.8811	0	3.19208e-06	3.22e-06	0	4.53407	4.53407e+06	
37700	73.6592	36.8968	0	3.19208e-06	3.22e-06	0	4.53407	4.53407e+06	
37800	73.8699	36.8701	0	3.19208e-06	3.22e-06	0	4.53407	4.53407e+06	
37900	73.8699	36.8701	0	3.19208e-06	3.22e-06	0	4.53407	4.53407e+06	
38000	73.8699	36.8701	0	3.19208e-06	3.22e-06	0	4.53407	4.53407e+06	
38100	73.8701	36.8701	0	3.22e-06	3.22e-06	0	4.55377	4.55377e+06	
38200	73.8701	36.8701	0	3.22e-06	3.22e-06	0	4.55377	4.55377e+06	
38300	73.8701	36.8701	0	3.22e-06	3.22e-06	0	4.55377	4.55377e+06	
38400	73.8701	36.8701	0	3.22e-06	3.22e-06	0	4.55377	4.55377e+06	
38500	73.8701	36.8701	0	3.22e-06	3.22e-06	0	4.55377	4.55377e+06	
38600	73.8707	36.8644	0	3.22e-06	2.49118e-06	0	4.07117	4.07117e+06	
38700	73.8707	36.8644	0	3.22e-06	2.49118e-06	0	4.07117	4.07117e+06	
38800	73.8707	36.8644	0	3.22e-06	2.49118e-06	0	4.07117	4.07117e+06	
38900	73.8707	36.8644	0	3.22e-06	2.49118e-06	0	4.07117	4.07117e+06	
39000	73.8707	36.8644	0	3.22e-06	2.49118e-06	0	4.07117	4.07117e+06	
39100	73.8716	36.8556	0	3.22e-06	1.6926e-06	0	3.63776	3.63776e+06	
39200	73.8716	36.8556	0	3.22e-06	1.6926e-06	0	3.63776	3.63776e+06	
39300	73.8716	36.8556	0	3.22e-06	1.6926e-06	0	3.63776	3.63776e+06	
39400	73.8716	36.8556	0	3.22e-06	1.6926e-06	0	3.63776	3.63776e+06	
39500	73.8716	36.8556	0	3.22e-06	1.6926e-06	0	3.63776	3.63776e+06	
39600	73.8716	36.8562	0	3.22e-06	1.73411e-06	0	3.65726	3.65726e+06	
39700	73.8716	36.8562	0	3.22e-06	1.73411e-06	0	3.65726	3.65726e+06	
39800	73.8716	36.8562	0	3.22e-06	1.73411e-06	0	3.65726	3.65726e+06	
39900	73.8716	36.8562	0	3.22e-06	1.73411e-06	0	3.65726	3.65726e+06	
40000	73.8716	36.8562	0	3.22e-06	1.73411e-06	0	3.65726	3.65726e+06	
40100	73.8738	36.8313	0	3.22e-06	6.68388e-07	0	3.28864	3.28864e+06	
40200	73.8739	36.83	0	3.22e-06	6.68388e-07	0	3.28864	3.28864e+06	
40300	73.874	36.8299	0	3.22e-06	6.68388e-07	0	3.28864	3.28864e+06	
40400	73.874	36.8299	0	3.22e-06	6.68388e-07	0	3.28864	3.28864e+06	
40500	73.874	36.8299	0	3.22e-06	6.68388e-07	0	3.28864	3.28864e+06	
40600	73.8716	36.8558	0	3.22e-06	1.70534e-06	0	3.6437	3.6437e+06	
40700	73.8716	36.8558	0	3.22e-06	1.70534e-06	0	3.6437	3.6437e+06	
40800	73.8716	36.8558	0	3.22e-06	1.70534e-06	0	3.6437	3.6437e+06	
40900	73.8716	36.8558	0	3.22e-06	1.70534e-06	0	3.6437	3.6437e+06	
41000	73.8716	36.8558	0	3.22e-06	1.70534e-06	0	3.6437	3.6437e+06	
41100	73.8679	36.8411	0	2.51038e-06	8.88613e-07	0	2.66301	2.66301e+06	
41200	73.8679	36.841	0	2.51038e-06	8.88613e-07	0	2.66301	2.66301e+06	
41300	73.8679	36.841	0	2.51038e-06	8.88613e-07	0	2.66301	2.66301e+06	
41400	73.8679	36.841	0	2.51038e-06	8.88613e-07	0	2.66301	2.66301e+06	
41500	73.8679	36.841	0	2.51038e-06	8.88613e-07	0	2.66301	2.66301e+06	
41600	73.8519	36.872	0	1.44968e-06	3.22e-06	0	3.53129	3.53129e+06	
41700	73.8519	36.872	0	1.44968e-06	3.22e-06	0	3.53129	3.53129e+06	
41800	73.8519	36.872	0	1.44968e-06	3.22e-06	0	3.53129	3.53129e+06	
41900	73.8519	36.872	0	1.44968e-06	3.22e-06	0	3.53129	3.53129e+06	
42000	73.8519	36.872	0	1.44968e-06	3.22e-06	0	3.53129	3.53129e+06	
42100	73.8355	36.8735	0	7.78409e-07	3.22e-06	0	3.31275	3.31275e+06	
42200	73.835	36.8735	0	7.78409e-07	3.22e-06	0	3.31275	3.31275e+06	
42300	73.835	36.8735	0	7.78409e-07	3.22e-06	0	3.31275	3.31275e+06	
42400	73.835	36.8735	0	7.78409e-07	3.22e-06	0	3.31275	3.31275e+06	
42500	73.835	36.8735	0	7.78409e-07	3.22e-06	0	3.31275	3.31275e+06	
42600	73.6941	36.8883	0	-7.22639e-07	3.22e-06	0	3.30009	3.30009e+06	
42700	73.5502	36.9094	0	-7.22639e-07	3.22e-06	0	3.30009	3.30009e+06	
42800	73.4612	36.9115	0	-7.22639e-07	3.22e-06	0	3.30009	3.30009e+06	
42900	73.4187	36.9066	0	-7.22639e-07	3.22e-06	0	3.30009	3.30009e+06	
43000	73.3883	36.902	0	-7.22639e-07	3.22e-06	0	3.30009	3.30009e+06	
43100	73.3053	36.8827	0	-1.02641e-06	2.23952e-06	0	2.46353	2.46353e+06	
43200	73.2127	36.8714	0	-1.02641e-06	2.23952e-06	0	2.46353	2.46353e+06	
43300	73.1068	36.8631	0	-1.02641e-06	2.23952e-06	0	2.46353	2.46353e+06	
43400	72.9856	36.86	0	-1.02641e-06	2.23952e-06	0	2.46353	2.46353e+06	
43500	72.8478	36.8647	0	-1.02641e-06	2.23952e-06	0	2.46353	2.46353e+06	
43600	73.2478	36.841	0	3.22e-06	6.1899e-07	0	3.27896	3.27896e+06	
43700	73.6478	36.8686	0	3.22e-06	6.1899e-07	0	3.27896	3.27896e+06	
43800	73.8736	36.8331	0	3.22e-06	6.1899e-07	0	3.27896	3.27896e+06	
43900	73.8741	36.8278	0	3.22e-06	6.1899e-07	0	3.27896	3.27896e+06	
44000	73.8742	36.8272	0	3.22e-06	6.1899e-07	0	3.27896	3.27896e+06	
44100	73.871	36.8615	0	3.22e-06	2.19038e-06	0	3.89437	3.89437e+06	
44200	73.871	36.8615	0	3.22e-06	2.19038e-06	0	3.89437	3.89437e+06	
44300	73.871	36.8615	0	3.22e-06	2.19038e-06	0	3.89437	3.89437e+06	
44400	73.871	36.8615	0	3.22e-06	2.19038e-06	0	3.89437	3.89437e+06	
44500	73.871	36.8615	0	3.22e-06	2.19038e-06	0	3.89437	3.89437e+06	
44600	73.8713	36.8592	0	3.22e-06	1.97222e-06	0	3.77598	3.77598e+06	
44700	73.8713	36.8592	0	3.22e-06	1.97222e-06	0	3.77598	3.77598e+06	
44800	73.8713	36.8592	0	3.22e-06	1.97222e-06	0	3.77598	3.77598e+06	
44900	73.8713	36.8592	0	3.22e-06	1.97222e-06	0	3.77598	3.77598e+06	
45000	73.8713	36.8592	0	3.22e-06	1.97222e-06	0	3.77598	3.77598e+06	
45100	73.8701	36.8701	0	3.22e-06	3.22e-06	0	4.55377	4.55377e+06	
45200	73.8701	36.8701	0	3.22e-06	3.22e-06	0	4.55377	4.55377e+06	
45300	73.8701	36.8701	0	3.22e-06	3.22e-06	0	4.55377	4.55377e+06	
45400	73.8701	36.8701	0	3.22e-06	3.22e-06	0	4.55377	4.55377e+06	
45500	73.8701	36.8701	0	3.22e-06	3.22e-06	0	4.55377	4.55377e+06	
45600	73.8701	36.8701	0	3.22e-06	3.22e-06	0	4.55377	4.55377e+06	
45700	73.8701	36.8701	0	3.22e-06	3.22e-06	0	4.55377	4.55377e+06	
45800	73.8701	36.8701	0	3.22e-06	3.22e-06	0	4.55377	4.55377e+06	
45900	73.8701	36.8701	0	3.22e-06	3.22e-06	0	4.55377	4.55377e+06	
46000	73.8701	36.8701	0	3.22e-06	3.22e-06	0	4.55377	4.55377e+06	
46100	73.8701	36.8701	0	3.22e-06	3.22e-06	0	4.55377	4.55377e+06	
46200	73.8701	36.8701	0	3.22e-06	3.22e-06	0	4.55377	4.55377e+06	
46300	73.8701	36.8701	0	3.22e-06	3.22e-06	0	4.55377	4.55377e+06	
46400	73.8701	36.8701	0	3.22e-06	3.22e-06	0	4.55377	4.55377e+06	
46500	73.8701	36.8701	0	3.22e-06	3.22e-06	0	4.55377	4.55377e+06	
46600	73.8701	36.8701	0	3.22e-06	3.22e-06	0	4.55377	4.55377e+06	
46700	73.8701	36.8701	0	3.22e-06	3.22e-06	0	4.55377	4.55377e+06	
46800	73.8701	36.8701	0	3.22e-06	3.22e-06	0	4.55377	4.55377e+06	
46900	73.8701	36.8701	0	3.22e-06	3.22e-06	0	4.55377	4.55377e+06	
47000	73.8701	36.8701	0	3.22e-06	3.22e-06	0	4.55377	4.55377e+06	
47100	73.8701	36.8701	0	3.22e-06	3.22e-06	0	4.55377	4.55377e+06	
47200	73.8701	36.8701	0	3.22e-06	3.22e-06	0	4.55377	4.55377e+06	
47300	73.8701	36.8701	0	3.22e-06	3.22e-06	0	4.55377	4.55377e+06	
47400	73.8701	36.8701	0	3.22e-06	3.22e-06	0	4.55377	4.55377e+06	
47500	73.8701	36.8701	0	3.22e-06	3.22e-06	0	4.55377	4.55377e+06	
47600	73.8701	36.8701	0	3.22e-06	3.22e-06	0	4.55377	4.55377e+06	
47700	73.8701	36.8701	0	3.22e-06	3.22e-06	0	4.55377	4.55377e+06	
47800	73.8701	36.8701	0	3.22e-06	3.22e-06	0	4.55377	4.55377e+06	
47900	73.8701	36.8701	0	3.22e-06	3.22e-06	0	4.55377	4.55377e+06	
48000	73.8701	36.8701	0	3.22e-06	3.22e-06	0	4.55377	4.55377e+06	
48100	73.8701	36.8701	0	3.22e-06	3.22e-06	0	4.55377	4.55377e+06	
48200	73.8701	36.8701	0	3.22e-06	3.22e-06	0	4.55377	4.55377e+06	
48300	73.8701	36.8701	0	3.22e-06	3.22e-06	0	4.55377	4.55377e+06	
48400	73.8701	36.8701	0	3.22e-06	3.22e-06	0	4.55377	4.55377e+06	
48500	73.8701	36.8701	0	3.22e-06	3.22e-06	0	4.55377	4.55377e+06	
48600	73.8532	36.8719	0	1.52822e-06	3.22e-06	0	3.56425	3.56425e+06	
48700	73.8532	36.8719	0	1.52822e-06	3.22e-06	0	3.56425	3.56425e+06	
48800	73.8532	36.8719	0	1.52822e-06	3.22e-06	0	3.56425	3.56425e+06	
48900	73.8532	36.8719	0	1.52822e-06	3.22e-06	0	3.56425	3.56425e+06	
49000	73.8532	36.8719	0	1.52822e-06	3.22e-06	0	3.56425	3.56425e+06	
49100	73.8701	36.8701	0	3.22e-06	3.22e-06	0	4.55377	4.55377e+06	
49200	73.8701	36.8701	0	3.22e-06	3.22e-06	0	4.55377	4.55377e+06	
49300	73.8701	36.8701	0	3.22e-06	3.22e-06	0	4.55377	4.55377e+06	
49400	73.8701	36.8701	0	3.22e-06	3.22e-06	0	4.55377	4.55377e+06	
49500	73.8701	36.8701	0	3.22e-06	3.22e-06	0	4.55377	4.55377e+06	
49600	73.8701	36.8701	0	3.22e-06	3.22e-06	0	4.55377	4.55377e+06	
49700	73.8701	36.8701	0	3.22e-06	3.22e-06	0	4.55377	4.55377e+06	
49800	73.8701	36.8701	0	3.22e-06	3.22e-06	0	4.55377	4.55377e+06	
49900	73.8701	36.8701	0	3.22e-06	3.22e-06	0	4.55377	4.55377e+06	
50000	73.8701	36.8701	0	3.22e-06	3.22e-06	0	4.55377	4.55377e+06	
