0	65	30	0	-2.16485e-07	-3.22e-06	0	3.22727	3.22727e+06	
100	64.735	29.6	0	-2.13334e-06	-3.22e-06	0	3.86258	3.86258e+06	
200	64.47	29.2	0	-2.13334e-06	-3.22e-06	0	3.86258	3.86258e+06	
300	64.205	28.8	0	-2.13334e-06	-3.22e-06	0	3.86258	3.86258e+06	
400	63.94	28.4	0	-2.13334e-06	-3.22e-06	0	3.86258	3.86258e+06	
500	63.6749	28	0	-2.13334e-06	-3.22e-06	0	3.86258	3.86258e+06	
600	63.7753	27.6	0	8.08163e-07	-3.22e-06	0	3.31987	3.31987e+06	
700	63.8757	27.2	0	8.08163e-07	-3.22e-06	0	3.31987	3.31987e+06	
800	63.9761	26.8	0	8.08163e-07	-3.22e-06	0	3.31987	3.31987e+06	
900	64.0765	26.4	0	8.08163e-07	-3.22e-06	0	3.31987	3.31987e+06	
1000	64.1769	26	0	8.08163e-07	-3.22e-06	0	3.31987	3.31987e+06	
1100	64.1921	25.6	0	1.22244e-07	-3.22e-06	0	3.22232	3.22232e+06	
1200	64.2073	25.2	0	1.22244e-07	-3.22e-06	0	3.22232	3.22232e+06	
1300	64.2238	24.8021	0	1.22244e-07	-3.22e-06	0	3.22232	3.22232e+06	
1400	64.4036	24.614	0	1.22244e-07	-3.22e-06	0	3.22232	3.22232e+06	
1500	64.6125	24.4096	0	1.22244e-07	-3.22e-06	0	3.22232	3.22232e+06	
1600	64.7057	24.2779	0	-1.91071e-06	-3.22e-06	0	3.74422	3.74422e+06	
1700	64.8168	24.1158	0	-1.91071e-06	-3.22e-06	0	3.74422	3.74422e+06	
1800	64.9311	23.9069	0	-1.91071e-06	-3.22e-06	0	3.74422	3.74422e+06	
1900	65.0366	23.6423	0	-1.91071e-06	-3.22e-06	0	3.74422	3.74422e+06	
2000	65.115	23.3169	0	-1.91071e-06	-3.22e-06	0	3.74422	3.74422e+06	
2100	65.1801	22.9242	0	-1.58158e-07	-3.22e-06	0	3.22388	3.22388e+06	
2200	65.296	22.6986	0	-1.58158e-07	-3.22e-06	0	3.22388	3.22388e+06	
2300	65.4828	22.5406	0	-1.58158e-07	-3.22e-06	0	3.22388	3.22388e+06	
2400	65.6742	22.3342	0	-1.58158e-07	-3.22e-06	0	3.22388	3.22388e+06	
2500	65.8566	22.0733	0	-1.58158e-07	-3.22e-06	0	3.22388	3.22388e+06	
2600	65.7928	22.2063	0	-1.31554e-06	5.74779e-07	0	1.43563	1.43563e+06	
2700	65.7044	22.3321	0	-1.31554e-06	5.74779e-07	0	1.43563	1.43563e+06	
2800	65.6035	22.456	0	-1.31554e-06	5.74779e-07	0	1.43563	1.43563e+06	
2900	65.4903	22.5764	0	-1.31554e-06	5.74779e-07	0	1.43563	1.43563e+06	
3000	65.3651	22.6915	0	-1.31554e-06	5.74779e-07	0	1.43563	1.43563e+06	
3100	65.2437	22.7284	0	-3.08404e-06	-2.47013e-06	0	3.95131	3.95131e+06	
3200	65.1469	22.7973	0	-3.08404e-06	-2.47013e-06	0	3.95131	3.95131e+06	
3300	65.1398	22.8037	0	-3.08404e-06	-2.47013e-06	0	3.95131	3.95131e+06	
3400	65.1398	22.8037	0	-3.08404e-06	-2.47013e-06	0	3.95131	3.95131e+06	
3500	65.1398	22.8037	0	-3.08404e-06	-2.47013e-06	0	3.95131	3.95131e+06	
3600	65.1386	22.8037	0	-3.22e-06	-2.54274e-06	0	4.10291	4.10291e+06	
3700	65.1386	22.8037	0	-3.22e-06	-2.54274e-06	0	4.10291	4.10291e+06	
3800	65.1386	22.8037	0	-3.22e-06	-2.54274e-06	0	4.10291	4.10291e+06	
3900	65.1386	22.8037	0	-3.22e-06	-2.54274e-06	0	4.10291	4.10291e+06	
4000	65.1386	22.8037	0	-3.22e-06	-2.54274e-06	0	4.10291	4.10291e+06	
4100	65.1433	22.8041	0	-2.68391e-06	-2.2192e-06	0	3.48256	3.48256e+06	
4200	65.1433	22.804	0	-2.68391e-06	-2.2192e-06	0	3.48256	3.48256e+06	
4300	65.1433	22.804	0	-2.68391e-06	-2.2192e-06	0	3.48256	3.48256e+06	
4400	65.1433	22.804	0	-2.68391e-06	-2.2192e-06	0	3.48256	3.48256e+06	
4500	65.1433	22.804	0	-2.68391e-06	-2.2192e-06	0	3.48256	3.48256e+06	
4600	65.1293	22.8528	0	-3.22e-06	-1.68188e-07	0	3.22439	3.22439e+06	
4700	65.1293	22.8558	0	-3.22e-06	-1.68188e-07	0	3.22439	3.22439e+06	
4800	65.1293	22.8563	0	-3.22e-06	-1.68188e-07	0	3.22439	3.22439e+06	
4900	65.1293	22.8563	0	-3.22e-06	-1.68188e-07	0	3.22439	3.22439e+06	
5000	65.1293	22.8563	0	-3.22e-06	-1.68188e-07	0	3.22439	3.22439e+06	
5100	65.1624	22.784	0	-2.44221e-06	-3.22e-06	0	4.04139	4.04139e+06	
5200	65.167	22.7807	0	-2.44221e-06	-3.22e-06	0	4.04139	4.04139e+06	
5300	65.1681	22.7799	0	-2.44221e-06	-3.22e-06	0	4.04139	4.04139e+06	
5400	65.1683	22.7797	0	-2.44221e-06	-3.22e-06	0	4.04139	4.04139e+06	
5500	65.1684	22.7797	0	-2.44221e-06	-3.22e-06	0	4.04139	4.04139e+06	
5600	65.1489	22.792	0	-3.01202e-06	-3.22e-06	0	4.40916	4.40916e+06	
5700	65.1483	22.7925	0	-3.01202e-06	-3.22e-06	0	4.40916	4.40916e+06	
5800	65.1483	22.7925	0	-3.01202e-06	-3.22e-06	0	4.40916	4.40916e+06	
5900	65.1483	22.7925	0	-3.01202e-06	-3.22e-06	0	4.40916	4.40916e+06	
6000	65.1483	22.7925	0	-3.01202e-06	-3.22e-06	0	4.40916	4.40916e+06	
6100	65.1444	22.7949	0	-3.22e-06	-3.22e-06	0	4.55377	4.55377e+06	
6200	65.1444	22.7949	0	-3.22e-06	-3.22e-06	0	4.55377	4.55377e+06	
6300	65.1444	22.7949	0	-3.22e-06	-3.22e-06	0	4.55377	4.55377e+06	
6400	65.1444	22.7949	0	-3.22e-06	-3.22e-06	0	4.55377	4.55377e+06	
6500	65.1444	22.7949	0	-3.22e-06	-3.22e-06	0	4.55377	4.55377e+06	
6600	65.1295	22.8455	0	-3.22e-06	-3.43147e-07	0	3.23823	3.23823e+06	
6700	65.1294	22.8469	0	-3.22e-06	-3.43147e-07	0	3.23823	3.23823e+06	
6800	65.1294	22.847	0	-3.22e-06	-3.43147e-07	0	3.23823	3.23823e+06	
6900	65.1294	22.847	0	-3.22e-06	-3.43147e-07	0	3.23823	3.23823e+06	
7000	65.1294	22.847	0	-3.22e-06	-3.43147e-07	0	3.23823	3.23823e+06	
7100	65.1305	22.831	0	-3.22e-06	-8.52463e-07	0	3.33093	3.33093e+06	
7200	65.1305	22.8309	0	-3.22e-06	-8.52463e-07	0	3.33093	3.33093e+06	
7300	65.1305	22.8309	0	-3.22e-06	-8.52463e-07	0	3.33093	3.33093e+06	
7400	65.1305	22.8309	0	-3.22e-06	-8.52463e-07	0	3.33093	3.33093e+06	
7500	65.1305	22.8309	0	-3.22e-06	-8.52463e-07	0	3.33093	3.33093e+06	
7600	65.1299	22.837	0	-3.22e-06	-6.2065e-07	0	3.27927	3.27927e+06	
7700	65.1299	22.837	0	-3.22e-06	-6.2065e-07	0	3.27927	3.27927e+06	
7800	65.1299	22.837	0	-3.22e-06	-6.2065e-07	0	3.27927	3.27927e+06	
7900	65.1299	22.837	0	-3.22e-06	-6.2065e-07	0	3.27927	3.27927e+06	
8000	65.1299	22.837	0	-3.22e-06	-6.2065e-07	0	3.27927	3.27927e+06	
8100	65.137	22.8069	0	-3.22e-06	-2.30342e-06	0	3.95906	3.95906e+06	
8200	65.137	22.8068	0	-3.22e-06	-2.30342e-06	0	3.95906	3.95906e+06	
8300	65.137	22.8068	0	-3.22e-06	-2.30342e-06	0	3.95906	3.95906e+06	
8400	65.137	22.8068	0	-3.22e-06	-2.30342e-06	0	3.95906	3.95906e+06	
8500	65.137	22.8068	0	-3.22e-06	-2.30342e-06	0	3.95906	3.95906e+06	
8600	65.1341	22.8142	0	-3.22e-06	-1.77052e-06	0	3.67466	3.67466e+06	
8700	65.1341	22.8142	0	-3.22e-06	-1.77052e-06	0	3.67466	3.67466e+06	
8800	65.1341	22.8142	0	-3.22e-06	-1.77052e-06	0	3.67466	3.67466e+06	
8900	65.1341	22.8142	0	-3.22e-06	-1.77052e-06	0	3.67466	3.67466e+06	
9000	65.1341	22.8142	0	-3.22e-06	-1.77052e-06	0	3.67466	3.67466e+06	
9100	65.1327	22.8191	0	-3.22e-06	-1.45999e-06	0	3.53553	3.53553e+06	
9200	65.1327	22.8191	0	-3.22e-06	-1.45999e-06	0	3.53553	3.53553e+06	
9300	65.1327	22.8191	0	-3.22e-06	-1.45999e-06	0	3.53553	3.53553e+06	
9400	65.1327	22.8191	0	-3.22e-06	-1.45999e-06	0	3.53553	3.53553e+06	
9500	65.1327	22.8191	0	-3.22e-06	-1.45999e-06	0	3.53553	3.53553e+06	
9600	65.1312	22.826	0	-3.22e-06	-1.07548e-06	0	3.39486	3.39486e+06	
9700	65.1312	22.826	0	-3.22e-06	-1.07548e-06	0	3.39486	3.39486e+06	
9800	65.1312	22.826	0	-3.22e-06	-1.07548e-06	0	3.39486	3.39486e+06	
9900	65.1312	22.826	0	-3.22e-06	-1.07548e-06	0	3.39486	3.39486e+06	
10000	65.1312	22.826	0	-3.22e-06	-1.07548e-06	0	3.39486	3.39486e+06	
10100	65.1334	22.8165	0	-3.22e-06	-1.61956e-06	0	3.60435	3.60435e+06	
10200	65.1334	22.8165	0	-3.22e-06	-1.61956e-06	0	3.60435	3.60435e+06	
10300	65.1334	22.8165	0	-3.22e-06	-1.61956e-06	0	3.60435	3.60435e+06	
10400	65.1334	22.8165	0	-3.22e-06	-1.61956e-06	0	3.60435	3.60435e+06	
10500	65.1334	22.8165	0	-3.22e-06	-1.61956e-06	0	3.60435	3.60435e+06	
10600	65.1333	22.8168	0	-3.22e-06	-1.60082e-06	0	3.59597	3.59597e+06	
10700	65.1333	22.8168	0	-3.22e-06	-1.60082e-06	0	3.59597	3.59597e+06	
10800	65.1333	22.8168	0	-3.22e-06	-1.60082e-06	0	3.59597	3.59597e+06	
10900	65.1333	22.8168	0	-3.22e-06	-1.60082e-06	0	3.59597	3.59597e+06	
11000	65.1333	22.8168	0	-3.22e-06	-1.60082e-06	0	3.59597	3.59597e+06	
11100	65.1359	22.8093	0	-3.22e-06	-2.11984e-06	0	3.85514	3.85514e+06	
11200	65.1359	22.8093	0	-3.22e-06	-2.11984e-06	0	3.85514	3.85514e+06	
11300	65.1359	22.8093	0	-3.22e-06	-2.11984e-06	0	3.85514	3.85514e+06	
11400	65.1359	22.8093	0	-3.22e-06	-2.11984e-06	0	3.85514	3.85514e+06	
11500	65.1359	22.8093	0	-3.22e-06	-2.11984e-06	0	3.85514	3.85514e+06	
11600	65.1443	22.795	0	-3.22e-06	-3.22e-06	0	4.55377	4.55377e+06	
11700	65.1444	22.7949	0	-3.22e-06	-3.22e-06	0	4.55377	4.55377e+06	
11800	65.1444	22.7949	0	-3.22e-06	-3.22e-06	0	4.55377	4.55377e+06	
11900	65.1444	22.7949	0	-3.22e-06	-3.22e-06	0	4.55377	4.55377e+06	
12000	65.1444	22.7949	0	-3.22e-06	-3.22e-06	0	4.55377	4.55377e+06	
12100	65.1444	22.7949	0	-3.22e-06	-3.22e-06	0	4.55377	4.55377e+06	
12200	65.1444	22.7949	0	-3.22e-06	-3.22e-06	0	4.55377	4.55377e+06	
12300	65.1444	22.7949	0	-3.22e-06	-3.22e-06	0	4.55377	4.55377e+06	
12400	65.1444	22.7949	0	-3.22e-06	-3.22e-06	0	4.55377	4.55377e+06	
12500	65.1444	22.7949	0	-3.22e-06	-3.22e-06	0	4.55377	4.55377e+06	
12600	65.2119	22.7526	0	-1.62164e-06	-3.22e-06	0	3.60529	3.60529e+06	
12700	65.2687	22.7119	0	-1.62164e-06	-3.22e-06	0	3.60529	3.60529e+06	
12800	65.3359	22.6602	0	-1.62164e-06	-3.22e-06	0	3.60529	3.60529e+06	
12900	65.4154	22.5932	0	-1.62164e-06	-3.22e-06	0	3.60529	3.60529e+06	
13000	65.5083	22.5061	0	-1.62164e-06	-3.22e-06	0	3.60529	3.60529e+06	
13100	65.3679	22.6466	0	-2.69063e-06	-5.6849e-07	0	2.75003	2.75003e+06	
13200	65.1896	22.7822	0	-2.69063e-06	-5.6849e-07	0	2.75003	2.75003e+06	
13300	65.134	22.836	0	-2.69063e-06	-5.6849e-07	0	2.75003	2.75003e+06	
13400	65.1338	22.8373	0	-2.69063e-06	-5.6849e-07	0	2.75003	2.75003e+06	
13500	65.1338	22.8373	0	-2.69063e-06	-5.6849e-07	0	2.75003	2.75003e+06	
13600	65.1301	22.8344	0	-3.22e-06	-7.14728e-07	0	3.29837	3.29837e+06	
13700	65.1301	22.8344	0	-3.22e-06	-7.14728e-07	0	3.29837	3.29837e+06	
13800	65.1301	22.8344	0	-3.22e-06	-7.14728e-07	0	3.29837	3.29837e+06	
13900	65.1301	22.8344	0	-3.22e-06	-7.14728e-07	0	3.29837	3.29837e+06	
14000	65.1301	22.8344	0	-3.22e-06	-7.14728e-07	0	3.29837	3.29837e+06	
14100	65.1317	22.9351	0	-3.22e-06	7.97917e-07	0	3.31739	3.31739e+06	
14200	65.1326	23.031	0	-3.22e-06	7.97917e-07	0	3.31739	3.31739e+06	
14300	65.1281	23.1462	0	-3.22e-06	7.97917e-07	0	3.31739	3.31739e+06	
14400	65.1146	23.2839	0	-3.22e-06	7.97917e-07	0	3.31739	3.31739e+06	
14500	65.0869	23.4471	0	-3.22e-06	7.97917e-07	0	3.31739	3.31739e+06	
14600	65.1256	23.1573	0	-3.22e-06	-2.85214e-06	0	4.30152	4.30152e+06	
14700	65.1308	22.8198	0	-3.22e-06	-2.85214e-06	0	4.30152	4.30152e+06	
14800	65.1409	22.7998	0	-3.22e-06	-2.85214e-06	0	4.30152	4.30152e+06	
14900	65.141	22.7997	0	-3.22e-06	-2.85214e-06	0	4.30152	4.30152e+06	
15000	65.141	22.7997	0	-3.22e-06	-2.85214e-06	0	4.30152	4.30152e+06	
15100	65.1347	22.8492	0	-2.50693e-06	-2.20354e-07	0	2.5166	2.5166e+06	
15200	65.1346	22.8522	0	-2.50693e-06	-2.20354e-07	0	2.5166	2.5166e+06	
15300	65.1346	22.8526	0	-2.50693e-06	-2.20354e-07	0	2.5166	2.5166e+06	
15400	65.1346	22.8526	0	-2.50693e-06	-2.20354e-07	0	2.5166	2.5166e+06	
15500	65.1346	22.8526	0	-2.50693e-06	-2.20354e-07	0	2.5166	2.5166e+06	
15600	65.1365	22.8287	0	-2.49905e-06	-8.49828e-07	0	2.63959	2.63959e+06	
15700	65.1366	22.8284	0	-2.49905e-06	-8.49828e-07	0	2.63959	2.63959e+06	
15800	65.1366	22.8284	0	-2.49905e-06	-8.49828e-07	0	2.63959	2.63959e+06	
15900	65.1366	22.8284	0	-2.49905e-06	-8.49828e-07	0	2.63959	2.63959e+06	
16000	65.1366	22.8284	0	-2.49905e-06	-8.49828e-07	0	2.63959	2.63959e+06	
16100	65.1453	22.8278	0	-1.72184e-06	-7.18118e-07	0	1.86559	1.86559e+06	
16200	65.1453	22.8277	0	-1.72184e-06	-7.18118e-07	0	1.86559	1.86559e+06	
16300	65.1453	22.8277	0	-1.72184e-06	-7.18118e-07	0	1.86559	1.86559e+06	
16400	65.1453	22.8277	0	-1.72184e-06	-7.18118e-07	0	1.86559	1.86559e+06	
16500	65.1453	22.8277	0	-1.72184e-06	-7.18118e-07	0	1.86559	1.86559e+06	
16600	65.2242	22.758	0	-6.00483e-07	-2.03489e-06	0	2.12164	2.12164e+06	
16700	65.2961	22.7059	0	-6.00483e-07	-2.03489e-06	0	2.12164	2.12164e+06	
16800	65.3738	22.6444	0	-6.00483e-07	-2.03489e-06	0	2.12164	2.12164e+06	
16900	65.4573	22.5716	0	-6.00483e-07	-2.03489e-06	0	2.12164	2.12164e+06	
17000	65.546	22.4853	0	-6.00483e-07	-2.03489e-06	0	2.12164	2.12164e+06	
17100	65.3447	22.7232	0	-1.99287e-06	1.52046e-06	0	2.50666	2.50666e+06	
17200	65.1433	22.922	0	-1.99287e-06	1.52046e-06	0	2.50666	2.50666e+06	
17300	65.1401	23.1129	0	-1.99287e-06	1.52046e-06	0	2.50666	2.50666e+06	
17400	65.1202	23.3246	0	-1.99287e-06	1.52046e-06	0	2.50666	2.50666e+06	
17500	65.0743	23.5553	0	-1.99287e-06	1.52046e-06	0	2.50666	2.50666e+06	
17600	65.1464	23.2357	0	-4.79753e-07	-2.78031e-06	0	2.8214	2.8214e+06	
17700	65.1688	22.8937	0	-4.79753e-07	-2.78031e-06	0	2.8214	2.8214e+06	
17800	65.2554	22.7301	0	-4.79753e-07	-2.78031e-06	0	2.8214	2.8214e+06	
17900	65.3865	22.6279	0	-4.79753e-07	-2.78031e-06	0	2.8214	2.8214e+06	
18000	65.5273	22.4982	0	-4.79753e-07	-2.78031e-06	0	2.8214	2.8214e+06	
18100	65.5784	22.4956	0	-5.54206e-08	-4.74073e-07	0	0.477302	477302	
18200	65.6059	22.4687	0	-5.54206e-08	-4.74073e-07	0	0.477302	477302	
18300	65.6324	22.4398	0	-5.54206e-08	-4.74073e-07	0	0.477302	477302	
18400	65.6589	22.4098	0	-5.54206e-08	-4.74073e-07	0	0.477302	477302	
18500	65.6853	22.3786	0	-5.54206e-08	-4.74073e-07	0	0.477302	477302	
18600	65.8845	22.0485	0	7.66803e-07	-3.22e-06	0	3.31004	3.31004e+06	
18700	66.0608	21.6854	0	7.66803e-07	-3.22e-06	0	3.31004	3.31004e+06	
18800	66.1861	21.2932	0	7.66803e-07	-3.22e-06	0	3.31004	3.31004e+06	
18900	66.2845	20.8934	0	7.66803e-07	-3.22e-06	0	3.31004	3.31004e+06	
19000	66.3798	20.4934	0	7.66803e-07	-3.22e-06	0	3.31004	3.31004e+06	
19100	66.5	20.1746	0	9.67888e-07	-2.5662e-06	0	2.74266	2.74266e+06	
19200	66.6202	19.8559	0	9.67888e-07	-2.5662e-06	0	2.74266	2.74266e+06	
19300	66.7405	19.5371	0	9.67888e-07	-2.5662e-06	0	2.74266	2.74266e+06	
19400	66.8607	19.2183	0	9.67888e-07	-2.5662e-06	0	2.74266	2.74266e+06	
19500	66.9809	18.8995	0	9.67888e-07	-2.5662e-06	0	2.74266	2.74266e+06	
19600	67.0281	18.8812	0	3.79263e-07	-1.47768e-07	0	0.407032	407032	
19700	67.0752	18.8628	0	3.79263e-07	-1.47768e-07	0	0.407032	407032	
19800	67.1223	18.8444	0	3.79263e-07	-1.47768e-07	0	0.407032	407032	
19900	67.1694	18.8261	0	3.79263e-07	-1.47768e-07	0	0.407032	407032	
20000	67.2165	18.8077	0	3.79263e-07	-1.47768e-07	0	0.407032	407032	
20100	66.8472	18.5818	0	-2.97268e-06	-1.81902e-06	0	3.48506	3.48506e+06	
20200	66.478	18.3558	0	-2.97268e-06	-1.81902e-06	0	3.48506	3.48506e+06	
20300	66.1087	18.1298	0	-2.97268e-06	-1.81902e-06	0	3.48506	3.48506e+06	
20400	65.8186	17.859	0	-2.97268e-06	-1.81902e-06	0	3.48506	3.48506e+06	
20500	65.5805	17.5343	0	-2.97268e-06	-1.81902e-06	0	3.48506	3.48506e+06	
20600	65.4591	17.29	0	-1.10485e-06	-1.84192e-06	0	2.14787	2.14787e+06	
20700	65.322	17.061	0	-1.10485e-06	-1.84192e-06	0	2.14787	2.14787e+06	
20800	65.1879	16.832	0	-1.10485e-06	-1.84192e-06	0	2.14787	2.14787e+06	
20900	65.1228	16.5928	0	-1.10485e-06	-1.84192e-06	0	2.14787	2.14787e+06	
21000	65.0661	16.3439	0	-1.10485e-06	-1.84192e-06	0	2.14787	2.14787e+06	
21100	65.0112	15.9394	0	-5.4433e-07	-3.22e-06	0	3.26568	3.26568e+06	
21200	64.9436	15.5394	0	-5.4433e-07	-3.22e-06	0	3.26568	3.26568e+06	
21300	64.876	15.1394	0	-5.4433e-07	-3.22e-06	0	3.26568	3.26568e+06	
21400	64.8084	14.7394	0	-5.4433e-07	-3.22e-06	0	3.26568	3.26568e+06	
21500	64.7408	14.3394	0	-5.4433e-07	-3.22e-06	0	3.26568	3.26568e+06	
21600	64.7119	14.236	0	-2.32172e-07	-8.32373e-07	0	0.864146	864146	
21700	64.6831	14.1326	0	-2.32172e-07	-8.32373e-07	0	0.864146	864146	
21800	64.6542	14.0292	0	-2.32172e-07	-8.32373e-07	0	0.864146	864146	
21900	64.6254	13.9258	0	-2.32172e-07	-8.32373e-07	0	0.864146	864146	
22000	64.5966	13.8224	0	-2.32172e-07	-8.32373e-07	0	0.864146	864146	
22100	64.8819	14.0039	0	2.29662e-06	1.46119e-06	0	2.72204	2.72204e+06	
22200	65.1671	14.1854	0	2.29662e-06	1.46119e-06	0	2.72204	2.72204e+06	
22300	65.4524	14.3669	0	2.29662e-06	1.46119e-06	0	2.72204	2.72204e+06	
22400	65.7377	14.5484	0	2.29662e-06	1.46119e-06	0	2.72204	2.72204e+06	
22500	66.023	14.7299	0	2.29662e-06	1.46119e-06	0	2.72204	2.72204e+06	
22600	65.7743	14.7048	0	-2.00226e-06	-2.02293e-07	0	2.01246	2.01246e+06	
22700	65.5256	14.6797	0	-2.00226e-06	-2.02293e-07	0	2.01246	2.01246e+06	
22800	65.2768	14.6546	0	-2.00226e-06	-2.02293e-07	0	2.01246	2.01246e+06	
22900	65.0281	14.6294	0	-2.00226e-06	-2.02293e-07	0	2.01246	2.01246e+06	
23000	64.7794	14.6043	0	-2.00226e-06	-2.02293e-07	0	2.01246	2.01246e+06	
23100	65.1794	14.5126	0	3.22e-06	-7.37952e-07	0	3.30348	3.30348e+06	
23200	65.5794	14.421	0	3.22e-06	-7.37952e-07	0	3.30348	3.30348e+06	
23300	65.9794	14.3293	0	3.22e-06	-7.37952e-07	0	3.30348	3.30348e+06	
23400	66.3794	14.2376	0	3.22e-06	-7.37952e-07	0	3.30348	3.30348e+06	
23500	66.7794	14.1459	0	3.22e-06	-7.37952e-07	0	3.30348	3.30348e+06	
23600	66.7839	14.0107	0	3.63701e-08	-1.08898e-06	0	1.08959	1.08959e+06	
23700	66.7884	13.8754	0	3.63701e-08	-1.08898e-06	0	1.08959	1.08959e+06	
23800	66.7929	13.7401	0	3.63701e-08	-1.08898e-06	0	1.08959	1.08959e+06	
23900	66.7975	13.6048	0	3.63701e-08	-1.08898e-06	0	1.08959	1.08959e+06	
24000	66.802	13.4696	0	3.63701e-08	-1.08898e-06	0	1.08959	1.08959e+06	
24100	66.6296	13.3154	0	-1.38732e-06	-1.2412e-06	0	1.86152	1.86152e+06	
24200	66.4573	13.1612	0	-1.38732e-06	-1.2412e-06	0	1.86152	1.86152e+06	
24300	66.285	13.007	0	-1.38732e-06	-1.2412e-06	0	1.86152	1.86152e+06	
24400	66.1126	12.8528	0	-1.38732e-06	-1.2412e-06	0	1.86152	1.86152e+06	
24500	65.9403	12.6986	0	-1.38732e-06	-1.2412e-06	0	1.86152	1.86152e+06	
24600	66.1894	12.8533	0	2.00524e-06	1.24496e-06	0	2.36028	2.36028e+06	
24700	66.4385	13.0079	0	2.00524e-06	1.24496e-06	0	2.36028	2.36028e+06	
24800	66.6876	13.1626	0	2.00524e-06	1.24496e-06	0	2.36028	2.36028e+06	
24900	66.9367	13.3172	0	2.00524e-06	1.24496e-06	0	2.36028	2.36028e+06	
25000	67.1858	13.4719	0	2.00524e-06	1.24496e-06	0	2.36028	2.36028e+06	
25100	67.5628	13.565	0	3.03474e-06	7.49478e-07	0	3.12592	3.12592e+06	
25200	67.9398	13.6581	0	3.03474e-06	7.49478e-07	0	3.12592	3.12592e+06	
25300	68.3167	13.7512	0	3.03474e-06	7.49478e-07	0	3.12592	3.12592e+06	
25400	68.6937	13.8443	0	3.03474e-06	7.49478e-07	0	3.12592	3.12592e+06	
25500	69.0707	13.9374	0	3.03474e-06	7.49478e-07	0	3.12592	3.12592e+06	
25600	69.0227	14.1676	0	-3.86391e-07	1.85297e-06	0	1.89283	1.89283e+06	
25700	68.9747	14.3978	0	-3.86391e-07	1.85297e-06	0	1.89283	1.89283e+06	
25800	68.9267	14.6279	0	-3.86391e-07	1.85297e-06	0	1.89283	1.89283e+06	
25900	68.8787	14.8581	0	-3.86391e-07	1.85297e-06	0	1.89283	1.89283e+06	
26000	68.8307	15.0883	0	-3.86391e-07	1.85297e-06	0	1.89283	1.89283e+06	
26100	68.4307	15.4024	0	-3.22e-06	2.52808e-06	0	4.09385	4.09385e+06	
26200	68.0307	15.7164	0	-3.22e-06	2.52808e-06	0	4.09385	4.09385e+06	
26300	67.6307	16.0305	0	-3.22e-06	2.52808e-06	0	4.09385	4.09385e+06	
26400	67.2307	16.3445	0	-3.22e-06	2.52808e-06	0	4.09385	4.09385e+06	
26500	66.8307	16.6586	0	-3.22e-06	2.52808e-06	0	4.09385	4.09385e+06	
26600	66.5366	16.3826	0	-2.36764e-06	-2.22144e-06	0	3.24662	3.24662e+06	
26700	66.2425	16.1066	0	-2.36764e-06	-2.22144e-06	0	3.24662	3.24662e+06	
26800	65.9484	15.8307	0	-2.36764e-06	-2.22144e-06	0	3.24662	3.24662e+06	
26900	65.6543	15.5547	0	-2.36764e-06	-2.22144e-06	0	3.24662	3.24662e+06	
27000	65.3601	15.2788	0	-2.36764e-06	-2.22144e-06	0	3.24662	3.24662e+06	
27100	65.6781	15.1717	0	2.55983e-06	-8.61619e-07	0	2.70095	2.70095e+06	
27200	65.9961	15.0647	0	2.55983e-06	-8.61619e-07	0	2.70095	2.70095e+06	
27300	66.3141	14.9577	0	2.55983e-06	-8.61619e-07	0	2.70095	2.70095e+06	
27400	66.6321	14.8506	0	2.55983e-06	-8.61619e-07	0	2.70095	2.70095e+06	
27500	66.9501	14.7436	0	2.55983e-06	-8.61619e-07	0	2.70095	2.70095e+06	
27600	66.7246	14.7137	0	-1.81486e-06	-2.40654e-07	0	1.83075	1.83075e+06	
27700	66.4992	14.6838	0	-1.81486e-06	-2.40654e-07	0	1.83075	1.83075e+06	
27800	66.2737	14.6539	0	-1.81486e-06	-2.40654e-07	0	1.83075	1.83075e+06	
27900	66.0483	14.624	0	-1.81486e-06	-2.40654e-07	0	1.83075	1.83075e+06	
28000	65.8228	14.5941	0	-1.81486e-06	-2.40654e-07	0	1.83075	1.83075e+06	
28100	65.762	14.5985	0	-4.90107e-07	3.52225e-08	0	0.491371	491371	
28200	65.7011	14.6029	0	-4.90107e-07	3.52225e-08	0	0.491371	491371	
28300	65.6402	14.6073	0	-4.90107e-07	3.52225e-08	0	0.491371	491371	
28400	65.5793	14.6116	0	-4.90107e-07	3.52225e-08	0	0.491371	491371	
28500	65.5184	14.616	0	-4.90107e-07	3.52225e-08	0	0.491371	491371	
28600	65.3093	14.7055	0	-1.68357e-06	7.19992e-07	0	1.83106	1.83106e+06	
28700	65.1002	14.7949	0	-1.68357e-06	7.19992e-07	0	1.83106	1.83106e+06	
28800	64.891	14.8843	0	-1.68357e-06	7.19992e-07	0	1.83106	1.83106e+06	
28900	64.6819	14.9738	0	-1.68357e-06	7.19992e-07	0	1.83106	1.83106e+06	
29000	64.4727	15.0632	0	-1.68357e-06	7.19992e-07	0	1.83106	1.83106e+06	
29100	64.4121	14.8877	0	-4.88317e-07	-1.41255e-06	0	1.49458	1.49458e+06	
29200	64.3514	14.7123	0	-4.88317e-07	-1.41255e-06	0	1.49458	1.49458e+06	
29300	64.2908	14.5368	0	-4.88317e-07	-1.41255e-06	0	1.49458	1.49458e+06	
29400	64.2301	14.3613	0	-4.88317e-07	-1.41255e-06	0	1.49458	1.49458e+06	
29500	64.1694	14.1858	0	-4.88317e-07	-1.41255e-06	0	1.49458	1.49458e+06	
29600	63.9685	13.9394	0	-1.61728e-06	-1.98378e-06	0	2.55949	2.55949e+06	
29700	63.7676	13.693	0	-1.61728e-06	-1.98378e-06	0	2.55949	2.55949e+06	
29800	63.5667	13.4466	0	-1.61728e-06	-1.98378e-06	0	2.55949	2.55949e+06	
29900	63.3658	13.2001	0	-1.61728e-06	-1.98378e-06	0	2.55949	2.55949e+06	
30000	63.1649	12.9537	0	-1.61728e-06	-1.98378e-06	0	2.55949	2.55949e+06	
30100	63.0306	12.649	0	-1.08119e-06	-2.45285e-06	0	2.68057	2.68057e+06	
30200	62.8963	12.3443	0	-1.08119e-06	-2.45285e-06	0	2.68057	2.68057e+06	
30300	62.762	12.0396	0	-1.08119e-06	-2.45285e-06	0	2.68057	2.68057e+06	
30400	62.6277	11.7349	0	-1.08119e-06	-2.45285e-06	0	2.68057	2.68057e+06	
30500	62.4934	11.4302	0	-1.08119e-06	-2.45285e-06	0	2.68057	2.68057e+06	
30600	62.2053	11.0302	0	-2.31909e-06	-3.22e-06	0	3.9682	3.9682e+06	
30700	61.9172	10.6302	0	-2.31909e-06	-3.22e-06	0	3.9682	3.9682e+06	
30800	61.6291	10.2302	0	-2.31909e-06	-3.22e-06	0	3.9682	3.9682e+06	
30900	61.341	9.83018	0	-2.31909e-06	-3.22e-06	0	3.9682	3.9682e+06	
31000	61.0529	9.43018	0	-2.31909e-06	-3.22e-06	0	3.9682	3.9682e+06	
31100	60.8207	9.67148	0	-1.86959e-06	1.94252e-06	0	2.69606	2.69606e+06	
31200	60.5884	9.91279	0	-1.86959e-06	1.94252e-06	0	2.69606	2.69606e+06	
31300	60.3562	10.1541	0	-1.86959e-06	1.94252e-06	0	2.69606	2.69606e+06	
31400	60.124	10.3954	0	-1.86959e-06	1.94252e-06	0	2.69606	2.69606e+06	
31500	59.8917	10.6367	0	-1.86959e-06	1.94252e-06	0	2.69606	2.69606e+06	
31600	60.0969	10.5945	0	1.65171e-06	-3.39467e-07	0	1.68624	1.68624e+06	
31700	60.3021	10.5524	0	1.65171e-06	-3.39467e-07	0	1.68624	1.68624e+06	
31800	60.5073	10.5102	0	1.65171e-06	-3.39467e-07	0	1.68624	1.68624e+06	
31900	60.7124	10.468	0	1.65171e-06	-3.39467e-07	0	1.68624	1.68624e+06	
32000	60.9176	10.4259	0	1.65171e-06	-3.39467e-07	0	1.68624	1.68624e+06	
32100	61.0366	10.3716	0	9.57493e-07	-4.36808e-07	0	1.05242	1.05242e+06	
32200	61.1555	10.3173	0	9.57493e-07	-4.36808e-07	0	1.05242	1.05242e+06	
32300	61.2744	10.2631	0	9.57493e-07	-4.36808e-07	0	1.05242	1.05242e+06	
32400	61.3934	10.2088	0	9.57493e-07	-4.36808e-07	0	1.05242	1.05242e+06	
32500	61.5123	10.1546	0	9.57493e-07	-4.36808e-07	0	1.05242	1.05242e+06	
32600	61.2996	10.2082	0	-1.71255e-06	4.32207e-07	0	1.76625	1.76625e+06	
32700	61.0869	10.2619	0	-1.71255e-06	4.32207e-07	0	1.76625	1.76625e+06	
32800	60.8741	10.3156	0	-1.71255e-06	4.32207e-07	0	1.76625	1.76625e+06	
32900	60.6614	10.3693	0	-1.71255e-06	4.32207e-07	0	1.76625	1.76625e+06	
33000	60.4486	10.423	0	-1.71255e-06	4.32207e-07	0	1.76625	1.76625e+06	
33100	60.6914	10.5266	0	1.95462e-06	8.33754e-07	0	2.12502	2.12502e+06	
33200	60.9343	10.6301	0	1.95462e-06	8.33754e-07	0	2.12502	2.12502e+06	
33300	61.1771	10.7337	0	1.95462e-06	8.33754e-07	0	2.12502	2.12502e+06	
33400	61.4199	10.8373	0	1.95462e-06	8.33754e-07	0	2.12502	2.12502e+06	
33500	61.6627	10.9409	0	1.95462e-06	8.33754e-07	0	2.12502	2.12502e+06	
33600	61.6084	11.1387	0	-4.36818e-07	1.59277e-06	0	1.65158	1.65158e+06	
33700	61.5542	11.3366	0	-4.36818e-07	1.59277e-06	0	1.65158	1.65158e+06	
33800	61.4999	11.5344	0	-4.36818e-07	1.59277e-06	0	1.65158	1.65158e+06	
33900	61.4456	11.7323	0	-4.36818e-07	1.59277e-06	0	1.65158	1.65158e+06	
34000	61.3914	11.9302	0	-4.36818e-07	1.59277e-06	0	1.65158	1.65158e+06	
34100	61.7914	11.9852	0	3.22e-06	4.42853e-07	0	3.25031	3.25031e+06	
34200	62.1914	12.0402	0	3.22e-06	4.42853e-07	0	3.25031	3.25031e+06	
34300	62.5914	12.0952	0	3.22e-06	4.42853e-07	0	3.25031	3.25031e+06	
34400	62.9914	12.1502	0	3.22e-06	4.42853e-07	0	3.25031	3.25031e+06	
34500	63.3914	12.2052	0	3.22e-06	4.42853e-07	0	3.25031	3.25031e+06	
34600	63.7025	12.555	0	2.50497e-06	2.81579e-06	0	3.76877	3.76877e+06	
34700	64.0137	12.9048	0	2.50497e-06	2.81579e-06	0	3.76877	3.76877e+06	
34800	64.3249	13.2546	0	2.50497e-06	2.81579e-06	0	3.76877	3.76877e+06	
34900	64.6361	13.6044	0	2.50497e-06	2.81579e-06	0	3.76877	3.76877e+06	
35000	64.9473	13.9542	0	2.50497e-06	2.81579e-06	0	3.76877	3.76877e+06	
35100	64.8126	14.3491	0	-1.08398e-06	3.17917e-06	0	3.35889	3.35889e+06	
35200	64.6779	14.744	0	-1.08398e-06	3.17917e-06	0	3.35889	3.35889e+06	
35300	64.5433	15.1389	0	-1.08398e-06	3.17917e-06	0	3.35889	3.35889e+06	
35400	64.4775	15.4603	0	-1.08398e-06	3.17917e-06	0	3.35889	3.35889e+06	
35500	64.6108	15.5991	0	-1.08398e-06	3.17917e-06	0	3.35889	3.35889e+06	
35600	64.7348	15.704	0	3.08655e-07	1.41007e-06	0	1.44346	1.44346e+06	
35700	64.8319	15.8385	0	3.08655e-07	1.41007e-06	0	1.44346	1.44346e+06	
35800	64.9212	15.984	0	3.08655e-07	1.41007e-06	0	1.44346	1.44346e+06	
35900	65.0014	16.139	0	3.08655e-07	1.41007e-06	0	1.44346	1.44346e+06	
36000	65.0715	16.3019	0	3.08655e-07	1.41007e-06	0	1.44346	1.44346e+06	
36100	65.1385	16.6814	0	-1.7052e-07	3.22e-06	0	3.22451	3.22451e+06	
36200	65.1801	17.0769	0	-1.7052e-07	3.22e-06	0	3.22451	3.22451e+06	
36300	65.2954	17.3011	0	-1.7052e-07	3.22e-06	0	3.22451	3.22451e+06	
36400	65.4813	17.4581	0	-1.7052e-07	3.22e-06	0	3.22451	3.22451e+06	
36500	65.672	17.6633	0	-1.7052e-07	3.22e-06	0	3.22451	3.22451e+06	
36600	65.8233	17.8826	0	-8.4325e-07	3.22e-06	0	3.32858	3.32858e+06	
36700	65.9667	18.1526	0	-8.4325e-07	3.22e-06	0	3.32858	3.32858e+06	
36800	66.0815	18.477	0	-8.4325e-07	3.22e-06	0	3.32858	3.32858e+06	
36900	66.1482	18.8483	0	-8.4325e-07	3.22e-06	0	3.32858	3.32858e+06	
37000	66.1518	19.2496	0	-8.4325e-07	3.22e-06	0	3.32858	3.32858e+06	
37100	66.1014	19.6483	0	-3.22e-06	3.22e-06	0	4.55377	4.55377e+06	
37200	66.1327	20.0122	0	-3.22e-06	3.22e-06	0	4.55377	4.55377e+06	
37300	66.0936	20.4453	0	-3.22e-06	3.22e-06	0	4.55377	4.55377e+06	
37400	66.1217	20.8016	0	-3.22e-06	3.22e-06	0	4.55377	4.55377e+06	
37500	66.1253	21.199	0	-3.22e-06	3.22e-06	0	4.55377	4.55377e+06	
37600	66.1095	21.337	0	-2.85004e-06	7.70543e-07	0	2.95236	2.95236e+06	
37700	66.0785	21.4965	0	-2.85004e-06	7.70543e-07	0	2.95236	2.95236e+06	
37800	66.0276	21.6783	0	-2.85004e-06	7.70543e-07	0	2.95236	2.95236e+06	
37900	65.9495	21.8815	0	-2.85004e-06	7.70543e-07	0	2.95236	2.95236e+06	
38000	65.8361	22.1025	0	-2.85004e-06	7.70543e-07	0	2.95236	2.95236e+06	
38100	65.6494	22.3684	0	-3.22e-06	9.335e-07	0	3.35258	3.35258e+06	
38200	65.3997	22.6303	0	-3.22e-06	9.335e-07	0	3.35258	3.35258e+06	
38300	65.1306	22.8554	0	-3.22e-06	9.335e-07	0	3.35258	3.35258e+06	
38400	65.1324	22.9644	0	-3.22e-06	9.335e-07	0	3.35258	3.35258e+06	
38500	65.1313	23.0846	0	-3.22e-06	9.335e-07	0	3.35258	3.35258e+06	
38600	65.1199	23.396	0	-1.37832e-06	2.37612e-06	0	2.74695	2.74695e+06	
38700	65.0443	23.7159	0	-1.37832e-06	2.37612e-06	0	2.74695	2.74695e+06	
38800	64.9228	24.0323	0	-1.37832e-06	2.37612e-06	0	2.74695	2.74695e+06	
38900	64.767	24.337	0	-1.37832e-06	2.37612e-06	0	2.74695	2.74695e+06	
39000	64.5974	24.6335	0	-1.37832e-06	2.37612e-06	0	2.74695	2.74695e+06	
39100	64.4115	24.805	0	-1.49722e-06	1.3801e-06	0	2.03626	2.03626e+06	
39200	64.2256	24.9766	0	-1.49722e-06	1.3801e-06	0	2.03626	2.03626e+06	
39300	64.0396	25.148	0	-1.49722e-06	1.3801e-06	0	2.03626	2.03626e+06	
39400	63.8536	25.3194	0	-1.49722e-06	1.3801e-06	0	2.03626	2.03626e+06	
39500	63.6676	25.4909	0	-1.49722e-06	1.3801e-06	0	2.03626	2.03626e+06	
39600	63.5876	25.8909	0	-6.43969e-07	3.22e-06	0	3.28376	3.28376e+06	
39700	63.5076	26.2909	0	-6.43969e-07	3.22e-06	0	3.28376	3.28376e+06	
39800	63.4276	26.6909	0	-6.43969e-07	3.22e-06	0	3.28376	3.28376e+06	
39900	63.3476	27.0909	0	-6.43969e-07	3.22e-06	0	3.28376	3.28376e+06	
40000	63.2676	27.4909	0	-6.43969e-07	3.22e-06	0	3.28376	3.28376e+06	
40100	63.1343	27.8909	0	-1.07319e-06	3.22e-06	0	3.39413	3.39413e+06	
40200	63.001	28.2909	0	-1.07319e-06	3.22e-06	0	3.39413	3.39413e+06	
40300	62.8677	28.6909	0	-1.07319e-06	3.22e-06	0	3.39413	3.39413e+06	
40400	62.7344	29.0909	0	-1.07319e-06	3.22e-06	0	3.39413	3.39413e+06	
40500	62.601	29.4909	0	-1.07319e-06	3.22e-06	0	3.39413	3.39413e+06	
40600	62.6035	29.8909	0	1.94002e-08	3.22e-06	0	3.22006	3.22006e+06	
40700	62.6059	30.2909	0	1.94002e-08	3.22e-06	0	3.22006	3.22006e+06	
40800	62.6083	30.6909	0	1.94002e-08	3.22e-06	0	3.22006	3.22006e+06	
40900	62.6107	31.0909	0	1.94002e-08	3.22e-06	0	3.22006	3.22006e+06	
41000	62.6131	31.4909	0	1.94002e-08	3.22e-06	0	3.22006	3.22006e+06	
41100	62.4132	31.8909	0	-1.60888e-06	3.22e-06	0	3.59957	3.59957e+06	
41200	62.2134	32.2909	0	-1.60888e-06	3.22e-06	0	3.59957	3.59957e+06	
41300	62.0135	32.6909	0	-1.60888e-06	3.22e-06	0	3.59957	3.59957e+06	
41400	61.8137	33.0909	0	-1.60888e-06	3.22e-06	0	3.59957	3.59957e+06	
41500	61.6138	33.4909	0	-1.60888e-06	3.22e-06	0	3.59957	3.59957e+06	
41600	61.3085	33.8909	0	-2.45732e-06	3.22e-06	0	4.05054	4.05054e+06	
41700	61.0033	34.2909	0	-2.45732e-06	3.22e-06	0	4.05054	4.05054e+06	
41800	60.698	34.6909	0	-2.45732e-06	3.22e-06	0	4.05054	4.05054e+06	
41900	60.3928	35.0909	0	-2.45732e-06	3.22e-06	0	4.05054	4.05054e+06	
42000	60.0875	35.4909	0	-2.45732e-06	3.22e-06	0	4.05054	4.05054e+06	
42100	60.245	35.8909	0	1.26793e-06	3.22e-06	0	3.46064	3.46064e+06	
42200	60.4025	36.2909	0	1.26793e-06	3.22e-06	0	3.46064	3.46064e+06	
42300	60.56	36.6909	0	1.26793e-06	3.22e-06	0	3.46064	3.46064e+06	
42400	60.7175	37.0909	0	1.26793e-06	3.22e-06	0	3.46064	3.46064e+06	
42500	60.875	37.4909	0	1.26793e-06	3.22e-06	0	3.46064	3.46064e+06	
42600	60.8183	37.4739	0	-4.56859e-07	-1.37043e-07	0	0.47697	476970	
42700	60.7615	37.4568	0	-4.56859e-07	-1.37043e-07	0	0.47697	476970	
42800	60.7048	37.4398	0	-4.56859e-07	-1.37043e-07	0	0.47697	476970	
42900	60.648	37.4228	0	-4.56859e-07	-1.37043e-07	0	0.47697	476970	
43000	60.5913	37.4058	0	-4.56859e-07	-1.37043e-07	0	0.47697	476970	
43100	60.3831	37.4446	0	-1.67615e-06	3.12542e-07	0	1.70504	1.70504e+06	
43200	60.1748	37.4834	0	-1.67615e-06	3.12542e-07	0	1.70504	1.70504e+06	
43300	59.9666	37.5222	0	-1.67615e-06	3.12542e-07	0	1.70504	1.70504e+06	
43400	59.7584	37.5611	0	-1.67615e-06	3.12542e-07	0	1.70504	1.70504e+06	
43500	59.5502	37.5999	0	-1.67615e-06	3.12542e-07	0	1.70504	1.70504e+06	
43600	59.4639	37.7232	0	-6.94858e-07	9.92336e-07	0	1.21143	1.21143e+06	
43700	59.3776	37.8464	0	-6.94858e-07	9.92336e-07	0	1.21143	1.21143e+06	
43800	59.2912	37.9697	0	-6.94858e-07	9.92336e-07	0	1.21143	1.21143e+06	
43900	59.2049	38.093	0	-6.94858e-07	9.92336e-07	0	1.21143	1.21143e+06	
44000	59.1186	38.2162	0	-6.94858e-07	9.92336e-07	0	1.21143	1.21143e+06	
44100	58.9344	38.4227	0	-1.48303e-06	1.66222e-06	0	2.22763	2.22763e+06	
44200	58.7501	38.6292	0	-1.48303e-06	1.66222e-06	0	2.22763	2.22763e+06	
44300	58.5659	38.8357	0	-1.48303e-06	1.66222e-06	0	2.22763	2.22763e+06	
44400	58.3817	39.0422	0	-1.48303e-06	1.66222e-06	0	2.22763	2.22763e+06	
44500	58.1975	39.2487	0	-1.48303e-06	1.66222e-06	0	2.22763	2.22763e+06	
44600	58.5237	39.0089	0	2.62601e-06	-1.93058e-06	0	3.25931	3.25931e+06	
44700	58.8499	38.769	0	2.62601e-06	-1.93058e-06	0	3.25931	3.25931e+06	
44800	59.1761	38.5292	0	2.62601e-06	-1.93058e-06	0	3.25931	3.25931e+06	
44900	59.5023	38.2894	0	2.62601e-06	-1.93058e-06	0	3.25931	3.25931e+06	
45000	59.8285	38.0496	0	2.62601e-06	-1.93058e-06	0	3.25931	3.25931e+06	
45100	59.741	37.7435	0	-7.04672e-07	-2.46364e-06	0	2.56244	2.56244e+06	
45200	59.6535	37.4375	0	-7.04672e-07	-2.46364e-06	0	2.56244	2.56244e+06	
45300	59.5659	37.1314	0	-7.04672e-07	-2.46364e-06	0	2.56244	2.56244e+06	
45400	59.4784	36.8254	0	-7.04672e-07	-2.46364e-06	0	2.56244	2.56244e+06	
45500	59.3908	36.5193	0	-7.04672e-07	-2.46364e-06	0	2.56244	2.56244e+06	
45600	59.7908	36.5056	0	3.22e-06	-1.10929e-07	0	3.22191	3.22191e+06	
45700	60.1908	36.4918	0	3.22e-06	-1.10929e-07	0	3.22191	3.22191e+06	
45800	60.5908	36.478	0	3.22e-06	-1.10929e-07	0	3.22191	3.22191e+06	
45900	60.9908	36.4642	0	3.22e-06	-1.10929e-07	0	3.22191	3.22191e+06	
46000	61.3908	36.4504	0	3.22e-06	-1.10929e-07	0	3.22191	3.22191e+06	
46100	61.3288	36.2239	0	-4.99319e-07	-1.82405e-06	0	1.89116	1.89116e+06	
46200	61.2668	35.9973	0	-4.99319e-07	-1.82405e-06	0	1.89116	1.89116e+06	
46300	61.2048	35.7707	0	-4.99319e-07	-1.82405e-06	0	1.89116	1.89116e+06	
46400	61.1427	35.5441	0	-4.99319e-07	-1.82405e-06	0	1.89116	1.89116e+06	
46500	61.0807	35.3175	0	-4.99319e-07	-1.82405e-06	0	1.89116	1.89116e+06	
46600	60.7802	35.1092	0	-2.41949e-06	-1.67694e-06	0	2.94382	2.94382e+06	
46700	60.4796	34.9009	0	-2.41949e-06	-1.67694e-06	0	2.94382	2.94382e+06	
46800	60.179	34.6926	0	-2.41949e-06	-1.67694e-06	0	2.94382	2.94382e+06	
46900	59.8785	34.4842	0	-2.41949e-06	-1.67694e-06	0	2.94382	2.94382e+06	
47000	59.5779	34.2759	0	-2.41949e-06	-1.67694e-06	0	2.94382	2.94382e+06	
47100	59.6671	34.124	0	7.17507e-07	-1.22303e-06	0	1.41796	1.41796e+06	
47200	59.7562	33.9721	0	7.17507e-07	-1.22303e-06	0	1.41796	1.41796e+06	
47300	59.8453	33.8201	0	7.17507e-07	-1.22303e-06	0	1.41796	1.41796e+06	
47400	59.9344	33.6682	0	7.17507e-07	-1.22303e-06	0	1.41796	1.41796e+06	
47500	60.0236	33.5163	0	7.17507e-07	-1.22303e-06	0	1.41796	1.41796e+06	
47600	60.0962	33.5644	0	5.84859e-07	3.87335e-07	0	0.70149	701490	
47700	60.1689	33.6125	0	5.84859e-07	3.87335e-07	0	0.70149	701490	
47800	60.2415	33.6606	0	5.84859e-07	3.87335e-07	0	0.70149	701490	
47900	60.3142	33.7087	0	5.84859e-07	3.87335e-07	0	0.70149	701490	
48000	60.3868	33.7569	0	5.84859e-07	3.87335e-07	0	0.70149	701490	
48100	60.4631	33.7185	0	6.13702e-07	-3.08937e-07	0	0.687075	687075	
48200	60.5393	33.6801	0	6.13702e-07	-3.08937e-07	0	0.687075	687075	
48300	60.6156	33.6417	0	6.13702e-07	-3.08937e-07	0	0.687075	687075	
48400	60.6918	33.6033	0	6.13702e-07	-3.08937e-07	0	0.687075	687075	
48500	60.768	33.565	0	6.13702e-07	-3.08937e-07	0	0.687075	687075	
48600	60.8001	33.8029	0	2.5831e-07	1.91557e-06	0	1.93291	1.93291e+06	
48700	60.8322	34.0409	0	2.5831e-07	1.91557e-06	0	1.93291	1.93291e+06	
48800	60.8643	34.2788	0	2.5831e-07	1.91557e-06	0	1.93291	1.93291e+06	
48900	60.8964	34.5168	0	2.5831e-07	1.91557e-06	0	1.93291	1.93291e+06	
49000	60.9285	34.7548	0	2.5831e-07	1.91557e-06	0	1.93291	1.93291e+06	
49100	61.0639	34.8805	0	1.09058e-06	1.01207e-06	0	1.48784	1.48784e+06	
49200	61.1994	35.0062	0	1.09058e-06	1.01207e-06	0	1.48784	1.48784e+06	
49300	61.3349	35.1319	0	1.09058e-06	1.01207e-06	0	1.48784	1.48784e+06	
49400	61.4704	35.2577	0	1.09058e-06	1.01207e-06	0	1.48784	1.48784e+06	
49500	61.6058	35.3834	0	1.09058e-06	1.01207e-06	0	1.48784	1.48784e+06	
49600	61.4405	35.7632	0	-1.33117e-06	3.05721e-06	0	3.33444	3.33444e+06	
49700	61.2751	36.1429	0	-1.33117e-06	3.05721e-06	0	3.33444	3.33444e+06	
49800	61.1098	36.5227	0	-1.33117e-06	3.05721e-06	0	3.33444	3.33444e+06	
49900	60.9444	36.9025	0	-1.33117e-06	3.05721e-06	0	3.33444	3.33444e+06	
50000	60.779	37.2823	0	-1.33117e-06	3.05721e-06	0	3.33444	3.33444e+06	
