0	42	43	0	-3.22e-06	-1.20087e-06	0	3.43664	3.43664e+06	
100	41.9383	43.4	0	-4.96983e-07	3.22e-06	0	3.25813	3.25813e+06	
200	41.8765	43.8	0	-4.96983e-07	3.22e-06	0	3.25813	3.25813e+06	
300	41.8148	44.2	0	-4.96983e-07	3.22e-06	0	3.25813	3.25813e+06	
400	41.7531	44.6	0	-4.96983e-07	3.22e-06	0	3.25813	3.25813e+06	
500	41.6913	45	0	-4.96983e-07	3.22e-06	0	3.25813	3.25813e+06	
600	41.2913	45.4	0	-3.22e-06	3.22e-06	0	4.55377	4.55377e+06	
700	40.8913	45.8	0	-3.22e-06	3.22e-06	0	4.55377	4.55377e+06	
800	40.4913	46.2	0	-3.22e-06	3.22e-06	0	4.55377	4.55377e+06	
900	40.0913	46.6	0	-3.22e-06	3.22e-06	0	4.55377	4.55377e+06	
1000	39.6913	47	0	-3.22e-06	3.22e-06	0	4.55377	4.55377e+06	
1100	39.2913	47.1709	0	-3.22e-06	1.37611e-06	0	3.50172	3.50172e+06	
1200	38.8913	47.3419	0	-3.22e-06	1.37611e-06	0	3.50172	3.50172e+06	
1300	38.4913	47.5128	0	-3.22e-06	1.37611e-06	0	3.50172	3.50172e+06	
1400	38.0913	47.6838	0	-3.22e-06	1.37611e-06	0	3.50172	3.50172e+06	
1500	37.6913	47.8547	0	-3.22e-06	1.37611e-06	0	3.50172	3.50172e+06	
1600	37.2913	47.7315	0	-3.22e-06	-9.91926e-07	0	3.36932	3.36932e+06	
1700	36.8913	47.6083	0	-3.22e-06	-9.91926e-07	0	3.36932	3.36932e+06	
1800	36.4913	47.4851	0	-3.22e-06	-9.91926e-07	0	3.36932	3.36932e+06	
1900	36.0913	47.3618	0	-3.22e-06	-9.91926e-07	0	3.36932	3.36932e+06	
2000	35.6913	47.2386	0	-3.22e-06	-9.91926e-07	0	3.36932	3.36932e+06	
2100	35.6804	46.9255	0	-8.79913e-08	-2.52052e-06	0	2.52205	2.52205e+06	
2200	35.6694	46.6124	0	-8.79913e-08	-2.52052e-06	0	2.52205	2.52205e+06	
2300	35.6585	46.2993	0	-8.79913e-08	-2.52052e-06	0	2.52205	2.52205e+06	
2400	35.6476	45.9862	0	-8.79913e-08	-2.52052e-06	0	2.52205	2.52205e+06	
2500	35.6367	45.6731	0	-8.79913e-08	-2.52052e-06	0	2.52205	2.52205e+06	
2600	35.3663	45.4611	0	-2.17616e-06	-1.70619e-06	0	2.76528	2.76528e+06	
2700	35.096	45.2492	0	-2.17616e-06	-1.70619e-06	0	2.76528	2.76528e+06	
2800	34.8257	45.0372	0	-2.17616e-06	-1.70619e-06	0	2.76528	2.76528e+06	
2900	34.5553	44.8253	0	-2.17616e-06	-1.70619e-06	0	2.76528	2.76528e+06	
3000	34.285	44.6133	0	-2.17616e-06	-1.70619e-06	0	2.76528	2.76528e+06	
3100	34.2367	44.2644	0	-3.88736e-07	-2.80911e-06	0	2.83588	2.83588e+06	
3200	34.1884	43.9154	0	-3.88736e-07	-2.80911e-06	0	2.83588	2.83588e+06	
3300	34.1401	43.5665	0	-3.88736e-07	-2.80911e-06	0	2.83588	2.83588e+06	
3400	34.0918	43.2175	0	-3.88736e-07	-2.80911e-06	0	2.83588	2.83588e+06	
3500	34.0435	42.8685	0	-3.88736e-07	-2.80911e-06	0	2.83588	2.83588e+06	
3600	34.2032	42.969	0	1.28532e-06	8.08661e-07	0	1.51855	1.51855e+06	
3700	34.3629	43.0694	0	1.28532e-06	8.08661e-07	0	1.51855	1.51855e+06	
3800	34.5226	43.1699	0	1.28532e-06	8.08661e-07	0	1.51855	1.51855e+06	
3900	34.6822	43.2704	0	1.28532e-06	8.08661e-07	0	1.51855	1.51855e+06	
4000	34.8419	43.3708	0	1.28532e-06	8.08661e-07	0	1.51855	1.51855e+06	
4100	35.1419	43.6047	0	2.41539e-06	1.88307e-06	0	3.06269	3.06269e+06	
4200	35.442	43.8387	0	2.41539e-06	1.88307e-06	0	3.06269	3.06269e+06	
4300	35.742	44.0726	0	2.41539e-06	1.88307e-06	0	3.06269	3.06269e+06	
4400	36.0421	44.3065	0	2.41539e-06	1.88307e-06	0	3.06269	3.06269e+06	
4500	36.3421	44.5404	0	2.41539e-06	1.88307e-06	0	3.06269	3.06269e+06	
4600	36.1379	44.6415	0	-1.64412e-06	8.13843e-07	0	1.83453	1.83453e+06	
4700	35.9336	44.7426	0	-1.64412e-06	8.13843e-07	0	1.83453	1.83453e+06	
4800	35.7294	44.8437	0	-1.64412e-06	8.13843e-07	0	1.83453	1.83453e+06	
4900	35.5252	44.9448	0	-1.64412e-06	8.13843e-07	0	1.83453	1.83453e+06	
5000	35.3209	45.0459	0	-1.64412e-06	8.13843e-07	0	1.83453	1.83453e+06	
5100	34.9209	44.9616	0	-3.22e-06	-6.78747e-07	0	3.29076	3.29076e+06	
5200	34.5209	44.8773	0	-3.22e-06	-6.78747e-07	0	3.29076	3.29076e+06	
5300	34.1209	44.793	0	-3.22e-06	-6.78747e-07	0	3.29076	3.29076e+06	
5400	33.7209	44.7086	0	-3.22e-06	-6.78747e-07	0	3.29076	3.29076e+06	
5500	33.3209	44.6243	0	-3.22e-06	-6.78747e-07	0	3.29076	3.29076e+06	
5600	33.1198	44.8595	0	-1.61935e-06	1.89349e-06	0	2.49151	2.49151e+06	
5700	32.9186	45.0948	0	-1.61935e-06	1.89349e-06	0	2.49151	2.49151e+06	
5800	32.7174	45.33	0	-1.61935e-06	1.89349e-06	0	2.49151	2.49151e+06	
5900	32.5163	45.5652	0	-1.61935e-06	1.89349e-06	0	2.49151	2.49151e+06	
6000	32.3151	45.8004	0	-1.61935e-06	1.89349e-06	0	2.49151	2.49151e+06	
6100	32.6049	46.1182	0	2.33311e-06	2.55838e-06	0	3.46247	3.46247e+06	
6200	32.8948	46.436	0	2.33311e-06	2.55838e-06	0	3.46247	3.46247e+06	
6300	33.1846	46.7538	0	2.33311e-06	2.55838e-06	0	3.46247	3.46247e+06	
6400	33.4744	47.0717	0	2.33311e-06	2.55838e-06	0	3.46247	3.46247e+06	
6500	33.7643	47.3895	0	2.33311e-06	2.55838e-06	0	3.46247	3.46247e+06	
6600	34.0553	47.3251	0	2.3426e-06	-5.18172e-07	0	2.39923	2.39923e+06	
6700	34.3463	47.2607	0	2.3426e-06	-5.18172e-07	0	2.39923	2.39923e+06	
6800	34.6373	47.1964	0	2.3426e-06	-5.18172e-07	0	2.39923	2.39923e+06	
6900	34.9283	47.132	0	2.3426e-06	-5.18172e-07	0	2.39923	2.39923e+06	
7000	35.2193	47.0676	0	2.3426e-06	-5.18172e-07	0	2.39923	2.39923e+06	
7100	35.6193	46.9503	0	3.22e-06	-9.44254e-07	0	3.35559	3.35559e+06	
7200	36.0193	46.833	0	3.22e-06	-9.44254e-07	0	3.35559	3.35559e+06	
7300	36.4193	46.7157	0	3.22e-06	-9.44254e-07	0	3.35559	3.35559e+06	
7400	36.8193	46.5984	0	3.22e-06	-9.44254e-07	0	3.35559	3.35559e+06	
7500	37.2193	46.4811	0	3.22e-06	-9.44254e-07	0	3.35559	3.35559e+06	
7600	37.5973	46.0811	0	3.04264e-06	-3.22e-06	0	4.43013	4.43013e+06	
7700	37.9752	45.6811	0	3.04264e-06	-3.22e-06	0	4.43013	4.43013e+06	
7800	38.3532	45.2811	0	3.04264e-06	-3.22e-06	0	4.43013	4.43013e+06	
7900	38.7312	44.8811	0	3.04264e-06	-3.22e-06	0	4.43013	4.43013e+06	
8000	39.1091	44.4811	0	3.04264e-06	-3.22e-06	0	4.43013	4.43013e+06	
8100	39.5091	44.441	0	3.22e-06	-3.23269e-07	0	3.23619	3.23619e+06	
8200	39.9091	44.4008	0	3.22e-06	-3.23269e-07	0	3.23619	3.23619e+06	
8300	40.3091	44.3607	0	3.22e-06	-3.23269e-07	0	3.23619	3.23619e+06	
8400	40.7091	44.3205	0	3.22e-06	-3.23269e-07	0	3.23619	3.23619e+06	
8500	41.1091	44.2803	0	3.22e-06	-3.23269e-07	0	3.23619	3.23619e+06	
8600	41.3921	44.2141	0	2.27788e-06	-5.33234e-07	0	2.33947	2.33947e+06	
8700	41.6751	44.1479	0	2.27788e-06	-5.33234e-07	0	2.33947	2.33947e+06	
8800	41.958	44.0816	0	2.27788e-06	-5.33234e-07	0	2.33947	2.33947e+06	
8900	42.241	44.0154	0	2.27788e-06	-5.33234e-07	0	2.33947	2.33947e+06	
9000	42.524	43.9491	0	2.27788e-06	-5.33234e-07	0	2.33947	2.33947e+06	
9100	42.7263	43.9724	0	1.62907e-06	1.86984e-07	0	1.63977	1.63977e+06	
9200	42.9287	43.9955	0	1.62907e-06	1.86984e-07	0	1.63977	1.63977e+06	
9300	43.1261	44.0081	0	1.62907e-06	1.86984e-07	0	1.63977	1.63977e+06	
9400	43.2987	43.9543	0	1.62907e-06	1.86984e-07	0	1.63977	1.63977e+06	
9500	43.4774	43.8979	0	1.62907e-06	1.86984e-07	0	1.63977	1.63977e+06	
9600	43.5296	43.494	0	4.27763e-07	-3.22e-06	0	3.24829	3.24829e+06	
9700	43.5827	43.094	0	4.27763e-07	-3.22e-06	0	3.24829	3.24829e+06	
9800	43.6358	42.694	0	4.27763e-07	-3.22e-06	0	3.24829	3.24829e+06	
9900	43.689	42.294	0	4.27763e-07	-3.22e-06	0	3.24829	3.24829e+06	
10000	43.7421	41.894	0	4.27763e-07	-3.22e-06	0	3.24829	3.24829e+06	
10100	44.1421	41.494	0	3.22e-06	-3.22e-06	0	4.55377	4.55377e+06	
10200	44.5421	41.094	0	3.22e-06	-3.22e-06	0	4.55377	4.55377e+06	
10300	44.9421	40.694	0	3.22e-06	-3.22e-06	0	4.55377	4.55377e+06	
10400	45.3421	40.294	0	3.22e-06	-3.22e-06	0	4.55377	4.55377e+06	
10500	45.7421	39.894	0	3.22e-06	-3.22e-06	0	4.55377	4.55377e+06	
10600	46.1421	39.494	0	3.22e-06	-3.22e-06	0	4.55377	4.55377e+06	
10700	46.5421	39.094	0	3.22e-06	-3.22e-06	0	4.55377	4.55377e+06	
10800	46.9421	38.694	0	3.22e-06	-3.22e-06	0	4.55377	4.55377e+06	
10900	47.3421	38.294	0	3.22e-06	-3.22e-06	0	4.55377	4.55377e+06	
11000	47.7421	37.894	0	3.22e-06	-3.22e-06	0	4.55377	4.55377e+06	
11100	47.7778	37.494	0	2.87529e-07	-3.22e-06	0	3.23281	3.23281e+06	
11200	47.8136	37.094	0	2.87529e-07	-3.22e-06	0	3.23281	3.23281e+06	
11300	47.8493	36.694	0	2.87529e-07	-3.22e-06	0	3.23281	3.23281e+06	
11400	47.885	36.294	0	2.87529e-07	-3.22e-06	0	3.23281	3.23281e+06	
11500	47.9207	35.894	0	2.87529e-07	-3.22e-06	0	3.23281	3.23281e+06	
11600	47.7608	35.5843	0	-1.28694e-06	-2.49319e-06	0	2.80574	2.80574e+06	
11700	47.601	35.2746	0	-1.28694e-06	-2.49319e-06	0	2.80574	2.80574e+06	
11800	47.4411	34.9649	0	-1.28694e-06	-2.49319e-06	0	2.80574	2.80574e+06	
11900	47.2812	34.6551	0	-1.28694e-06	-2.49319e-06	0	2.80574	2.80574e+06	
12000	47.1214	34.3454	0	-1.28694e-06	-2.49319e-06	0	2.80574	2.80574e+06	
12100	46.7214	34.0874	0	-3.22e-06	-2.07698e-06	0	3.83174	3.83174e+06	
12200	46.3214	33.8294	0	-3.22e-06	-2.07698e-06	0	3.83174	3.83174e+06	
12300	45.9214	33.5714	0	-3.22e-06	-2.07698e-06	0	3.83174	3.83174e+06	
12400	45.5214	33.3134	0	-3.22e-06	-2.07698e-06	0	3.83174	3.83174e+06	
12500	45.1214	33.0554	0	-3.22e-06	-2.07698e-06	0	3.83174	3.83174e+06	
12600	44.7214	32.695	0	-3.22e-06	-2.90076e-06	0	4.33392	4.33392e+06	
12700	44.3214	32.3347	0	-3.22e-06	-2.90076e-06	0	4.33392	4.33392e+06	
12800	43.9214	31.9744	0	-3.22e-06	-2.90076e-06	0	4.33392	4.33392e+06	
12900	43.5214	31.614	0	-3.22e-06	-2.90076e-06	0	4.33392	4.33392e+06	
13000	43.1214	31.2537	0	-3.22e-06	-2.90076e-06	0	4.33392	4.33392e+06	
13100	42.7214	30.8537	0	-3.22e-06	-3.22e-06	0	4.55377	4.55377e+06	
13200	42.3214	30.4537	0	-3.22e-06	-3.22e-06	0	4.55377	4.55377e+06	
13300	41.9214	30.0537	0	-3.22e-06	-3.22e-06	0	4.55377	4.55377e+06	
13400	41.5214	29.6537	0	-3.22e-06	-3.22e-06	0	4.55377	4.55377e+06	
13500	41.1214	29.2537	0	-3.22e-06	-3.22e-06	0	4.55377	4.55377e+06	
13600	40.7214	28.8537	0	-3.22e-06	-3.22e-06	0	4.55377	4.55377e+06	
13700	40.3214	28.4537	0	-3.22e-06	-3.22e-06	0	4.55377	4.55377e+06	
13800	39.9214	28.0537	0	-3.22e-06	-3.22e-06	0	4.55377	4.55377e+06	
13900	39.5214	27.6537	0	-3.22e-06	-3.22e-06	0	4.55377	4.55377e+06	
14000	39.1214	27.2537	0	-3.22e-06	-3.22e-06	0	4.55377	4.55377e+06	
14100	38.7214	27.5633	0	-3.22e-06	2.49196e-06	0	4.07164	4.07164e+06	
14200	38.3214	27.873	0	-3.22e-06	2.49196e-06	0	4.07164	4.07164e+06	
14300	37.9215	28.1826	0	-3.22e-06	2.49196e-06	0	4.07164	4.07164e+06	
14400	37.5481	28.5151	0	-3.22e-06	2.49196e-06	0	4.07164	4.07164e+06	
14500	37.1773	28.8586	0	-3.22e-06	2.49196e-06	0	4.07164	4.07164e+06	
14600	36.7784	29.2272	0	-3.22e-06	2.95115e-06	0	4.3678	4.3678e+06	
14700	36.3784	29.5938	0	-3.22e-06	2.95115e-06	0	4.3678	4.3678e+06	
14800	35.9784	29.9604	0	-3.22e-06	2.95115e-06	0	4.3678	4.3678e+06	
14900	35.5784	30.327	0	-3.22e-06	2.95115e-06	0	4.3678	4.3678e+06	
15000	35.1784	30.6936	0	-3.22e-06	2.95115e-06	0	4.3678	4.3678e+06	
15100	34.7784	30.9366	0	-3.22e-06	1.95657e-06	0	3.76783	3.76783e+06	
15200	34.3784	31.1797	0	-3.22e-06	1.95657e-06	0	3.76783	3.76783e+06	
15300	33.9784	31.4227	0	-3.22e-06	1.95657e-06	0	3.76783	3.76783e+06	
15400	33.5784	31.6658	0	-3.22e-06	1.95657e-06	0	3.76783	3.76783e+06	
15500	33.1784	31.9088	0	-3.22e-06	1.95657e-06	0	3.76783	3.76783e+06	
15600	32.7784	31.7971	0	-3.22e-06	-8.9988e-07	0	3.34338	3.34338e+06	
15700	32.3784	31.6853	0	-3.22e-06	-8.9988e-07	0	3.34338	3.34338e+06	
15800	31.9784	31.5735	0	-3.22e-06	-8.9988e-07	0	3.34338	3.34338e+06	
15900	31.5784	31.4617	0	-3.22e-06	-8.9988e-07	0	3.34338	3.34338e+06	
16000	31.1784	31.3499	0	-3.22e-06	-8.9988e-07	0	3.34338	3.34338e+06	
16100	30.9533	31.3603	0	-1.81243e-06	8.333e-08	0	1.81435	1.81435e+06	
16200	30.7281	31.3706	0	-1.81243e-06	8.333e-08	0	1.81435	1.81435e+06	
16300	30.503	31.381	0	-1.81243e-06	8.333e-08	0	1.81435	1.81435e+06	
16400	30.2778	31.3913	0	-1.81243e-06	8.333e-08	0	1.81435	1.81435e+06	
16500	30.0527	31.4017	0	-1.81243e-06	8.333e-08	0	1.81435	1.81435e+06	
16600	30.0862	31.4843	0	2.69734e-07	6.65548e-07	0	0.71813	718130	
16700	30.1197	31.567	0	2.69734e-07	6.65548e-07	0	0.71813	718130	
16800	30.1532	31.6497	0	2.69734e-07	6.65548e-07	0	0.71813	718130	
16900	30.1867	31.7324	0	2.69734e-07	6.65548e-07	0	0.71813	718130	
17000	30.2202	31.8151	0	2.69734e-07	6.65548e-07	0	0.71813	718130	
17100	30.5518	31.4724	0	2.66903e-06	-2.75848e-06	0	3.83835	3.83835e+06	
17200	30.8834	31.1297	0	2.66903e-06	-2.75848e-06	0	3.83835	3.83835e+06	
17300	31.2149	30.787	0	2.66903e-06	-2.75848e-06	0	3.83835	3.83835e+06	
17400	31.5465	30.4444	0	2.66903e-06	-2.75848e-06	0	3.83835	3.83835e+06	
17500	31.878	30.1017	0	2.66903e-06	-2.75848e-06	0	3.83835	3.83835e+06	
17600	31.8306	30.3648	0	-3.817e-07	2.11784e-06	0	2.15196	2.15196e+06	
17700	31.7832	30.6279	0	-3.817e-07	2.11784e-06	0	2.15196	2.15196e+06	
17800	31.7358	30.891	0	-3.817e-07	2.11784e-06	0	2.15196	2.15196e+06	
17900	31.6884	31.1541	0	-3.817e-07	2.11784e-06	0	2.15196	2.15196e+06	
18000	31.6409	31.4171	0	-3.817e-07	2.11784e-06	0	2.15196	2.15196e+06	
18100	31.8179	31.5707	0	1.42467e-06	1.2362e-06	0	1.88623	1.88623e+06	
18200	31.9949	31.7243	0	1.42467e-06	1.2362e-06	0	1.88623	1.88623e+06	
18300	32.1719	31.8778	0	1.42467e-06	1.2362e-06	0	1.88623	1.88623e+06	
18400	32.3489	32.0314	0	1.42467e-06	1.2362e-06	0	1.88623	1.88623e+06	
18500	32.5258	32.185	0	1.42467e-06	1.2362e-06	0	1.88623	1.88623e+06	
18600	32.2197	32.0593	0	-2.46474e-06	-1.01191e-06	0	2.66438	2.66438e+06	
18700	31.9135	31.9336	0	-2.46474e-06	-1.01191e-06	0	2.66438	2.66438e+06	
18800	31.6073	31.8079	0	-2.46474e-06	-1.01191e-06	0	2.66438	2.66438e+06	
18900	31.3011	31.6822	0	-2.46474e-06	-1.01191e-06	0	2.66438	2.66438e+06	
19000	30.9949	31.5565	0	-2.46474e-06	-1.01191e-06	0	2.66438	2.66438e+06	
19100	30.9149	31.4675	0	-6.44663e-07	-7.16381e-07	0	0.963738	963738	
19200	30.8348	31.3785	0	-6.44663e-07	-7.16381e-07	0	0.963738	963738	
19300	30.7547	31.2895	0	-6.44663e-07	-7.16381e-07	0	0.963738	963738	
19400	30.6746	31.2005	0	-6.44663e-07	-7.16381e-07	0	0.963738	963738	
19500	30.5945	31.1115	0	-6.44663e-07	-7.16381e-07	0	0.963738	963738	
19600	30.5368	31.0276	0	-4.65043e-07	-6.75037e-07	0	0.819719	819719	
19700	30.479	30.9438	0	-4.65043e-07	-6.75037e-07	0	0.819719	819719	
19800	30.4212	30.8599	0	-4.65043e-07	-6.75037e-07	0	0.819719	819719	
19900	30.3634	30.7761	0	-4.65043e-07	-6.75037e-07	0	0.819719	819719	
20000	30.3057	30.6922	0	-4.65043e-07	-6.75037e-07	0	0.819719	819719	
20100	30.7057	30.5847	0	3.22e-06	-8.65297e-07	0	3.33424	3.33424e+06	
20200	31.1057	30.4772	0	3.22e-06	-8.65297e-07	0	3.33424	3.33424e+06	
20300	31.5057	30.3697	0	3.22e-06	-8.65297e-07	0	3.33424	3.33424e+06	
20400	31.9057	30.2623	0	3.22e-06	-8.65297e-07	0	3.33424	3.33424e+06	
20500	32.3057	30.1548	0	3.22e-06	-8.65297e-07	0	3.33424	3.33424e+06	
20600	32.1719	30.2241	0	-1.07683e-06	5.58413e-07	0	1.21301	1.21301e+06	
20700	32.0381	30.2935	0	-1.07683e-06	5.58413e-07	0	1.21301	1.21301e+06	
20800	31.9044	30.3629	0	-1.07683e-06	5.58413e-07	0	1.21301	1.21301e+06	
20900	31.7706	30.4322	0	-1.07683e-06	5.58413e-07	0	1.21301	1.21301e+06	
21000	31.6368	30.5016	0	-1.07683e-06	5.58413e-07	0	1.21301	1.21301e+06	
21100	31.8911	30.5963	0	2.04716e-06	7.62151e-07	0	2.18443	2.18443e+06	
21200	32.1454	30.691	0	2.04716e-06	7.62151e-07	0	2.18443	2.18443e+06	
21300	32.3998	30.7856	0	2.04716e-06	7.62151e-07	0	2.18443	2.18443e+06	
21400	32.6541	30.8803	0	2.04716e-06	7.62151e-07	0	2.18443	2.18443e+06	
21500	32.9084	30.975	0	2.04716e-06	7.62151e-07	0	2.18443	2.18443e+06	
21600	32.5084	31.375	0	-3.22e-06	3.22e-06	0	4.55377	4.55377e+06	
21700	32.1084	31.775	0	-3.22e-06	3.22e-06	0	4.55377	4.55377e+06	
21800	31.7084	32.175	0	-3.22e-06	3.22e-06	0	4.55377	4.55377e+06	
21900	31.3084	32.575	0	-3.22e-06	3.22e-06	0	4.55377	4.55377e+06	
22000	30.9084	32.975	0	-3.22e-06	3.22e-06	0	4.55377	4.55377e+06	
22100	30.6384	33.1919	0	-2.17344e-06	1.74637e-06	0	2.78812	2.78812e+06	
22200	30.3684	33.4089	0	-2.17344e-06	1.74637e-06	0	2.78812	2.78812e+06	
22300	30.0984	33.6258	0	-2.17344e-06	1.74637e-06	0	2.78812	2.78812e+06	
22400	29.8284	33.8428	0	-2.17344e-06	1.74637e-06	0	2.78812	2.78812e+06	
22500	29.5584	34.0597	0	-2.17344e-06	1.74637e-06	0	2.78812	2.78812e+06	
22600	29.5059	34.4177	0	-4.22419e-07	2.8818e-06	0	2.9126	2.9126e+06	
22700	29.4535	34.7757	0	-4.22419e-07	2.8818e-06	0	2.9126	2.9126e+06	
22800	29.401	35.1337	0	-4.22419e-07	2.8818e-06	0	2.9126	2.9126e+06	
22900	29.3485	35.4916	0	-4.22419e-07	2.8818e-06	0	2.9126	2.9126e+06	
23000	29.296	35.8496	0	-4.22419e-07	2.8818e-06	0	2.9126	2.9126e+06	
23100	29.3243	36.2496	0	2.27601e-07	3.22e-06	0	3.22803	3.22803e+06	
23200	29.3526	36.6496	0	2.27601e-07	3.22e-06	0	3.22803	3.22803e+06	
23300	29.3809	37.0496	0	2.27601e-07	3.22e-06	0	3.22803	3.22803e+06	
23400	29.4091	37.4496	0	2.27601e-07	3.22e-06	0	3.22803	3.22803e+06	
23500	29.4374	37.8496	0	2.27601e-07	3.22e-06	0	3.22803	3.22803e+06	
23600	29.5309	38.2496	0	7.52751e-07	3.22e-06	0	3.30682	3.30682e+06	
23700	29.6244	38.6496	0	7.52751e-07	3.22e-06	0	3.30682	3.30682e+06	
23800	29.7179	39.0496	0	7.52751e-07	3.22e-06	0	3.30682	3.30682e+06	
23900	29.8114	39.4496	0	7.52751e-07	3.22e-06	0	3.30682	3.30682e+06	
24000	29.9049	39.8496	0	7.52751e-07	3.22e-06	0	3.30682	3.30682e+06	
24100	30.2584	40.2496	0	2.84545e-06	3.22e-06	0	4.29709	4.29709e+06	
24200	30.6119	40.6496	0	2.84545e-06	3.22e-06	0	4.29709	4.29709e+06	
24300	30.9654	41.0496	0	2.84545e-06	3.22e-06	0	4.29709	4.29709e+06	
24400	31.3188	41.4496	0	2.84545e-06	3.22e-06	0	4.29709	4.29709e+06	
24500	31.6723	41.8496	0	2.84545e-06	3.22e-06	0	4.29709	4.29709e+06	
24600	32.0723	42.2496	0	3.22e-06	3.22e-06	0	4.55377	4.55377e+06	
24700	32.4723	42.6496	0	3.22e-06	3.22e-06	0	4.55377	4.55377e+06	
24800	32.8723	43.0496	0	3.22e-06	3.22e-06	0	4.55377	4.55377e+06	
24900	33.2723	43.4496	0	3.22e-06	3.22e-06	0	4.55377	4.55377e+06	
25000	33.6723	43.8496	0	3.22e-06	3.22e-06	0	4.55377	4.55377e+06	
25100	34.0723	44.2496	0	3.22e-06	3.22e-06	0	4.55377	4.55377e+06	
25200	34.4723	44.6496	0	3.22e-06	3.22e-06	0	4.55377	4.55377e+06	
25300	34.8723	45.0496	0	3.22e-06	3.22e-06	0	4.55377	4.55377e+06	
25400	35.2723	45.4496	0	3.22e-06	3.22e-06	0	4.55377	4.55377e+06	
25500	35.6723	45.8496	0	3.22e-06	3.22e-06	0	4.55377	4.55377e+06	
25600	35.9219	45.887	0	2.0092e-06	3.00613e-07	0	2.03156	2.03156e+06	
25700	36.1715	45.9243	0	2.0092e-06	3.00613e-07	0	2.03156	2.03156e+06	
25800	36.4211	45.9617	0	2.0092e-06	3.00613e-07	0	2.03156	2.03156e+06	
25900	36.6707	45.999	0	2.0092e-06	3.00613e-07	0	2.03156	2.03156e+06	
26000	36.9203	46.0363	0	2.0092e-06	3.00613e-07	0	2.03156	2.03156e+06	
26100	37.1921	46.1012	0	2.18821e-06	5.22041e-07	0	2.24962	2.24962e+06	
26200	37.4639	46.166	0	2.18821e-06	5.22041e-07	0	2.24962	2.24962e+06	
26300	37.7357	46.2309	0	2.18821e-06	5.22041e-07	0	2.24962	2.24962e+06	
26400	38.0076	46.2957	0	2.18821e-06	5.22041e-07	0	2.24962	2.24962e+06	
26500	38.2794	46.3606	0	2.18821e-06	5.22041e-07	0	2.24962	2.24962e+06	
26600	38.4031	46.637	0	9.95684e-07	2.22533e-06	0	2.43792	2.43792e+06	
26700	38.5268	46.9135	0	9.95684e-07	2.22533e-06	0	2.43792	2.43792e+06	
26800	38.6505	47.1899	0	9.95684e-07	2.22533e-06	0	2.43792	2.43792e+06	
26900	38.7741	47.4663	0	9.95684e-07	2.22533e-06	0	2.43792	2.43792e+06	
27000	38.8978	47.7428	0	9.95684e-07	2.22533e-06	0	2.43792	2.43792e+06	
27100	38.9004	48.0472	0	2.09079e-08	2.45028e-06	0	2.45037	2.45037e+06	
27200	38.903	48.3516	0	2.09079e-08	2.45028e-06	0	2.45037	2.45037e+06	
27300	38.9056	48.6559	0	2.09079e-08	2.45028e-06	0	2.45037	2.45037e+06	
27400	38.9082	48.9603	0	2.09079e-08	2.45028e-06	0	2.45037	2.45037e+06	
27500	38.9108	49.2647	0	2.09079e-08	2.45028e-06	0	2.45037	2.45037e+06	
27600	39.0217	49.6647	0	8.92761e-07	3.22e-06	0	3.34147	3.34147e+06	
27700	39.1326	50.0647	0	8.92761e-07	3.22e-06	0	3.34147	3.34147e+06	
27800	39.2435	50.4647	0	8.92761e-07	3.22e-06	0	3.34147	3.34147e+06	
27900	39.3544	50.8647	0	8.92761e-07	3.22e-06	0	3.34147	3.34147e+06	
28000	39.4653	51.2647	0	8.92761e-07	3.22e-06	0	3.34147	3.34147e+06	
28100	39.3349	51.6647	0	-1.04967e-06	3.22e-06	0	3.38677	3.38677e+06	
28200	39.2045	52.0647	0	-1.04967e-06	3.22e-06	0	3.38677	3.38677e+06	
28300	39.0741	52.4647	0	-1.04967e-06	3.22e-06	0	3.38677	3.38677e+06	
28400	38.9437	52.8647	0	-1.04967e-06	3.22e-06	0	3.38677	3.38677e+06	
28500	38.8134	53.2647	0	-1.04967e-06	3.22e-06	0	3.38677	3.38677e+06	
28600	38.4134	53.6647	0	-3.22e-06	3.22e-06	0	4.55377	4.55377e+06	
28700	38.0134	54.0647	0	-3.22e-06	3.22e-06	0	4.55377	4.55377e+06	
28800	37.6134	54.4647	0	-3.22e-06	3.22e-06	0	4.55377	4.55377e+06	
28900	37.2134	54.8647	0	-3.22e-06	3.22e-06	0	4.55377	4.55377e+06	
29000	36.8134	55.2647	0	-3.22e-06	3.22e-06	0	4.55377	4.55377e+06	
29100	36.4892	55.6647	0	-2.60952e-06	3.22e-06	0	4.14464	4.14464e+06	
29200	36.165	56.0647	0	-2.60952e-06	3.22e-06	0	4.14464	4.14464e+06	
29300	35.8409	56.4647	0	-2.60952e-06	3.22e-06	0	4.14464	4.14464e+06	
29400	35.5167	56.8647	0	-2.60952e-06	3.22e-06	0	4.14464	4.14464e+06	
29500	35.1925	57.2647	0	-2.60952e-06	3.22e-06	0	4.14464	4.14464e+06	
29600	35.2292	57.3204	0	2.95116e-07	4.48488e-07	0	0.536875	536875	
29700	35.2659	57.3761	0	2.95116e-07	4.48488e-07	0	0.536875	536875	
29800	35.3025	57.4318	0	2.95116e-07	4.48488e-07	0	0.536875	536875	
29900	35.3392	57.4876	0	2.95116e-07	4.48488e-07	0	0.536875	536875	
30000	35.3758	57.5433	0	2.95116e-07	4.48488e-07	0	0.536875	536875	
30100	35.5033	57.4744	0	1.02598e-06	-5.54297e-07	0	1.16614	1.16614e+06	
30200	35.6307	57.4056	0	1.02598e-06	-5.54297e-07	0	1.16614	1.16614e+06	
30300	35.7582	57.3367	0	1.02598e-06	-5.54297e-07	0	1.16614	1.16614e+06	
30400	35.8856	57.2678	0	1.02598e-06	-5.54297e-07	0	1.16614	1.16614e+06	
30500	36.0131	57.199	0	1.02598e-06	-5.54297e-07	0	1.16614	1.16614e+06	
30600	36.2266	57.5129	0	1.71878e-06	2.52743e-06	0	3.05649	3.05649e+06	
30700	36.4401	57.8269	0	1.71878e-06	2.52743e-06	0	3.05649	3.05649e+06	
30800	36.6536	58.1409	0	1.71878e-06	2.52743e-06	0	3.05649	3.05649e+06	
30900	36.8671	58.4548	0	1.71878e-06	2.52743e-06	0	3.05649	3.05649e+06	
31000	37.0807	58.7688	0	1.71878e-06	2.52743e-06	0	3.05649	3.05649e+06	
31100	36.6807	59.1688	0	-3.22e-06	3.22e-06	0	4.55377	4.55377e+06	
31200	36.2807	59.5688	0	-3.22e-06	3.22e-06	0	4.55377	4.55377e+06	
31300	35.8807	59.9688	0	-3.22e-06	3.22e-06	0	4.55377	4.55377e+06	
31400	35.4807	60.3688	0	-3.22e-06	3.22e-06	0	4.55377	4.55377e+06	
31500	35.0807	60.7688	0	-3.22e-06	3.22e-06	0	4.55377	4.55377e+06	
31600	34.6807	61.1688	0	-3.22e-06	3.22e-06	0	4.55377	4.55377e+06	
31700	34.2807	61.5688	0	-3.22e-06	3.22e-06	0	4.55377	4.55377e+06	
31800	33.8807	61.9688	0	-3.22e-06	3.22e-06	0	4.55377	4.55377e+06	
31900	33.4807	62.3688	0	-3.22e-06	3.22e-06	0	4.55377	4.55377e+06	
32000	33.0807	62.7688	0	-3.22e-06	3.22e-06	0	4.55377	4.55377e+06	
32100	32.9039	63.0521	0	-3.22e-06	3.22e-06	0	4.55377	4.55377e+06	
32200	32.9866	63.2384	0	-3.22e-06	3.22e-06	0	4.55377	4.55377e+06	
32300	33.0658	63.4857	0	-3.22e-06	3.22e-06	0	4.55377	4.55377e+06	
32400	33.1221	63.8062	0	-3.22e-06	3.22e-06	0	4.55377	4.55377e+06	
32500	33.1248	64.2045	0	-3.22e-06	3.22e-06	0	4.55377	4.55377e+06	
32600	33.0966	64.6172	0	-3.22e-06	3.22e-06	0	4.55377	4.55377e+06	
32700	33.1322	64.9748	0	-3.22e-06	3.22e-06	0	4.55377	4.55377e+06	
32800	33.0997	65.4034	0	-3.22e-06	3.22e-06	0	4.55377	4.55377e+06	
32900	33.1181	65.768	0	-3.22e-06	3.22e-06	0	4.55377	4.55377e+06	
33000	33.1299	65.8701	0	-3.22e-06	3.22e-06	0	4.55377	4.55377e+06	
33100	33.1281	65.8532	0	-3.22e-06	1.52851e-06	0	3.56437	3.56437e+06	
33200	33.1281	65.8532	0	-3.22e-06	1.52851e-06	0	3.56437	3.56437e+06	
33300	33.1281	65.8532	0	-3.22e-06	1.52851e-06	0	3.56437	3.56437e+06	
33400	33.1281	65.8532	0	-3.22e-06	1.52851e-06	0	3.56437	3.56437e+06	
33500	33.1281	65.8532	0	-3.22e-06	1.52851e-06	0	3.56437	3.56437e+06	
33600	33.1286	65.8583	0	-3.22e-06	1.89828e-06	0	3.7379	3.7379e+06	
33700	33.1286	65.8583	0	-3.22e-06	1.89828e-06	0	3.7379	3.7379e+06	
33800	33.1286	65.8583	0	-3.22e-06	1.89828e-06	0	3.7379	3.7379e+06	
33900	33.1286	65.8583	0	-3.22e-06	1.89828e-06	0	3.7379	3.7379e+06	
34000	33.1286	65.8583	0	-3.22e-06	1.89828e-06	0	3.7379	3.7379e+06	
34100	33.1283	65.8546	0	-3.22e-06	1.62477e-06	0	3.6067	3.6067e+06	
34200	33.1283	65.8546	0	-3.22e-06	1.62477e-06	0	3.6067	3.6067e+06	
34300	33.1283	65.8546	0	-3.22e-06	1.62477e-06	0	3.6067	3.6067e+06	
34400	33.1283	65.8546	0	-3.22e-06	1.62477e-06	0	3.6067	3.6067e+06	
34500	33.1283	65.8546	0	-3.22e-06	1.62477e-06	0	3.6067	3.6067e+06	
34600	33.1208	65.7316	0	-2.60826e-06	-5.70628e-07	0	2.66996	2.66996e+06	
34700	33.1044	65.6166	0	-2.60826e-06	-5.70628e-07	0	2.66996	2.66996e+06	
34800	33.0917	65.5125	0	-2.60826e-06	-5.70628e-07	0	2.66996	2.66996e+06	
34900	33.0933	65.4553	0	-2.60826e-06	-5.70628e-07	0	2.66996	2.66996e+06	
35000	33.0972	65.4229	0	-2.60826e-06	-5.70628e-07	0	2.66996	2.66996e+06	
35100	33.1956	65.0436	0	2.75625e-07	-3.11809e-06	0	3.13025	3.13025e+06	
35200	33.2358	64.6561	0	2.75625e-07	-3.11809e-06	0	3.13025	3.13025e+06	
35300	33.2703	64.2687	0	2.75625e-07	-3.11809e-06	0	3.13025	3.13025e+06	
35400	33.3047	63.8814	0	2.75625e-07	-3.11809e-06	0	3.13025	3.13025e+06	
35500	33.3389	63.494	0	2.75625e-07	-3.11809e-06	0	3.13025	3.13025e+06	
35600	33.4509	63.3713	0	9.01755e-07	-9.88119e-07	0	1.33774	1.33774e+06	
35700	33.563	63.2485	0	9.01755e-07	-9.88119e-07	0	1.33774	1.33774e+06	
35800	33.675	63.1258	0	9.01755e-07	-9.88119e-07	0	1.33774	1.33774e+06	
35900	33.787	63.0031	0	9.01755e-07	-9.88119e-07	0	1.33774	1.33774e+06	
36000	33.899	62.8803	0	9.01755e-07	-9.88119e-07	0	1.33774	1.33774e+06	
36100	34.0262	62.6485	0	1.02395e-06	-1.86589e-06	0	2.12839	2.12839e+06	
36200	34.1534	62.4167	0	1.02395e-06	-1.86589e-06	0	2.12839	2.12839e+06	
36300	34.2806	62.1849	0	1.02395e-06	-1.86589e-06	0	2.12839	2.12839e+06	
36400	34.4078	61.9532	0	1.02395e-06	-1.86589e-06	0	2.12839	2.12839e+06	
36500	34.535	61.7214	0	1.02395e-06	-1.86589e-06	0	2.12839	2.12839e+06	
36600	34.4255	61.5625	0	-8.81562e-07	-1.27889e-06	0	1.55329	1.55329e+06	
36700	34.316	61.4036	0	-8.81562e-07	-1.27889e-06	0	1.55329	1.55329e+06	
36800	34.2065	61.2448	0	-8.81562e-07	-1.27889e-06	0	1.55329	1.55329e+06	
36900	34.097	61.0859	0	-8.81562e-07	-1.27889e-06	0	1.55329	1.55329e+06	
37000	33.9875	60.927	0	-8.81562e-07	-1.27889e-06	0	1.55329	1.55329e+06	
37100	33.9926	60.7132	0	4.13942e-08	-1.72106e-06	0	1.72156	1.72156e+06	
37200	33.9978	60.4994	0	4.13942e-08	-1.72106e-06	0	1.72156	1.72156e+06	
37300	34.0029	60.2856	0	4.13942e-08	-1.72106e-06	0	1.72156	1.72156e+06	
37400	34.008	60.0718	0	4.13942e-08	-1.72106e-06	0	1.72156	1.72156e+06	
37500	34.0132	59.858	0	4.13942e-08	-1.72106e-06	0	1.72156	1.72156e+06	
37600	34.0501	59.458	0	2.9683e-07	-3.22e-06	0	3.23365	3.23365e+06	
37700	34.0869	59.058	0	2.9683e-07	-3.22e-06	0	3.23365	3.23365e+06	
37800	34.1238	58.658	0	2.9683e-07	-3.22e-06	0	3.23365	3.23365e+06	
37900	34.1607	58.258	0	2.9683e-07	-3.22e-06	0	3.23365	3.23365e+06	
38000	34.1975	57.858	0	2.9683e-07	-3.22e-06	0	3.23365	3.23365e+06	
38100	34.5975	57.458	0	3.22e-06	-3.22e-06	0	4.55377	4.55377e+06	
38200	34.9975	57.058	0	3.22e-06	-3.22e-06	0	4.55377	4.55377e+06	
38300	35.3975	56.658	0	3.22e-06	-3.22e-06	0	4.55377	4.55377e+06	
38400	35.7975	56.258	0	3.22e-06	-3.22e-06	0	4.55377	4.55377e+06	
38500	36.1975	55.858	0	3.22e-06	-3.22e-06	0	4.55377	4.55377e+06	
38600	36.5975	55.458	0	3.22e-06	-3.22e-06	0	4.55377	4.55377e+06	
38700	36.9975	55.058	0	3.22e-06	-3.22e-06	0	4.55377	4.55377e+06	
38800	37.3975	54.658	0	3.22e-06	-3.22e-06	0	4.55377	4.55377e+06	
38900	37.7975	54.258	0	3.22e-06	-3.22e-06	0	4.55377	4.55377e+06	
39000	38.1975	53.858	0	3.22e-06	-3.22e-06	0	4.55377	4.55377e+06	
39100	38.2418	53.458	0	3.56146e-07	-3.22e-06	0	3.23964	3.23964e+06	
39200	38.286	53.058	0	3.56146e-07	-3.22e-06	0	3.23964	3.23964e+06	
39300	38.3303	52.658	0	3.56146e-07	-3.22e-06	0	3.23964	3.23964e+06	
39400	38.3745	52.258	0	3.56146e-07	-3.22e-06	0	3.23964	3.23964e+06	
39500	38.4188	51.858	0	3.56146e-07	-3.22e-06	0	3.23964	3.23964e+06	
39600	38.1789	51.5846	0	-1.93099e-06	-2.20156e-06	0	2.92841	2.92841e+06	
39700	37.939	51.3111	0	-1.93099e-06	-2.20156e-06	0	2.92841	2.92841e+06	
39800	37.6991	51.0376	0	-1.93099e-06	-2.20156e-06	0	2.92841	2.92841e+06	
39900	37.4593	50.7641	0	-1.93099e-06	-2.20156e-06	0	2.92841	2.92841e+06	
40000	37.2194	50.4906	0	-1.93099e-06	-2.20156e-06	0	2.92841	2.92841e+06	
40100	37.2085	50.4773	0	-8.72877e-08	-1.0693e-07	0	0.138033	138033	
40200	37.1977	50.464	0	-8.72877e-08	-1.0693e-07	0	0.138033	138033	
40300	37.1869	50.4508	0	-8.72877e-08	-1.0693e-07	0	0.138033	138033	
40400	37.176	50.4375	0	-8.72877e-08	-1.0693e-07	0	0.138033	138033	
40500	37.1652	50.4242	0	-8.72877e-08	-1.0693e-07	0	0.138033	138033	
40600	37.3844	50.3104	0	1.76459e-06	-9.15877e-07	0	1.98812	1.98812e+06	
40700	37.6036	50.1966	0	1.76459e-06	-9.15877e-07	0	1.98812	1.98812e+06	
40800	37.8228	50.0829	0	1.76459e-06	-9.15877e-07	0	1.98812	1.98812e+06	
40900	38.042	49.9691	0	1.76459e-06	-9.15877e-07	0	1.98812	1.98812e+06	
41000	38.2612	49.8553	0	1.76459e-06	-9.15877e-07	0	1.98812	1.98812e+06	
41100	37.9812	49.5884	0	-2.25351e-06	-2.14865e-06	0	3.11368	3.11368e+06	
41200	37.7013	49.3215	0	-2.25351e-06	-2.14865e-06	0	3.11368	3.11368e+06	
41300	37.4214	49.0546	0	-2.25351e-06	-2.14865e-06	0	3.11368	3.11368e+06	
41400	37.1414	48.7877	0	-2.25351e-06	-2.14865e-06	0	3.11368	3.11368e+06	
41500	36.8615	48.5208	0	-2.25351e-06	-2.14865e-06	0	3.11368	3.11368e+06	
41600	36.8879	48.4009	0	2.12788e-07	-9.64829e-07	0	0.988015	988015	
41700	36.9144	48.2811	0	2.12788e-07	-9.64829e-07	0	0.988015	988015	
41800	36.9408	48.1612	0	2.12788e-07	-9.64829e-07	0	0.988015	988015	
41900	36.9672	48.0413	0	2.12788e-07	-9.64829e-07	0	0.988015	988015	
42000	36.9937	47.9215	0	2.12788e-07	-9.64829e-07	0	0.988015	988015	
42100	36.9943	47.5215	0	4.80432e-09	-3.22e-06	0	3.22	3.22e+06	
42200	36.9948	47.1215	0	4.80432e-09	-3.22e-06	0	3.22	3.22e+06	
42300	36.9954	46.7215	0	4.80432e-09	-3.22e-06	0	3.22	3.22e+06	
42400	36.996	46.3215	0	4.80432e-09	-3.22e-06	0	3.22	3.22e+06	
42500	36.9966	45.9215	0	4.80432e-09	-3.22e-06	0	3.22	3.22e+06	
42600	36.8512	45.7224	0	-1.17116e-06	-1.60267e-06	0	1.98498	1.98498e+06	
42700	36.7057	45.5233	0	-1.17116e-06	-1.60267e-06	0	1.98498	1.98498e+06	
42800	36.5602	45.3242	0	-1.17116e-06	-1.60267e-06	0	1.98498	1.98498e+06	
42900	36.4147	45.1251	0	-1.17116e-06	-1.60267e-06	0	1.98498	1.98498e+06	
43000	36.2692	44.926	0	-1.17116e-06	-1.60267e-06	0	1.98498	1.98498e+06	
43100	36.1517	44.526	0	-9.46243e-07	-3.22e-06	0	3.35615	3.35615e+06	
43200	36.0341	44.126	0	-9.46243e-07	-3.22e-06	0	3.35615	3.35615e+06	
43300	35.9166	43.726	0	-9.46243e-07	-3.22e-06	0	3.35615	3.35615e+06	
43400	35.799	43.326	0	-9.46243e-07	-3.22e-06	0	3.35615	3.35615e+06	
43500	35.6815	42.926	0	-9.46243e-07	-3.22e-06	0	3.35615	3.35615e+06	
43600	35.6289	42.526	0	-4.23489e-07	-3.22e-06	0	3.24773	3.24773e+06	
43700	35.5763	42.126	0	-4.23489e-07	-3.22e-06	0	3.24773	3.24773e+06	
43800	35.5237	41.726	0	-4.23489e-07	-3.22e-06	0	3.24773	3.24773e+06	
43900	35.471	41.326	0	-4.23489e-07	-3.22e-06	0	3.24773	3.24773e+06	
44000	35.4184	40.926	0	-4.23489e-07	-3.22e-06	0	3.24773	3.24773e+06	
44100	35.4098	40.8968	0	-6.9791e-08	-2.35373e-07	0	0.245502	245502	
44200	35.4011	40.8676	0	-6.9791e-08	-2.35373e-07	0	0.245502	245502	
44300	35.3924	40.8383	0	-6.9791e-08	-2.35373e-07	0	0.245502	245502	
44400	35.3838	40.8091	0	-6.9791e-08	-2.35373e-07	0	0.245502	245502	
44500	35.3751	40.7799	0	-6.9791e-08	-2.35373e-07	0	0.245502	245502	
44600	35.7751	40.8031	0	3.22e-06	1.87386e-07	0	3.22545	3.22545e+06	
44700	36.1751	40.8264	0	3.22e-06	1.87386e-07	0	3.22545	3.22545e+06	
44800	36.5751	40.8497	0	3.22e-06	1.87386e-07	0	3.22545	3.22545e+06	
44900	36.9751	40.873	0	3.22e-06	1.87386e-07	0	3.22545	3.22545e+06	
45000	37.3751	40.8962	0	3.22e-06	1.87386e-07	0	3.22545	3.22545e+06	
45100	37.7751	40.6393	0	3.22e-06	-2.06832e-06	0	3.82705	3.82705e+06	
45200	38.1751	40.3824	0	3.22e-06	-2.06832e-06	0	3.82705	3.82705e+06	
45300	38.5751	40.1254	0	3.22e-06	-2.06832e-06	0	3.82705	3.82705e+06	
45400	38.9751	39.8685	0	3.22e-06	-2.06832e-06	0	3.82705	3.82705e+06	
45500	39.3751	39.6116	0	3.22e-06	-2.06832e-06	0	3.82705	3.82705e+06	
45600	39.7751	39.2116	0	3.22e-06	-3.22e-06	0	4.55377	4.55377e+06	
45700	40.1751	38.8116	0	3.22e-06	-3.22e-06	0	4.55377	4.55377e+06	
45800	40.5751	38.4116	0	3.22e-06	-3.22e-06	0	4.55377	4.55377e+06	
45900	40.9751	38.0116	0	3.22e-06	-3.22e-06	0	4.55377	4.55377e+06	
46000	41.3751	37.6116	0	3.22e-06	-3.22e-06	0	4.55377	4.55377e+06	
46100	41.7751	37.2116	0	3.22e-06	-3.22e-06	0	4.55377	4.55377e+06	
46200	42.1751	36.8116	0	3.22e-06	-3.22e-06	0	4.55377	4.55377e+06	
46300	42.5751	36.4116	0	3.22e-06	-3.22e-06	0	4.55377	4.55377e+06	
46400	42.9751	36.0116	0	3.22e-06	-3.22e-06	0	4.55377	4.55377e+06	
46500	43.3751	35.6116	0	3.22e-06	-3.22e-06	0	4.55377	4.55377e+06	
46600	43.6812	35.2116	0	2.46383e-06	-3.22e-06	0	4.05449	4.05449e+06	
46700	43.9872	34.8116	0	2.46383e-06	-3.22e-06	0	4.05449	4.05449e+06	
46800	44.2933	34.4116	0	2.46383e-06	-3.22e-06	0	4.05449	4.05449e+06	
46900	44.5994	34.0116	0	2.46383e-06	-3.22e-06	0	4.05449	4.05449e+06	
47000	44.9054	33.6116	0	2.46383e-06	-3.22e-06	0	4.05449	4.05449e+06	
47100	45.2514	33.2116	0	2.78515e-06	-3.22e-06	0	4.2574	4.2574e+06	
47200	45.5974	32.8116	0	2.78515e-06	-3.22e-06	0	4.2574	4.2574e+06	
47300	45.9434	32.4116	0	2.78515e-06	-3.22e-06	0	4.2574	4.2574e+06	
47400	46.2893	32.0116	0	2.78515e-06	-3.22e-06	0	4.2574	4.2574e+06	
47500	46.6353	31.6116	0	2.78515e-06	-3.22e-06	0	4.2574	4.2574e+06	
47600	46.9224	31.2116	0	2.31126e-06	-3.22e-06	0	3.96363	3.96363e+06	
47700	47.2096	30.8116	0	2.31126e-06	-3.22e-06	0	3.96363	3.96363e+06	
47800	47.4967	30.4116	0	2.31126e-06	-3.22e-06	0	3.96363	3.96363e+06	
47900	47.7838	30.0116	0	2.31126e-06	-3.22e-06	0	3.96363	3.96363e+06	
48000	48.0709	29.6116	0	2.31126e-06	-3.22e-06	0	3.96363	3.96363e+06	
48100	47.8994	29.2116	0	-1.38071e-06	-3.22e-06	0	3.50354	3.50354e+06	
48200	47.7279	28.8116	0	-1.38071e-06	-3.22e-06	0	3.50354	3.50354e+06	
48300	47.5563	28.4116	0	-1.38071e-06	-3.22e-06	0	3.50354	3.50354e+06	
48400	47.3848	28.0116	0	-1.38071e-06	-3.22e-06	0	3.50354	3.50354e+06	
48500	47.2133	27.6116	0	-1.38071e-06	-3.22e-06	0	3.50354	3.50354e+06	
48600	47.2933	27.3591	0	6.44164e-07	-2.03227e-06	0	2.13192	2.13192e+06	
48700	47.3734	27.1067	0	6.44164e-07	-2.03227e-06	0	2.13192	2.13192e+06	
48800	47.4534	26.8542	0	6.44164e-07	-2.03227e-06	0	2.13192	2.13192e+06	
48900	47.5334	26.6017	0	6.44164e-07	-2.03227e-06	0	2.13192	2.13192e+06	
49000	47.6134	26.3493	0	6.44164e-07	-2.03227e-06	0	2.13192	2.13192e+06	
49100	47.4278	26.6407	0	-1.49408e-06	2.34568e-06	0	2.78109	2.78109e+06	
49200	47.2422	26.9321	0	-1.49408e-06	2.34568e-06	0	2.78109	2.78109e+06	
49300	47.0566	27.2235	0	-1.49408e-06	2.34568e-06	0	2.78109	2.78109e+06	
49400	46.871	27.5148	0	-1.49408e-06	2.34568e-06	0	2.78109	2.78109e+06	
49500	46.6854	27.8062	0	-1.49408e-06	2.34568e-06	0	2.78109	2.78109e+06	
49600	46.6608	27.9794	0	-1.98244e-07	1.39377e-06	0	1.4078	1.4078e+06	
49700	46.6362	28.1525	0	-1.98244e-07	1.39377e-06	0	1.4078	1.4078e+06	
49800	46.6115	28.3257	0	-1.98244e-07	1.39377e-06	0	1.4078	1.4078e+06	
49900	46.5869	28.4988	0	-1.98244e-07	1.39377e-06	0	1.4078	1.4078e+06	
50000	46.5623	28.6719	0	-1.98244e-07	1.39377e-06	0	1.4078	1.4078e+06	
