0	66	29	0	5.32958e-08	-2.62901e-06	0	2.62955	2.62955e+06	
100	66.4	28.6	0	3.22e-06	-3.22e-06	0	4.55377	4.55377e+06	
200	66.8	28.2	0	3.22e-06	-3.22e-06	0	4.55377	4.55377e+06	
300	67.2	27.8	0	3.22e-06	-3.22e-06	0	4.55377	4.55377e+06	
400	67.6	27.4	0	3.22e-06	-3.22e-06	0	4.55377	4.55377e+06	
500	68	27	0	3.22e-06	-3.22e-06	0	4.55377	4.55377e+06	
600	68.4	26.6	0	3.22e-06	-3.22e-06	0	4.55377	4.55377e+06	
700	68.8	26.2	0	3.22e-06	-3.22e-06	0	4.55377	4.55377e+06	
800	69.2	25.8	0	3.22e-06	-3.22e-06	0	4.55377	4.55377e+06	
900	69.6	25.4	0	3.22e-06	-3.22e-06	0	4.55377	4.55377e+06	
1000	70	25	0	3.22e-06	-3.22e-06	0	4.55377	4.55377e+06	
1100	70.4	24.6	0	3.22e-06	-3.22e-06	0	4.55377	4.55377e+06	
1200	70.8	24.2	0	3.22e-06	-3.22e-06	0	4.55377	4.55377e+06	
1300	71.2	23.8	0	3.22e-06	-3.22e-06	0	4.55377	4.55377e+06	
1400	71.6	23.4	0	3.22e-06	-3.22e-06	0	4.55377	4.55377e+06	
1500	72	23	0	3.22e-06	-3.22e-06	0	4.55377	4.55377e+06	
1600	72.2371	22.6	0	1.90869e-06	-3.22e-06	0	3.74319	3.74319e+06	
1700	72.4742	22.2	0	1.90869e-06	-3.22e-06	0	3.74319	3.74319e+06	
1800	72.7113	21.8	0	1.90869e-06	-3.22e-06	0	3.74319	3.74319e+06	
1900	72.9484	21.4	0	1.90869e-06	-3.22e-06	0	3.74319	3.74319e+06	
2000	73.1855	21	0	1.90869e-06	-3.22e-06	0	3.74319	3.74319e+06	
2100	73.2183	20.6	0	2.6423e-07	-3.22e-06	0	3.23082	3.23082e+06	
2200	73.2512	20.2	0	2.6423e-07	-3.22e-06	0	3.23082	3.23082e+06	
2300	73.284	19.8	0	2.6423e-07	-3.22e-06	0	3.23082	3.23082e+06	
2400	73.3168	19.4	0	2.6423e-07	-3.22e-06	0	3.23082	3.23082e+06	
2500	73.3496	19	0	2.6423e-07	-3.22e-06	0	3.23082	3.23082e+06	
2600	73.256	18.6	0	-7.53522e-07	-3.22e-06	0	3.30699	3.30699e+06	
2700	73.1624	18.2	0	-7.53522e-07	-3.22e-06	0	3.30699	3.30699e+06	
2800	73.0688	17.8	0	-7.53522e-07	-3.22e-06	0	3.30699	3.30699e+06	
2900	72.9752	17.4	0	-7.53522e-07	-3.22e-06	0	3.30699	3.30699e+06	
3000	72.8816	17	0	-7.53522e-07	-3.22e-06	0	3.30699	3.30699e+06	
3100	72.99	16.6	0	8.72793e-07	-3.22e-06	0	3.33619	3.33619e+06	
3200	73.0985	16.2	0	8.72793e-07	-3.22e-06	0	3.33619	3.33619e+06	
3300	73.2069	15.8	0	8.72793e-07	-3.22e-06	0	3.33619	3.33619e+06	
3400	73.3153	15.4	0	8.72793e-07	-3.22e-06	0	3.33619	3.33619e+06	
3500	73.4237	15	0	8.72793e-07	-3.22e-06	0	3.33619	3.33619e+06	
3600	73.2517	14.6	0	-1.38502e-06	-3.22e-06	0	3.50524	3.50524e+06	
3700	73.0796	14.2	0	-1.38502e-06	-3.22e-06	0	3.50524	3.50524e+06	
3800	72.9076	13.8	0	-1.38502e-06	-3.22e-06	0	3.50524	3.50524e+06	
3900	72.7355	13.4	0	-1.38502e-06	-3.22e-06	0	3.50524	3.50524e+06	
4000	72.5635	13	0	-1.38502e-06	-3.22e-06	0	3.50524	3.50524e+06	
4100	72.4755	12.6	0	-7.08287e-07	-3.22e-06	0	3.29698	3.29698e+06	
4200	72.3875	12.2	0	-7.08287e-07	-3.22e-06	0	3.29698	3.29698e+06	
4300	72.2995	11.8	0	-7.08287e-07	-3.22e-06	0	3.29698	3.29698e+06	
4400	72.2115	11.4	0	-7.08287e-07	-3.22e-06	0	3.29698	3.29698e+06	
4500	72.1235	11	0	-7.08287e-07	-3.22e-06	0	3.29698	3.29698e+06	
4600	71.9782	10.6805	0	-1.17025e-06	-2.57185e-06	0	2.82557	2.82557e+06	
4700	71.8328	10.361	0	-1.17025e-06	-2.57185e-06	0	2.82557	2.82557e+06	
4800	71.6874	10.0415	0	-1.17025e-06	-2.57185e-06	0	2.82557	2.82557e+06	
4900	71.542	9.72206	0	-1.17025e-06	-2.57185e-06	0	2.82557	2.82557e+06	
5000	71.3967	9.40258	0	-1.17025e-06	-2.57185e-06	0	2.82557	2.82557e+06	
5100	71.4067	9.20488	0	8.04794e-08	-1.59146e-06	0	1.59349	1.59349e+06	
5200	71.4167	9.00719	0	8.04794e-08	-1.59146e-06	0	1.59349	1.59349e+06	
5300	71.4267	8.80949	0	8.04794e-08	-1.59146e-06	0	1.59349	1.59349e+06	
5400	71.4367	8.61179	0	8.04794e-08	-1.59146e-06	0	1.59349	1.59349e+06	
5500	71.4467	8.4141	0	8.04794e-08	-1.59146e-06	0	1.59349	1.59349e+06	
5600	71.0467	8.24336	0	-3.22e-06	-1.37446e-06	0	3.50108	3.50108e+06	
5700	70.6467	8.07262	0	-3.22e-06	-1.37446e-06	0	3.50108	3.50108e+06	
5800	70.2467	7.90188	0	-3.22e-06	-1.37446e-06	0	3.50108	3.50108e+06	
5900	69.8467	7.73114	0	-3.22e-06	-1.37446e-06	0	3.50108	3.50108e+06	
6000	69.4467	7.5604	0	-3.22e-06	-1.37446e-06	0	3.50108	3.50108e+06	
6100	69.0467	7.64477	0	-3.22e-06	6.79172e-07	0	3.29085	3.29085e+06	
6200	68.6467	7.72914	0	-3.22e-06	6.79172e-07	0	3.29085	3.29085e+06	
6300	68.2467	7.81351	0	-3.22e-06	6.79172e-07	0	3.29085	3.29085e+06	
6400	67.8467	7.89788	0	-3.22e-06	6.79172e-07	0	3.29085	3.29085e+06	
6500	67.4467	7.98224	0	-3.22e-06	6.79172e-07	0	3.29085	3.29085e+06	
6600	67.0467	7.99702	0	-3.22e-06	1.1895e-07	0	3.2222	3.2222e+06	
6700	66.6467	8.0118	0	-3.22e-06	1.1895e-07	0	3.2222	3.2222e+06	
6800	66.2467	8.02657	0	-3.22e-06	1.1895e-07	0	3.2222	3.2222e+06	
6900	65.8467	8.04135	0	-3.22e-06	1.1895e-07	0	3.2222	3.2222e+06	
7000	65.4467	8.05613	0	-3.22e-06	1.1895e-07	0	3.2222	3.2222e+06	
7100	65.0467	8.30598	0	-3.22e-06	2.01132e-06	0	3.79655	3.79655e+06	
7200	64.6467	8.55583	0	-3.22e-06	2.01132e-06	0	3.79655	3.79655e+06	
7300	64.2467	8.80569	0	-3.22e-06	2.01132e-06	0	3.79655	3.79655e+06	
7400	63.8467	9.05554	0	-3.22e-06	2.01132e-06	0	3.79655	3.79655e+06	
7500	63.4467	9.30539	0	-3.22e-06	2.01132e-06	0	3.79655	3.79655e+06	
7600	63.0467	9.38932	0	-3.22e-06	6.75636e-07	0	3.29012	3.29012e+06	
7700	62.6467	9.47325	0	-3.22e-06	6.75636e-07	0	3.29012	3.29012e+06	
7800	62.2467	9.55718	0	-3.22e-06	6.75636e-07	0	3.29012	3.29012e+06	
7900	61.8467	9.64111	0	-3.22e-06	6.75636e-07	0	3.29012	3.29012e+06	
8000	61.4467	9.72504	0	-3.22e-06	6.75636e-07	0	3.29012	3.29012e+06	
8100	61.0467	9.76064	0	-3.22e-06	2.86538e-07	0	3.23272	3.23272e+06	
8200	60.6467	9.79623	0	-3.22e-06	2.86538e-07	0	3.23272	3.23272e+06	
8300	60.2467	9.83183	0	-3.22e-06	2.86538e-07	0	3.23272	3.23272e+06	
8400	59.8467	9.86742	0	-3.22e-06	2.86538e-07	0	3.23272	3.23272e+06	
8500	59.4467	9.90302	0	-3.22e-06	2.86538e-07	0	3.23272	3.23272e+06	
8600	59.4135	9.50302	0	-2.66844e-07	-3.22e-06	0	3.23104	3.23104e+06	
8700	59.3804	9.10302	0	-2.66844e-07	-3.22e-06	0	3.23104	3.23104e+06	
8800	59.3472	8.70302	0	-2.66844e-07	-3.22e-06	0	3.23104	3.23104e+06	
8900	59.3141	8.30302	0	-2.66844e-07	-3.22e-06	0	3.23104	3.23104e+06	
9000	59.2809	7.90302	0	-2.66844e-07	-3.22e-06	0	3.23104	3.23104e+06	
9100	58.8809	7.62755	0	-3.22e-06	-2.21754e-06	0	3.90972	3.90972e+06	
9200	58.4809	7.35208	0	-3.22e-06	-2.21754e-06	0	3.90972	3.90972e+06	
9300	58.0809	7.07661	0	-3.22e-06	-2.21754e-06	0	3.90972	3.90972e+06	
9400	57.6809	6.80114	0	-3.22e-06	-2.21754e-06	0	3.90972	3.90972e+06	
9500	57.2809	6.52567	0	-3.22e-06	-2.21754e-06	0	3.90972	3.90972e+06	
9600	56.8809	6.69856	0	-3.22e-06	1.39177e-06	0	3.50791	3.50791e+06	
9700	56.4809	6.87145	0	-3.22e-06	1.39177e-06	0	3.50791	3.50791e+06	
9800	56.0809	7.04434	0	-3.22e-06	1.39177e-06	0	3.50791	3.50791e+06	
9900	55.6809	7.21723	0	-3.22e-06	1.39177e-06	0	3.50791	3.50791e+06	
10000	55.2809	7.39012	0	-3.22e-06	1.39177e-06	0	3.50791	3.50791e+06	
10100	54.8809	7.35083	0	-3.22e-06	-3.16257e-07	0	3.23549	3.23549e+06	
10200	54.4809	7.31155	0	-3.22e-06	-3.16257e-07	0	3.23549	3.23549e+06	
10300	54.0809	7.27226	0	-3.22e-06	-3.16257e-07	0	3.23549	3.23549e+06	
10400	53.7233	7.26337	0	-3.22e-06	-3.16257e-07	0	3.23549	3.23549e+06	
10500	53.5832	7.43525	0	-3.22e-06	-3.16257e-07	0	3.23549	3.23549e+06	
10600	53.3081	7.71117	0	-3.22e-06	1.15252e-06	0	3.42004	3.42004e+06	
10700	52.9665	7.94259	0	-3.22e-06	1.15252e-06	0	3.42004	3.42004e+06	
10800	52.766	8.21203	0	-3.22e-06	1.15252e-06	0	3.42004	3.42004e+06	
10900	52.5402	8.49614	0	-3.22e-06	1.15252e-06	0	3.42004	3.42004e+06	
11000	52.2453	8.75997	0	-3.22e-06	1.15252e-06	0	3.42004	3.42004e+06	
11100	51.86	9.07543	0	-3.22e-06	2.35287e-06	0	3.98803	3.98803e+06	
11200	51.4601	9.36791	0	-3.22e-06	2.35287e-06	0	3.98803	3.98803e+06	
11300	51.0601	9.6602	0	-3.22e-06	2.35287e-06	0	3.98803	3.98803e+06	
11400	50.6601	9.95248	0	-3.22e-06	2.35287e-06	0	3.98803	3.98803e+06	
11500	50.2601	10.2448	0	-3.22e-06	2.35287e-06	0	3.98803	3.98803e+06	
11600	49.9039	10.5832	0	-2.86761e-06	2.72471e-06	0	3.95566	3.95566e+06	
11700	49.5476	10.9217	0	-2.86761e-06	2.72471e-06	0	3.95566	3.95566e+06	
11800	49.1914	11.2602	0	-2.86761e-06	2.72471e-06	0	3.95566	3.95566e+06	
11900	48.8352	11.5987	0	-2.86761e-06	2.72471e-06	0	3.95566	3.95566e+06	
12000	48.479	11.9371	0	-2.86761e-06	2.72471e-06	0	3.95566	3.95566e+06	
12100	48.163	12.3371	0	-2.54375e-06	3.22e-06	0	4.10354	4.10354e+06	
12200	47.847	12.7371	0	-2.54375e-06	3.22e-06	0	4.10354	4.10354e+06	
12300	47.531	13.1371	0	-2.54375e-06	3.22e-06	0	4.10354	4.10354e+06	
12400	47.215	13.5371	0	-2.54375e-06	3.22e-06	0	4.10354	4.10354e+06	
12500	46.899	13.9371	0	-2.54375e-06	3.22e-06	0	4.10354	4.10354e+06	
12600	46.5493	13.6914	0	-2.81492e-06	-1.97825e-06	0	3.44053	3.44053e+06	
12700	46.1996	13.4456	0	-2.81492e-06	-1.97825e-06	0	3.44053	3.44053e+06	
12800	45.8499	13.1999	0	-2.81492e-06	-1.97825e-06	0	3.44053	3.44053e+06	
12900	45.5003	12.9541	0	-2.81492e-06	-1.97825e-06	0	3.44053	3.44053e+06	
13000	45.1506	12.7084	0	-2.81492e-06	-1.97825e-06	0	3.44053	3.44053e+06	
13100	44.9208	13.0513	0	-1.84958e-06	2.76024e-06	0	3.32263	3.32263e+06	
13200	44.6911	13.3942	0	-1.84958e-06	2.76024e-06	0	3.32263	3.32263e+06	
13300	44.4613	13.7371	0	-1.84958e-06	2.76024e-06	0	3.32263	3.32263e+06	
13400	44.2315	14.0799	0	-1.84958e-06	2.76024e-06	0	3.32263	3.32263e+06	
13500	44.0018	14.4228	0	-1.84958e-06	2.76024e-06	0	3.32263	3.32263e+06	
13600	43.847	14.6616	0	-1.24614e-06	1.92249e-06	0	2.29104	2.29104e+06	
13700	43.6922	14.9005	0	-1.24614e-06	1.92249e-06	0	2.29104	2.29104e+06	
13800	43.5374	15.1393	0	-1.24614e-06	1.92249e-06	0	2.29104	2.29104e+06	
13900	43.3826	15.3781	0	-1.24614e-06	1.92249e-06	0	2.29104	2.29104e+06	
14000	43.2278	15.6169	0	-1.24614e-06	1.92249e-06	0	2.29104	2.29104e+06	
14100	43.1828	15.498	0	-3.62141e-07	-9.57613e-07	0	1.0238	1.0238e+06	
14200	43.1378	15.379	0	-3.62141e-07	-9.57613e-07	0	1.0238	1.0238e+06	
14300	43.0928	15.26	0	-3.62141e-07	-9.57613e-07	0	1.0238	1.0238e+06	
14400	43.0478	15.1411	0	-3.62141e-07	-9.57613e-07	0	1.0238	1.0238e+06	
14500	43.0028	15.0221	0	-3.62141e-07	-9.57613e-07	0	1.0238	1.0238e+06	
14600	43.0377	14.8211	0	2.80497e-07	-1.61792e-06	0	1.64205	1.64205e+06	
14700	43.0725	14.6202	0	2.80497e-07	-1.61792e-06	0	1.64205	1.64205e+06	
14800	43.1074	14.4192	0	2.80497e-07	-1.61792e-06	0	1.64205	1.64205e+06	
14900	43.1422	14.2182	0	2.80497e-07	-1.61792e-06	0	1.64205	1.64205e+06	
15000	43.1771	14.0172	0	2.80497e-07	-1.61792e-06	0	1.64205	1.64205e+06	
15100	43.1157	14.3793	0	-4.94409e-07	2.91447e-06	0	2.95611	2.95611e+06	
15200	43.0542	14.7413	0	-4.94409e-07	2.91447e-06	0	2.95611	2.95611e+06	
15300	42.9928	15.1034	0	-4.94409e-07	2.91447e-06	0	2.95611	2.95611e+06	
15400	42.9314	15.4654	0	-4.94409e-07	2.91447e-06	0	2.95611	2.95611e+06	
15500	42.87	15.8274	0	-4.94409e-07	2.91447e-06	0	2.95611	2.95611e+06	
15600	42.9098	16.2014	0	3.20848e-07	3.01046e-06	0	3.02751	3.02751e+06	
15700	42.9497	16.5754	0	3.20848e-07	3.01046e-06	0	3.02751	3.02751e+06	
15800	42.9896	16.9494	0	3.20848e-07	3.01046e-06	0	3.02751	3.02751e+06	
15900	43.0294	17.3233	0	3.20848e-07	3.01046e-06	0	3.02751	3.02751e+06	
16000	43.0693	17.6973	0	3.20848e-07	3.01046e-06	0	3.02751	3.02751e+06	
16100	43.1033	17.8169	0	2.74228e-07	9.62628e-07	0	1.00093	1.00093e+06	
16200	43.1374	17.9365	0	2.74228e-07	9.62628e-07	0	1.00093	1.00093e+06	
16300	43.1715	18.056	0	2.74228e-07	9.62628e-07	0	1.00093	1.00093e+06	
16400	43.2055	18.1756	0	2.74228e-07	9.62628e-07	0	1.00093	1.00093e+06	
16500	43.2396	18.2952	0	2.74228e-07	9.62628e-07	0	1.00093	1.00093e+06	
16600	43.3546	18.5007	0	9.258e-07	1.65457e-06	0	1.89597	1.89597e+06	
16700	43.4696	18.7063	0	9.258e-07	1.65457e-06	0	1.89597	1.89597e+06	
16800	43.5846	18.9118	0	9.258e-07	1.65457e-06	0	1.89597	1.89597e+06	
16900	43.6996	19.1173	0	9.258e-07	1.65457e-06	0	1.89597	1.89597e+06	
17000	43.8146	19.3229	0	9.258e-07	1.65457e-06	0	1.89597	1.89597e+06	
17100	44.0373	19.2147	0	1.79241e-06	-8.70796e-07	0	1.99274	1.99274e+06	
17200	44.2599	19.1065	0	1.79241e-06	-8.70796e-07	0	1.99274	1.99274e+06	
17300	44.4826	18.9984	0	1.79241e-06	-8.70796e-07	0	1.99274	1.99274e+06	
17400	44.7053	18.8902	0	1.79241e-06	-8.70796e-07	0	1.99274	1.99274e+06	
17500	44.9279	18.782	0	1.79241e-06	-8.70796e-07	0	1.99274	1.99274e+06	
17600	44.8024	18.5069	0	-1.01051e-06	-2.21436e-06	0	2.43403	2.43403e+06	
17700	44.6769	18.2319	0	-1.01051e-06	-2.21436e-06	0	2.43403	2.43403e+06	
17800	44.5513	17.9568	0	-1.01051e-06	-2.21436e-06	0	2.43403	2.43403e+06	
17900	44.4258	17.6817	0	-1.01051e-06	-2.21436e-06	0	2.43403	2.43403e+06	
18000	44.3003	17.4066	0	-1.01051e-06	-2.21436e-06	0	2.43403	2.43403e+06	
18100	44.0853	17.2013	0	-1.73084e-06	-1.65274e-06	0	2.39319	2.39319e+06	
18200	43.8703	16.996	0	-1.73084e-06	-1.65274e-06	0	2.39319	2.39319e+06	
18300	43.6552	16.7907	0	-1.73084e-06	-1.65274e-06	0	2.39319	2.39319e+06	
18400	43.4402	16.5854	0	-1.73084e-06	-1.65274e-06	0	2.39319	2.39319e+06	
18500	43.2252	16.3801	0	-1.73084e-06	-1.65274e-06	0	2.39319	2.39319e+06	
18600	43.3412	16.3517	0	9.3388e-07	-2.28839e-07	0	0.961508	961508	
18700	43.4572	16.3232	0	9.3388e-07	-2.28839e-07	0	0.961508	961508	
18800	43.5732	16.2948	0	9.3388e-07	-2.28839e-07	0	0.961508	961508	
18900	43.6893	16.2664	0	9.3388e-07	-2.28839e-07	0	0.961508	961508	
19000	43.8053	16.238	0	9.3388e-07	-2.28839e-07	0	0.961508	961508	
19100	44.2053	16.2396	0	3.22e-06	1.30017e-08	0	3.22003	3.22003e+06	
19200	44.6053	16.2412	0	3.22e-06	1.30017e-08	0	3.22003	3.22003e+06	
19300	45.0053	16.2428	0	3.22e-06	1.30017e-08	0	3.22003	3.22003e+06	
19400	45.4053	16.2444	0	3.22e-06	1.30017e-08	0	3.22003	3.22003e+06	
19500	45.8053	16.246	0	3.22e-06	1.30017e-08	0	3.22003	3.22003e+06	
19600	46.2053	16.1596	0	3.22e-06	-6.9569e-07	0	3.2943	3.2943e+06	
19700	46.6053	16.0732	0	3.22e-06	-6.9569e-07	0	3.2943	3.2943e+06	
19800	47.0053	15.9868	0	3.22e-06	-6.9569e-07	0	3.2943	3.2943e+06	
19900	47.4053	15.9003	0	3.22e-06	-6.9569e-07	0	3.2943	3.2943e+06	
20000	47.8053	15.8139	0	3.22e-06	-6.9569e-07	0	3.2943	3.2943e+06	
20100	47.9571	15.4797	0	1.22236e-06	-2.69086e-06	0	2.95548	2.95548e+06	
20200	48.109	15.1454	0	1.22236e-06	-2.69086e-06	0	2.95548	2.95548e+06	
20300	48.2608	14.8111	0	1.22236e-06	-2.69086e-06	0	2.95548	2.95548e+06	
20400	48.4127	14.4769	0	1.22236e-06	-2.69086e-06	0	2.95548	2.95548e+06	
20500	48.5645	14.1426	0	1.22236e-06	-2.69086e-06	0	2.95548	2.95548e+06	
20600	48.6748	13.7426	0	8.878e-07	-3.22e-06	0	3.34015	3.34015e+06	
20700	48.7851	13.3426	0	8.878e-07	-3.22e-06	0	3.34015	3.34015e+06	
20800	48.8954	12.9426	0	8.878e-07	-3.22e-06	0	3.34015	3.34015e+06	
20900	49.0056	12.5426	0	8.878e-07	-3.22e-06	0	3.34015	3.34015e+06	
21000	49.1159	12.1426	0	8.878e-07	-3.22e-06	0	3.34015	3.34015e+06	
21100	48.7652	11.8295	0	-2.82354e-06	-2.52029e-06	0	3.78474	3.78474e+06	
21200	48.4144	11.5164	0	-2.82354e-06	-2.52029e-06	0	3.78474	3.78474e+06	
21300	48.0637	11.2033	0	-2.82354e-06	-2.52029e-06	0	3.78474	3.78474e+06	
21400	47.7129	10.8903	0	-2.82354e-06	-2.52029e-06	0	3.78474	3.78474e+06	
21500	47.3622	10.5772	0	-2.82354e-06	-2.52029e-06	0	3.78474	3.78474e+06	
21600	46.977	10.9203	0	-3.10058e-06	2.7617e-06	0	4.15218	4.15218e+06	
21700	46.5918	11.2633	0	-3.10058e-06	2.7617e-06	0	4.15218	4.15218e+06	
21800	46.2067	11.6064	0	-3.10058e-06	2.7617e-06	0	4.15218	4.15218e+06	
21900	45.8215	11.9495	0	-3.10058e-06	2.7617e-06	0	4.15218	4.15218e+06	
22000	45.4363	12.2925	0	-3.10058e-06	2.7617e-06	0	4.15218	4.15218e+06	
22100	45.0363	12.6925	0	-3.22e-06	3.22e-06	0	4.55377	4.55377e+06	
22200	44.6363	13.0925	0	-3.22e-06	3.22e-06	0	4.55377	4.55377e+06	
22300	44.2363	13.4925	0	-3.22e-06	3.22e-06	0	4.55377	4.55377e+06	
22400	43.8363	13.8925	0	-3.22e-06	3.22e-06	0	4.55377	4.55377e+06	
22500	43.4363	14.2925	0	-3.22e-06	3.22e-06	0	4.55377	4.55377e+06	
22600	43.0907	14.6097	0	-2.78277e-06	2.55358e-06	0	3.77684	3.77684e+06	
22700	42.745	14.927	0	-2.78277e-06	2.55358e-06	0	3.77684	3.77684e+06	
22800	42.3993	15.2442	0	-2.78277e-06	2.55358e-06	0	3.77684	3.77684e+06	
22900	42.0536	15.5614	0	-2.78277e-06	2.55358e-06	0	3.77684	3.77684e+06	
23000	41.7079	15.8786	0	-2.78277e-06	2.55358e-06	0	3.77684	3.77684e+06	
23100	41.3079	16.1141	0	-3.22e-06	1.8954e-06	0	3.73643	3.73643e+06	
23200	40.9079	16.3495	0	-3.22e-06	1.8954e-06	0	3.73643	3.73643e+06	
23300	40.5079	16.585	0	-3.22e-06	1.8954e-06	0	3.73643	3.73643e+06	
23400	40.1079	16.8204	0	-3.22e-06	1.8954e-06	0	3.73643	3.73643e+06	
23500	39.7079	17.0559	0	-3.22e-06	1.8954e-06	0	3.73643	3.73643e+06	
23600	39.3079	17.4559	0	-3.22e-06	3.22e-06	0	4.55377	4.55377e+06	
23700	38.908	17.8558	0	-3.22e-06	3.22e-06	0	4.55377	4.55377e+06	
23800	38.8952	18.03	0	-3.22e-06	3.22e-06	0	4.55377	4.55377e+06	
23900	38.925	18.0708	0	-3.22e-06	3.22e-06	0	4.55377	4.55377e+06	
24000	38.927	18.0728	0	-3.22e-06	3.22e-06	0	4.55377	4.55377e+06	
24100	38.9271	18.0729	0	-3.22e-06	3.22e-06	0	4.55377	4.55377e+06	
24200	38.9271	18.0729	0	-3.22e-06	3.22e-06	0	4.55377	4.55377e+06	
24300	38.9271	18.0729	0	-3.22e-06	3.22e-06	0	4.55377	4.55377e+06	
24400	38.9271	18.0729	0	-3.22e-06	3.22e-06	0	4.55377	4.55377e+06	
24500	38.9271	18.0729	0	-3.22e-06	3.22e-06	0	4.55377	4.55377e+06	
24600	38.9584	18.0939	0	-2.15154e-06	3.22e-06	0	3.87267	3.87267e+06	
24700	38.9635	18.0974	0	-2.15154e-06	3.22e-06	0	3.87267	3.87267e+06	
24800	38.9647	18.0982	0	-2.15154e-06	3.22e-06	0	3.87267	3.87267e+06	
24900	38.9651	18.0984	0	-2.15154e-06	3.22e-06	0	3.87267	3.87267e+06	
25000	38.9651	18.0984	0	-2.15154e-06	3.22e-06	0	3.87267	3.87267e+06	
25100	38.9528	18.0784	0	-1.62057e-06	1.88963e-06	0	2.48937	2.48937e+06	
25200	38.9484	18.0749	0	-1.62057e-06	1.88963e-06	0	2.48937	2.48937e+06	
25300	38.9474	18.0741	0	-1.62057e-06	1.88963e-06	0	2.48937	2.48937e+06	
25400	38.9472	18.0739	0	-1.62057e-06	1.88963e-06	0	2.48937	2.48937e+06	
25500	38.9471	18.0739	0	-1.62057e-06	1.88963e-06	0	2.48937	2.48937e+06	
25600	38.9196	18.0614	0	-3.11445e-06	2.64246e-06	0	4.08441	4.08441e+06	
25700	38.9182	18.0597	0	-3.11445e-06	2.64246e-06	0	4.08441	4.08441e+06	
25800	38.9181	18.0596	0	-3.11445e-06	2.64246e-06	0	4.08441	4.08441e+06	
25900	38.9181	18.0596	0	-3.11445e-06	2.64246e-06	0	4.08441	4.08441e+06	
26000	38.9181	18.0596	0	-3.11445e-06	2.64246e-06	0	4.08441	4.08441e+06	
26100	38.893	18.0187	0	-3.22e-06	1.73131e-06	0	3.65593	3.65593e+06	
26200	38.883	18.0016	0	-3.22e-06	1.73131e-06	0	3.65593	3.65593e+06	
26300	38.8761	17.9896	0	-3.22e-06	1.73131e-06	0	3.65593	3.65593e+06	
26400	38.8703	17.9793	0	-3.22e-06	1.73131e-06	0	3.65593	3.65593e+06	
26500	38.8648	17.9696	0	-3.22e-06	1.73131e-06	0	3.65593	3.65593e+06	
26600	38.9186	18.0636	0	-3.22e-06	3.22e-06	0	4.55377	4.55377e+06	
26700	38.9267	18.0725	0	-3.22e-06	3.22e-06	0	4.55377	4.55377e+06	
26800	38.9271	18.0729	0	-3.22e-06	3.22e-06	0	4.55377	4.55377e+06	
26900	38.9271	18.0729	0	-3.22e-06	3.22e-06	0	4.55377	4.55377e+06	
27000	38.9271	18.0729	0	-3.22e-06	3.22e-06	0	4.55377	4.55377e+06	
27100	38.9271	18.0729	0	-3.22e-06	3.22e-06	0	4.55377	4.55377e+06	
27200	38.9271	18.0729	0	-3.22e-06	3.22e-06	0	4.55377	4.55377e+06	
27300	38.9271	18.0729	0	-3.22e-06	3.22e-06	0	4.55377	4.55377e+06	
27400	38.9271	18.0729	0	-3.22e-06	3.22e-06	0	4.55377	4.55377e+06	
27500	38.9271	18.0729	0	-3.22e-06	3.22e-06	0	4.55377	4.55377e+06	
27600	38.9271	18.0729	0	-3.22e-06	3.22e-06	0	4.55377	4.55377e+06	
27700	38.9271	18.0729	0	-3.22e-06	3.22e-06	0	4.55377	4.55377e+06	
27800	38.9271	18.0729	0	-3.22e-06	3.22e-06	0	4.55377	4.55377e+06	
27900	38.9271	18.0729	0	-3.22e-06	3.22e-06	0	4.55377	4.55377e+06	
28000	38.9271	18.0729	0	-3.22e-06	3.22e-06	0	4.55377	4.55377e+06	
28100	38.9271	18.0729	0	-3.22e-06	3.22e-06	0	4.55377	4.55377e+06	
28200	38.9271	18.0729	0	-3.22e-06	3.22e-06	0	4.55377	4.55377e+06	
28300	38.9271	18.0729	0	-3.22e-06	3.22e-06	0	4.55377	4.55377e+06	
28400	38.9271	18.0729	0	-3.22e-06	3.22e-06	0	4.55377	4.55377e+06	
28500	38.9271	18.0729	0	-3.22e-06	3.22e-06	0	4.55377	4.55377e+06	
28600	38.9218	18.0659	0	-3.22e-06	2.92027e-06	0	4.347	4.347e+06	
28700	38.9215	18.0655	0	-3.22e-06	2.92027e-06	0	4.347	4.347e+06	
28800	38.9215	18.0655	0	-3.22e-06	2.92027e-06	0	4.347	4.347e+06	
28900	38.9215	18.0655	0	-3.22e-06	2.92027e-06	0	4.347	4.347e+06	
29000	38.9215	18.0655	0	-3.22e-06	2.92027e-06	0	4.347	4.347e+06	
29100	38.8901	17.9981	0	-2.343e-06	8.8546e-07	0	2.50473	2.50473e+06	
29200	38.8655	17.9549	0	-2.343e-06	8.8546e-07	0	2.50473	2.50473e+06	
29300	38.8397	17.9104	0	-2.343e-06	8.8546e-07	0	2.50473	2.50473e+06	
29400	38.8095	17.8609	0	-2.343e-06	8.8546e-07	0	2.50473	2.50473e+06	
29500	38.7732	17.805	0	-2.343e-06	8.8546e-07	0	2.50473	2.50473e+06	
29600	38.6738	17.651	0	-2.02215e-06	-3.44548e-07	0	2.05129	2.05129e+06	
29700	38.5441	17.5011	0	-2.02215e-06	-3.44548e-07	0	2.05129	2.05129e+06	
29800	38.3906	17.354	0	-2.02215e-06	-3.44548e-07	0	2.05129	2.05129e+06	
29900	38.2131	17.2146	0	-2.02215e-06	-3.44548e-07	0	2.05129	2.05129e+06	
30000	38.0136	17.0879	0	-2.02215e-06	-3.44548e-07	0	2.05129	2.05129e+06	
30100	38.0166	16.6835	0	1.02489e-09	-3.22e-06	0	3.22	3.22e+06	
30200	38.0168	16.2835	0	1.02489e-09	-3.22e-06	0	3.22	3.22e+06	
30300	38.0169	15.8835	0	1.02489e-09	-3.22e-06	0	3.22	3.22e+06	
30400	38.017	15.4835	0	1.02489e-09	-3.22e-06	0	3.22	3.22e+06	
30500	38.0171	15.0835	0	1.02489e-09	-3.22e-06	0	3.22	3.22e+06	
30600	38.0291	14.6835	0	9.60153e-08	-3.22e-06	0	3.22143	3.22143e+06	
30700	38.041	14.2835	0	9.60153e-08	-3.22e-06	0	3.22143	3.22143e+06	
30800	38.0529	13.8835	0	9.60153e-08	-3.22e-06	0	3.22143	3.22143e+06	
30900	38.0649	13.4835	0	9.60153e-08	-3.22e-06	0	3.22143	3.22143e+06	
31000	38.0768	13.0835	0	9.60153e-08	-3.22e-06	0	3.22143	3.22143e+06	
31100	38.2863	12.6835	0	1.68687e-06	-3.22e-06	0	3.6351	3.6351e+06	
31200	38.4959	12.2835	0	1.68687e-06	-3.22e-06	0	3.6351	3.6351e+06	
31300	38.7054	11.8835	0	1.68687e-06	-3.22e-06	0	3.6351	3.6351e+06	
31400	38.915	11.4835	0	1.68687e-06	-3.22e-06	0	3.6351	3.6351e+06	
31500	39.1245	11.0835	0	1.68687e-06	-3.22e-06	0	3.6351	3.6351e+06	
31600	39.5245	10.8766	0	3.22e-06	-1.66511e-06	0	3.62505	3.62505e+06	
31700	39.9245	10.6698	0	3.22e-06	-1.66511e-06	0	3.62505	3.62505e+06	
31800	40.3245	10.463	0	3.22e-06	-1.66511e-06	0	3.62505	3.62505e+06	
31900	40.7245	10.2561	0	3.22e-06	-1.66511e-06	0	3.62505	3.62505e+06	
32000	41.1245	10.0493	0	3.22e-06	-1.66511e-06	0	3.62505	3.62505e+06	
32100	41.5245	9.64926	0	3.22e-06	-3.22e-06	0	4.55377	4.55377e+06	
32200	41.9245	9.24926	0	3.22e-06	-3.22e-06	0	4.55377	4.55377e+06	
32300	42.3245	8.84926	0	3.22e-06	-3.22e-06	0	4.55377	4.55377e+06	
32400	42.7245	8.44926	0	3.22e-06	-3.22e-06	0	4.55377	4.55377e+06	
32500	43.1245	8.04926	0	3.22e-06	-3.22e-06	0	4.55377	4.55377e+06	
32600	43.0117	7.64926	0	-9.08367e-07	-3.22e-06	0	3.34567	3.34567e+06	
32700	42.8988	7.24926	0	-9.08367e-07	-3.22e-06	0	3.34567	3.34567e+06	
32800	42.7857	6.84968	0	-9.08367e-07	-3.22e-06	0	3.34567	3.34567e+06	
32900	42.5612	6.58979	0	-9.08367e-07	-3.22e-06	0	3.34567	3.34567e+06	
33000	42.3057	6.32428	0	-9.08367e-07	-3.22e-06	0	3.34567	3.34567e+06	
33100	42.202	6.14758	0	1.70375e-06	-3.22e-06	0	3.64296	3.64296e+06	
33200	42.0832	5.94971	0	1.70375e-06	-3.22e-06	0	3.64296	3.64296e+06	
33300	42.0245	5.8966	0	1.70375e-06	-3.22e-06	0	3.64296	3.64296e+06	
33400	42.003	5.88382	0	1.70375e-06	-3.22e-06	0	3.64296	3.64296e+06	
33500	41.9883	5.87547	0	1.70375e-06	-3.22e-06	0	3.64296	3.64296e+06	
33600	41.9147	5.83528	0	1.07936e-06	-3.22e-06	0	3.39609	3.39609e+06	
33700	41.8318	5.78388	0	1.07936e-06	-3.22e-06	0	3.39609	3.39609e+06	
33800	41.735	5.71697	0	1.07936e-06	-3.22e-06	0	3.39609	3.39609e+06	
33900	41.6233	5.62934	0	1.07936e-06	-3.22e-06	0	3.39609	3.39609e+06	
34000	41.497	5.51463	0	1.07936e-06	-3.22e-06	0	3.39609	3.39609e+06	
34100	41.3655	5.37237	0	1.18703e-06	-3.22e-06	0	3.43183	3.43183e+06	
34200	41.2261	5.18915	0	1.18703e-06	-3.22e-06	0	3.43183	3.43183e+06	
34300	41.0883	4.95651	0	1.18703e-06	-3.22e-06	0	3.43183	3.43183e+06	
34400	40.9664	4.6688	0	1.18703e-06	-3.22e-06	0	3.43183	3.43183e+06	
34500	40.8795	4.32634	0	1.18703e-06	-3.22e-06	0	3.43183	3.43183e+06	
34600	40.5456	3.92811	0	-2.58743e-06	-3.22e-06	0	4.13076	4.13076e+06	
34700	40.2242	3.52811	0	-2.58743e-06	-3.22e-06	0	4.13076	4.13076e+06	
34800	39.9028	3.12811	0	-2.58743e-06	-3.22e-06	0	4.13076	4.13076e+06	
34900	39.5814	2.72811	0	-2.58743e-06	-3.22e-06	0	4.13076	4.13076e+06	
35000	39.2599	2.32811	0	-2.58743e-06	-3.22e-06	0	4.13076	4.13076e+06	
35100	38.9252	2.13191	0	-2.70664e-06	-3.22e-06	0	4.20646	4.20646e+06	
35200	38.5506	2.09247	0	-2.70664e-06	-3.22e-06	0	4.20646	4.20646e+06	
35300	38.2579	2.1153	0	-2.70664e-06	-3.22e-06	0	4.20646	4.20646e+06	
35400	37.9432	2.13231	0	-2.70664e-06	-3.22e-06	0	4.20646	4.20646e+06	
35500	37.5701	2.09518	0	-2.70664e-06	-3.22e-06	0	4.20646	4.20646e+06	
35600	37.3897	2.14326	0	-1.443e-06	-1.69523e-07	0	1.45292	1.45292e+06	
35700	37.2163	2.1667	0	-1.443e-06	-1.69523e-07	0	1.45292	1.45292e+06	
35800	37.0393	2.18309	0	-1.443e-06	-1.69523e-07	0	1.45292	1.45292e+06	
35900	36.8596	2.18794	0	-1.443e-06	-1.69523e-07	0	1.45292	1.45292e+06	
36000	36.6788	2.18205	0	-1.443e-06	-1.69523e-07	0	1.45292	1.45292e+06	
36100	36.6296	2.10496	0	-8.00905e-08	-2.72254e-06	0	2.72372	2.72372e+06	
36200	36.5715	2.09621	0	-8.00905e-08	-2.72254e-06	0	2.72372	2.72372e+06	
36300	36.5289	2.09155	0	-8.00905e-08	-2.72254e-06	0	2.72372	2.72372e+06	
36400	36.5064	2.0905	0	-8.00905e-08	-2.72254e-06	0	2.72372	2.72372e+06	
36500	36.496	2.09045	0	-8.00905e-08	-2.72254e-06	0	2.72372	2.72372e+06	
36600	36.5853	2.12942	0	7.67341e-07	-4.79858e-07	0	0.905028	905028	
36700	36.67	2.14186	0	7.67341e-07	-4.79858e-07	0	0.905028	905028	
36800	36.7561	2.15368	0	7.67341e-07	-4.79858e-07	0	0.905028	905028	
36900	36.845	2.16285	0	7.67341e-07	-4.79858e-07	0	0.905028	905028	
37000	36.937	2.16862	0	7.67341e-07	-4.79858e-07	0	0.905028	905028	
37100	36.9592	2.39779	0	1.79688e-07	1.80222e-06	0	1.81115	1.81115e+06	
37200	36.9815	2.62167	0	1.79688e-07	1.80222e-06	0	1.81115	1.81115e+06	
37300	37.0039	2.84555	0	1.79688e-07	1.80222e-06	0	1.81115	1.81115e+06	
37400	37.0262	3.06943	0	1.79688e-07	1.80222e-06	0	1.81115	1.81115e+06	
37500	37.0485	3.2933	0	1.79688e-07	1.80222e-06	0	1.81115	1.81115e+06	
37600	36.9443	3.4371	0	-8.39061e-07	1.15756e-06	0	1.42968	1.42968e+06	
37700	36.84	3.5809	0	-8.39061e-07	1.15756e-06	0	1.42968	1.42968e+06	
37800	36.7358	3.72469	0	-8.39061e-07	1.15756e-06	0	1.42968	1.42968e+06	
37900	36.6316	3.86849	0	-8.39061e-07	1.15756e-06	0	1.42968	1.42968e+06	
38000	36.5273	4.01229	0	-8.39061e-07	1.15756e-06	0	1.42968	1.42968e+06	
38100	36.6126	4.02322	0	6.86019e-07	8.79832e-08	0	0.691638	691638	
38200	36.6978	4.03415	0	6.86019e-07	8.79832e-08	0	0.691638	691638	
38300	36.783	4.04507	0	6.86019e-07	8.79832e-08	0	0.691638	691638	
38400	36.8682	4.056	0	6.86019e-07	8.79832e-08	0	0.691638	691638	
38500	36.9534	4.06693	0	6.86019e-07	8.79832e-08	0	0.691638	691638	
38600	36.978	3.69011	0	1.97955e-07	-3.03341e-06	0	3.03987	3.03987e+06	
38700	37.0026	3.31329	0	1.97955e-07	-3.03341e-06	0	3.03987	3.03987e+06	
38800	37.0272	2.93647	0	1.97955e-07	-3.03341e-06	0	3.03987	3.03987e+06	
38900	37.0518	2.55965	0	1.97955e-07	-3.03341e-06	0	3.03987	3.03987e+06	
39000	37.0764	2.18426	0	1.97955e-07	-3.03341e-06	0	3.03987	3.03987e+06	
39100	36.8887	2.21863	0	-1.51216e-06	1.72208e-07	0	1.52193	1.52193e+06	
39200	36.7007	2.24216	0	-1.51216e-06	1.72208e-07	0	1.52193	1.52193e+06	
39300	36.5128	2.2638	0	-1.51216e-06	1.72208e-07	0	1.52193	1.52193e+06	
39400	36.3249	2.28525	0	-1.51216e-06	1.72208e-07	0	1.52193	1.52193e+06	
39500	36.1371	2.30671	0	-1.51216e-06	1.72208e-07	0	1.52193	1.52193e+06	
39600	36.0519	2.22685	0	-6.85658e-07	-6.4951e-07	0	0.944452	944452	
39700	35.9667	2.17094	0	-6.85658e-07	-6.4951e-07	0	0.944452	944452	
39800	35.8789	2.16252	0	-6.85658e-07	-6.4951e-07	0	0.944452	944452	
39900	35.7881	2.15639	0	-6.85658e-07	-6.4951e-07	0	0.944452	944452	
40000	35.6946	2.14639	0	-6.85658e-07	-6.4951e-07	0	0.944452	944452	
40100	35.3885	2.12884	0	-2.45466e-06	-5.78716e-07	0	2.52195	2.52195e+06	
40200	35.0948	2.15984	0	-2.45466e-06	-5.78716e-07	0	2.52195	2.52195e+06	
40300	34.7884	2.16207	0	-2.45466e-06	-5.78716e-07	0	2.52195	2.52195e+06	
40400	34.479	2.13195	0	-2.45466e-06	-5.78716e-07	0	2.52195	2.52195e+06	
40500	34.1855	2.1518	0	-2.45466e-06	-5.78716e-07	0	2.52195	2.52195e+06	
40600	33.975	2.13868	0	-1.77671e-06	-2.38391e-06	0	2.97317	2.97317e+06	
40700	33.736	2.12442	0	-1.77671e-06	-2.38391e-06	0	2.97317	2.97317e+06	
40800	33.4861	2.09343	0	-1.77671e-06	-2.38391e-06	0	2.97317	2.97317e+06	
40900	33.3067	2.11501	0	-1.77671e-06	-2.38391e-06	0	2.97317	2.97317e+06	
41000	33.1177	2.13466	0	-1.77671e-06	-2.38391e-06	0	2.97317	2.97317e+06	
41100	32.8468	2.33965	0	-2.18835e-06	1.47759e-06	0	2.64048	2.64048e+06	
41200	32.575	2.5232	0	-2.18835e-06	1.47759e-06	0	2.64048	2.64048e+06	
41300	32.3031	2.70675	0	-2.18835e-06	1.47759e-06	0	2.64048	2.64048e+06	
41400	32.0313	2.8903	0	-2.18835e-06	1.47759e-06	0	2.64048	2.64048e+06	
41500	31.7595	3.07386	0	-2.18835e-06	1.47759e-06	0	2.64048	2.64048e+06	
41600	31.3798	3.44229	0	-3.05601e-06	2.96589e-06	0	4.2586	4.2586e+06	
41700	31.0002	3.81072	0	-3.05601e-06	2.96589e-06	0	4.2586	4.2586e+06	
41800	30.6206	4.17916	0	-3.05601e-06	2.96589e-06	0	4.2586	4.2586e+06	
41900	30.2409	4.54759	0	-3.05601e-06	2.96589e-06	0	4.2586	4.2586e+06	
42000	29.8613	4.91602	0	-3.05601e-06	2.96589e-06	0	4.2586	4.2586e+06	
42100	29.5748	5.14802	0	-2.3067e-06	1.86753e-06	0	2.96792	2.96792e+06	
42200	29.2882	5.38001	0	-2.3067e-06	1.86753e-06	0	2.96792	2.96792e+06	
42300	29.1016	5.60073	0	-2.3067e-06	1.86753e-06	0	2.96792	2.96792e+06	
42400	29.1276	5.79049	0	-2.3067e-06	1.86753e-06	0	2.96792	2.96792e+06	
42500	29.1393	6.00773	0	-2.3067e-06	1.86753e-06	0	2.96792	2.96792e+06	
42600	29.1423	5.60217	0	-7.04477e-07	-3.22e-06	0	3.29616	3.29616e+06	
42700	29.1445	5.21105	0	-7.04477e-07	-3.22e-06	0	3.29616	3.29616e+06	
42800	29.1594	4.81277	0	-7.04477e-07	-3.22e-06	0	3.29616	3.29616e+06	
42900	29.1257	4.40959	0	-7.04477e-07	-3.22e-06	0	3.29616	3.29616e+06	
43000	29.1596	4.02136	0	-7.04477e-07	-3.22e-06	0	3.29616	3.29616e+06	
43100	29.1651	4.02726	0	-6.29134e-07	3.99721e-08	0	0.630403	630403	
43200	29.1652	4.03332	0	-6.29134e-07	3.99721e-08	0	0.630403	630403	
43300	29.1651	4.0396	0	-6.29134e-07	3.99721e-08	0	0.630403	630403	
43400	29.1649	4.0461	0	-6.29134e-07	3.99721e-08	0	0.630403	630403	
43500	29.1648	4.05285	0	-6.29134e-07	3.99721e-08	0	0.630403	630403	
43600	29.1381	4.18932	0	-1.7087e-06	1.01229e-06	0	1.98605	1.98605e+06	
43700	29.121	4.33845	0	-1.7087e-06	1.01229e-06	0	1.98605	1.98605e+06	
43800	29.101	4.48739	0	-1.7087e-06	1.01229e-06	0	1.98605	1.98605e+06	
43900	29.1073	4.59505	0	-1.7087e-06	1.01229e-06	0	1.98605	1.98605e+06	
44000	29.1213	4.68698	0	-1.7087e-06	1.01229e-06	0	1.98605	1.98605e+06	
44100	29.1442	4.87235	0	-1.39405e-06	1.65602e-06	0	2.16467	2.16467e+06	
44200	29.1487	5.07556	0	-1.39405e-06	1.65602e-06	0	2.16467	2.16467e+06	
44300	29.1327	5.29437	0	-1.39405e-06	1.65602e-06	0	2.16467	2.16467e+06	
44400	29.105	5.51553	0	-1.39405e-06	1.65602e-06	0	2.16467	2.16467e+06	
44500	29.1251	5.6961	0	-1.39405e-06	1.65602e-06	0	2.16467	2.16467e+06	
44600	29.283	5.35649	0	1.14973e-06	-2.71693e-06	0	2.95018	2.95018e+06	
44700	29.4259	5.01898	0	1.14973e-06	-2.71693e-06	0	2.95018	2.95018e+06	
44800	29.5687	4.68148	0	1.14973e-06	-2.71693e-06	0	2.95018	2.95018e+06	
44900	29.7115	4.34397	0	1.14973e-06	-2.71693e-06	0	2.95018	2.95018e+06	
45000	29.8543	4.00646	0	1.14973e-06	-2.71693e-06	0	2.95018	2.95018e+06	
45100	29.7493	4.27279	0	-8.45261e-07	2.14392e-06	0	2.30453	2.30453e+06	
45200	29.6443	4.53911	0	-8.45261e-07	2.14392e-06	0	2.30453	2.30453e+06	
45300	29.5393	4.80544	0	-8.45261e-07	2.14392e-06	0	2.30453	2.30453e+06	
45400	29.4343	5.07176	0	-8.45261e-07	2.14392e-06	0	2.30453	2.30453e+06	
45500	29.3293	5.33809	0	-8.45261e-07	2.14392e-06	0	2.30453	2.30453e+06	
45600	29.1001	5.63597	0	-3.21065e-06	2.56951e-06	0	4.11226	4.11226e+06	
45700	29.1301	5.90907	0	-3.21065e-06	2.56951e-06	0	4.11226	4.11226e+06	
45800	29.1212	6.24001	0	-3.21065e-06	2.56951e-06	0	4.11226	4.11226e+06	
45900	29.0919	6.58017	0	-3.21065e-06	2.56951e-06	0	4.11226	4.11226e+06	
46000	29.126	6.84434	0	-3.21065e-06	2.56951e-06	0	4.11226	4.11226e+06	
46100	29.1282	7.15497	0	-3.22e-06	2.51515e-06	0	4.08588	4.08588e+06	
46200	29.073	7.52082	0	-3.22e-06	2.51515e-06	0	4.08588	4.08588e+06	
46300	28.9337	7.92491	0	-3.22e-06	2.51515e-06	0	4.08588	4.08588e+06	
46400	28.6922	8.33335	0	-3.22e-06	2.51515e-06	0	4.08588	4.08588e+06	
46500	28.355	8.70548	0	-3.22e-06	2.51515e-06	0	4.08588	4.08588e+06	
46600	27.9595	9.11168	0	-3.22e-06	3.22e-06	0	4.55377	4.55377e+06	
46700	27.5595	9.51169	0	-3.22e-06	3.22e-06	0	4.55377	4.55377e+06	
46800	27.1595	9.91169	0	-3.22e-06	3.22e-06	0	4.55377	4.55377e+06	
46900	26.7595	10.3117	0	-3.22e-06	3.22e-06	0	4.55377	4.55377e+06	
47000	26.3595	10.7117	0	-3.22e-06	3.22e-06	0	4.55377	4.55377e+06	
47100	25.9595	11.1117	0	-3.22e-06	3.22e-06	0	4.55377	4.55377e+06	
47200	25.5595	11.5117	0	-3.22e-06	3.22e-06	0	4.55377	4.55377e+06	
47300	25.1595	11.9117	0	-3.22e-06	3.22e-06	0	4.55377	4.55377e+06	
47400	24.7595	12.3117	0	-3.22e-06	3.22e-06	0	4.55377	4.55377e+06	
47500	24.3595	12.7117	0	-3.22e-06	3.22e-06	0	4.55377	4.55377e+06	
47600	23.9595	13.1117	0	-3.22e-06	3.22e-06	0	4.55377	4.55377e+06	
47700	23.5595	13.5117	0	-3.22e-06	3.22e-06	0	4.55377	4.55377e+06	
47800	23.1595	13.9117	0	-3.22e-06	3.22e-06	0	4.55377	4.55377e+06	
47900	22.7595	14.3117	0	-3.22e-06	3.22e-06	0	4.55377	4.55377e+06	
48000	22.3595	14.7117	0	-3.22e-06	3.22e-06	0	4.55377	4.55377e+06	
48100	21.9595	15.0504	0	-3.22e-06	2.72704e-06	0	4.21961	4.21961e+06	
48200	21.5595	15.3892	0	-3.22e-06	2.72704e-06	0	4.21961	4.21961e+06	
48300	21.1595	15.728	0	-3.22e-06	2.72704e-06	0	4.21961	4.21961e+06	
48400	20.7595	16.0667	0	-3.22e-06	2.72704e-06	0	4.21961	4.21961e+06	
48500	20.3595	16.4055	0	-3.22e-06	2.72704e-06	0	4.21961	4.21961e+06	
48600	20.0189	16.8055	0	-2.74161e-06	3.22e-06	0	4.22905	4.22905e+06	
48700	19.6783	17.2055	0	-2.74161e-06	3.22e-06	0	4.22905	4.22905e+06	
48800	19.3378	17.6055	0	-2.74161e-06	3.22e-06	0	4.22905	4.22905e+06	
48900	18.9972	18.0055	0	-2.74161e-06	3.22e-06	0	4.22905	4.22905e+06	
49000	18.6566	18.4055	0	-2.74161e-06	3.22e-06	0	4.22905	4.22905e+06	
49100	18.4213	18.8055	0	-1.89435e-06	3.22e-06	0	3.7359	3.7359e+06	
49200	18.186	19.2055	0	-1.89435e-06	3.22e-06	0	3.7359	3.7359e+06	
49300	17.9507	19.6055	0	-1.89435e-06	3.22e-06	0	3.7359	3.7359e+06	
49400	17.7153	20.0055	0	-1.89435e-06	3.22e-06	0	3.7359	3.7359e+06	
49500	17.48	20.4055	0	-1.89435e-06	3.22e-06	0	3.7359	3.7359e+06	
49600	17.1825	20.8055	0	-2.3946e-06	3.22e-06	0	4.0128	4.0128e+06	
49700	16.8851	21.2055	0	-2.3946e-06	3.22e-06	0	4.0128	4.0128e+06	
49800	16.6043	21.5907	0	-2.3946e-06	3.22e-06	0	4.0128	4.0128e+06	
49900	16.6742	21.6848	0	-2.3946e-06	3.22e-06	0	4.0128	4.0128e+06	
50000	16.7605	21.8018	0	-2.3946e-06	3.22e-06	0	4.0128	4.0128e+06	
