0	65	59	0	3.19244e-07	2.8245e-06	0	2.84248	2.84248e+06	
100	65.4	59.3103	0	3.22e-06	2.49814e-06	0	4.07543	4.07543e+06	
200	65.8	59.6207	0	3.22e-06	2.49814e-06	0	4.07543	4.07543e+06	
300	66.2	59.931	0	3.22e-06	2.49814e-06	0	4.07543	4.07543e+06	
400	66.6	60.2413	0	3.22e-06	2.49814e-06	0	4.07543	4.07543e+06	
500	67	60.5516	0	3.22e-06	2.49814e-06	0	4.07543	4.07543e+06	
600	67.4	60.5734	0	3.22e-06	1.75288e-07	0	3.22477	3.22477e+06	
700	67.8	60.5952	0	3.22e-06	1.75288e-07	0	3.22477	3.22477e+06	
800	68.2	60.617	0	3.22e-06	1.75288e-07	0	3.22477	3.22477e+06	
900	68.6	60.6387	0	3.22e-06	1.75288e-07	0	3.22477	3.22477e+06	
1000	69	60.6605	0	3.22e-06	1.75288e-07	0	3.22477	3.22477e+06	
1100	69.1096	60.4831	0	8.82227e-07	-1.42825e-06	0	1.67876	1.67876e+06	
1200	69.2192	60.3057	0	8.82227e-07	-1.42825e-06	0	1.67876	1.67876e+06	
1300	69.3288	60.1283	0	8.82227e-07	-1.42825e-06	0	1.67876	1.67876e+06	
1400	69.4384	59.9508	0	8.82227e-07	-1.42825e-06	0	1.67876	1.67876e+06	
1500	69.548	59.7734	0	8.82227e-07	-1.42825e-06	0	1.67876	1.67876e+06	
1600	69.6309	59.5949	0	6.6722e-07	-1.4373e-06	0	1.58462	1.58462e+06	
1700	69.7137	59.4163	0	6.6722e-07	-1.4373e-06	0	1.58462	1.58462e+06	
1800	69.7966	59.2378	0	6.6722e-07	-1.4373e-06	0	1.58462	1.58462e+06	
1900	69.8795	59.0592	0	6.6722e-07	-1.4373e-06	0	1.58462	1.58462e+06	
2000	69.9624	58.8807	0	6.6722e-07	-1.4373e-06	0	1.58462	1.58462e+06	
2100	70.0464	58.6926	0	6.76529e-07	-1.51376e-06	0	1.65806	1.65806e+06	
2200	70.1305	58.5046	0	6.76529e-07	-1.51376e-06	0	1.65806	1.65806e+06	
2300	70.2145	58.3165	0	6.76529e-07	-1.51376e-06	0	1.65806	1.65806e+06	
2400	70.2986	58.1285	0	6.76529e-07	-1.51376e-06	0	1.65806	1.65806e+06	
2500	70.3826	57.9404	0	6.76529e-07	-1.51376e-06	0	1.65806	1.65806e+06	
2600	70.6496	58.1252	0	2.14906e-06	1.48742e-06	0	2.6136	2.6136e+06	
2700	70.9165	58.31	0	2.14906e-06	1.48742e-06	0	2.6136	2.6136e+06	
2800	71.1835	58.4948	0	2.14906e-06	1.48742e-06	0	2.6136	2.6136e+06	
2900	71.4505	58.6795	0	2.14906e-06	1.48742e-06	0	2.6136	2.6136e+06	
3000	71.7174	58.8643	0	2.14906e-06	1.48742e-06	0	2.6136	2.6136e+06	
3100	72.0122	59.2643	0	2.37301e-06	3.22e-06	0	3.99995	3.99995e+06	
3200	72.307	59.6643	0	2.37301e-06	3.22e-06	0	3.99995	3.99995e+06	
3300	72.6018	60.0643	0	2.37301e-06	3.22e-06	0	3.99995	3.99995e+06	
3400	72.8966	60.4643	0	2.37301e-06	3.22e-06	0	3.99995	3.99995e+06	
3500	73.1913	60.8643	0	2.37301e-06	3.22e-06	0	3.99995	3.99995e+06	
3600	73.3751	61.2643	0	1.47947e-06	3.22e-06	0	3.54362	3.54362e+06	
3700	73.5589	61.6643	0	1.47947e-06	3.22e-06	0	3.54362	3.54362e+06	
3800	73.7426	62.0643	0	1.47947e-06	3.22e-06	0	3.54362	3.54362e+06	
3900	73.8866	62.4693	0	1.47947e-06	3.22e-06	0	3.54362	3.54362e+06	
4000	73.8606	62.8462	0	1.47947e-06	3.22e-06	0	3.54362	3.54362e+06	
4100	73.8643	63.1365	0	2.36535e-06	2.35166e-06	0	3.33544	3.33544e+06	
4200	73.9019	63.459	0	2.36535e-06	2.35166e-06	0	3.33544	3.33544e+06	
4300	73.882	63.7181	0	2.36535e-06	2.35166e-06	0	3.33544	3.33544e+06	
4400	73.8614	63.9877	0	2.36535e-06	2.35166e-06	0	3.33544	3.33544e+06	
4500	73.8788	64.2969	0	2.36535e-06	2.35166e-06	0	3.33544	3.33544e+06	
4600	73.9128	64.4981	0	3.22e-06	1.27041e-06	0	3.46155	3.46155e+06	
4700	73.9024	64.6129	0	3.22e-06	1.27041e-06	0	3.46155	3.46155e+06	
4800	73.8879	64.7093	0	3.22e-06	1.27041e-06	0	3.46155	3.46155e+06	
4900	73.8753	64.8216	0	3.22e-06	1.27041e-06	0	3.46155	3.46155e+06	
5000	73.8679	64.9577	0	3.22e-06	1.27041e-06	0	3.46155	3.46155e+06	
5100	73.8673	64.9989	0	3.22e-06	3.65546e-07	0	3.24068	3.24068e+06	
5200	73.8678	65.0485	0	3.22e-06	3.65546e-07	0	3.24068	3.24068e+06	
5300	73.8699	65.1084	0	3.22e-06	3.65546e-07	0	3.24068	3.24068e+06	
5400	73.8746	65.1802	0	3.22e-06	3.65546e-07	0	3.24068	3.24068e+06	
5500	73.8834	65.2661	0	3.22e-06	3.65546e-07	0	3.24068	3.24068e+06	
5600	73.8844	65.2693	0	3.22e-06	-3.73309e-07	0	3.24157	3.24157e+06	
5700	73.8849	65.2732	0	3.22e-06	-3.73309e-07	0	3.24157	3.24157e+06	
5800	73.8855	65.2778	0	3.22e-06	-3.73309e-07	0	3.24157	3.24157e+06	
5900	73.8862	65.2832	0	3.22e-06	-3.73309e-07	0	3.24157	3.24157e+06	
6000	73.887	65.2896	0	3.22e-06	-3.73309e-07	0	3.24157	3.24157e+06	
6100	73.8947	65.3457	0	3.22e-06	-7.63389e-11	0	3.22	3.22e+06	
6200	73.9039	65.4052	0	3.22e-06	-7.63389e-11	0	3.22	3.22e+06	
6300	73.9104	65.4541	0	3.22e-06	-7.63389e-11	0	3.22	3.22e+06	
6400	73.9125	65.481	0	3.22e-06	-7.63389e-11	0	3.22	3.22e+06	
6500	73.9129	65.4925	0	3.22e-06	-7.63389e-11	0	3.22	3.22e+06	
6600	73.9086	65.5672	0	3.22e-06	8.31435e-07	0	3.32561	3.32561e+06	
6700	73.902	65.6125	0	3.22e-06	8.31435e-07	0	3.32561	3.32561e+06	
6800	73.8956	65.6534	0	3.22e-06	8.31435e-07	0	3.32561	3.32561e+06	
6900	73.8892	65.6973	0	3.22e-06	8.31435e-07	0	3.32561	3.32561e+06	
7000	73.8826	65.748	0	3.22e-06	8.31435e-07	0	3.32561	3.32561e+06	
7100	73.8904	65.6828	0	3.22e-06	-1.10157e-07	0	3.22188	3.22188e+06	
7200	73.9014	65.6103	0	3.22e-06	-1.10157e-07	0	3.22188	3.22188e+06	
7300	73.9104	65.5458	0	3.22e-06	-1.10157e-07	0	3.22188	3.22188e+06	
7400	73.9129	65.5097	0	3.22e-06	-1.10157e-07	0	3.22188	3.22188e+06	
7500	73.913	65.4949	0	3.22e-06	-1.10157e-07	0	3.22188	3.22188e+06	
7600	73.8804	65.2828	0	2.19616e-06	-2.01324e-06	0	2.9793	2.9793e+06	
7700	73.861	65.0565	0	2.19616e-06	-2.01324e-06	0	2.9793	2.9793e+06	
7800	73.8674	64.7982	0	2.19616e-06	-2.01324e-06	0	2.9793	2.9793e+06	
7900	73.903	64.5186	0	2.19616e-06	-2.01324e-06	0	2.9793	2.9793e+06	
8000	73.8831	64.3019	0	2.19616e-06	-2.01324e-06	0	2.9793	2.9793e+06	
8100	73.9087	64.5731	0	3.22e-06	2.03938e-06	0	3.81149	3.81149e+06	
8200	73.8813	64.7665	0	3.22e-06	2.03938e-06	0	3.81149	3.81149e+06	
8300	73.8674	64.9956	0	3.22e-06	2.03938e-06	0	3.81149	3.81149e+06	
8400	73.8828	65.2717	0	3.22e-06	2.03938e-06	0	3.81149	3.81149e+06	
8500	73.9109	65.5529	0	3.22e-06	2.03938e-06	0	3.81149	3.81149e+06	
8600	73.9004	65.3721	0	3.22e-06	-1.70067e-06	0	3.64152	3.64152e+06	
8700	73.8793	65.2174	0	3.22e-06	-1.70067e-06	0	3.64152	3.64152e+06	
8800	73.8677	65.031	0	3.22e-06	-1.70067e-06	0	3.64152	3.64152e+06	
8900	73.8751	64.8058	0	3.22e-06	-1.70067e-06	0	3.64152	3.64152e+06	
9000	73.909	64.5469	0	3.22e-06	-1.70067e-06	0	3.64152	3.64152e+06	
9100	73.91	64.4444	0	3.22e-06	-9.04293e-07	0	3.34457	3.34457e+06	
9200	73.9022	64.3883	0	3.22e-06	-9.04293e-07	0	3.34457	3.34457e+06	
9300	73.8945	64.3384	0	3.22e-06	-9.04293e-07	0	3.34457	3.34457e+06	
9400	73.8867	64.2837	0	3.22e-06	-9.04293e-07	0	3.34457	3.34457e+06	
9500	73.879	64.2194	0	3.22e-06	-9.04293e-07	0	3.34457	3.34457e+06	
9600	73.8434	64.2246	0	5.29541e-07	-4.20159e-08	0	0.531205	531205	
9700	73.843	64.2262	0	5.29541e-07	-4.20159e-08	0	0.531205	531205	
9800	73.8432	64.2279	0	5.29541e-07	-4.20159e-08	0	0.531205	531205	
9900	73.8434	64.2295	0	5.29541e-07	-4.20159e-08	0	0.531205	531205	
10000	73.8435	64.2313	0	5.29541e-07	-4.20159e-08	0	0.531205	531205	
10100	73.8983	64.6102	0	2.30389e-06	3.00286e-06	0	3.78485	3.78485e+06	
10200	73.862	64.95	0	2.30389e-06	3.00286e-06	0	3.78485	3.78485e+06	
10300	73.8829	65.339	0	2.30389e-06	3.00286e-06	0	3.78485	3.78485e+06	
10400	73.8849	65.699	0	2.30389e-06	3.00286e-06	0	3.78485	3.78485e+06	
10500	73.8629	65.8694	0	2.30389e-06	3.00286e-06	0	3.78485	3.78485e+06	
10600	73.8677	65.8704	0	2.89059e-06	3.22e-06	0	4.32712	4.32712e+06	
10700	73.8677	65.8704	0	2.89059e-06	3.22e-06	0	4.32712	4.32712e+06	
10800	73.8677	65.8704	0	2.89059e-06	3.22e-06	0	4.32712	4.32712e+06	
10900	73.8677	65.8704	0	2.89059e-06	3.22e-06	0	4.32712	4.32712e+06	
11000	73.8677	65.8704	0	2.89059e-06	3.22e-06	0	4.32712	4.32712e+06	
11100	73.8701	65.8701	0	3.22e-06	3.22e-06	0	4.55377	4.55377e+06	
11200	73.8701	65.8701	0	3.22e-06	3.22e-06	0	4.55377	4.55377e+06	
11300	73.8701	65.8701	0	3.22e-06	3.22e-06	0	4.55377	4.55377e+06	
11400	73.8701	65.8701	0	3.22e-06	3.22e-06	0	4.55377	4.55377e+06	
11500	73.8701	65.8701	0	3.22e-06	3.22e-06	0	4.55377	4.55377e+06	
11600	73.8703	65.8679	0	3.22e-06	2.92095e-06	0	4.34745	4.34745e+06	
11700	73.8703	65.8679	0	3.22e-06	2.92095e-06	0	4.34745	4.34745e+06	
11800	73.8703	65.8679	0	3.22e-06	2.92095e-06	0	4.34745	4.34745e+06	
11900	73.8703	65.8679	0	3.22e-06	2.92095e-06	0	4.34745	4.34745e+06	
12000	73.8703	65.8679	0	3.22e-06	2.92095e-06	0	4.34745	4.34745e+06	
12100	73.8685	65.8614	0	2.85076e-06	2.13509e-06	0	3.56166	3.56166e+06	
12200	73.8685	65.8614	0	2.85076e-06	2.13509e-06	0	3.56166	3.56166e+06	
12300	73.8685	65.8614	0	2.85076e-06	2.13509e-06	0	3.56166	3.56166e+06	
12400	73.8685	65.8614	0	2.85076e-06	2.13509e-06	0	3.56166	3.56166e+06	
12500	73.8685	65.8614	0	2.85076e-06	2.13509e-06	0	3.56166	3.56166e+06	
12600	73.8591	65.8623	0	1.84094e-06	2.09731e-06	0	2.79066	2.79066e+06	
12700	73.8591	65.8623	0	1.84094e-06	2.09731e-06	0	2.79066	2.79066e+06	
12800	73.8591	65.8623	0	1.84094e-06	2.09731e-06	0	2.79066	2.79066e+06	
12900	73.8591	65.8623	0	1.84094e-06	2.09731e-06	0	2.79066	2.79066e+06	
13000	73.8591	65.8623	0	1.84094e-06	2.09731e-06	0	2.79066	2.79066e+06	
13100	73.8735	65.7387	0	2.07105e-06	-5.90621e-07	0	2.15362	2.15362e+06	
13200	73.8884	65.6313	0	2.07105e-06	-5.90621e-07	0	2.15362	2.15362e+06	
13300	73.9025	65.5277	0	2.07105e-06	-5.90621e-07	0	2.15362	2.15362e+06	
13400	73.9024	65.4596	0	2.07105e-06	-5.90621e-07	0	2.15362	2.15362e+06	
13500	73.8975	65.4169	0	2.07105e-06	-5.90621e-07	0	2.15362	2.15362e+06	
13600	73.8828	65.3306	0	1.85601e-06	-9.90237e-07	0	2.10365	2.10365e+06	
13700	73.8707	65.2394	0	1.85601e-06	-9.90237e-07	0	2.10365	2.10365e+06	
13800	73.8613	65.1376	0	1.85601e-06	-9.90237e-07	0	2.10365	2.10365e+06	
13900	73.8565	65.0236	0	1.85601e-06	-9.90237e-07	0	2.10365	2.10365e+06	
14000	73.8583	64.8966	0	1.85601e-06	-9.90237e-07	0	2.10365	2.10365e+06	
14100	73.6859	64.9333	0	-1.23559e-06	3.02714e-07	0	1.27213	1.27213e+06	
14200	73.5324	64.9709	0	-1.23559e-06	3.02714e-07	0	1.27213	1.27213e+06	
14300	73.3789	65.0085	0	-1.23559e-06	3.02714e-07	0	1.27213	1.27213e+06	
14400	73.2254	65.0461	0	-1.23559e-06	3.02714e-07	0	1.27213	1.27213e+06	
14500	73.0719	65.0837	0	-1.23559e-06	3.02714e-07	0	1.27213	1.27213e+06	
14600	73.313	65.4837	0	1.94111e-06	3.22e-06	0	3.75983	3.75983e+06	
14700	73.5538	65.8793	0	1.94111e-06	3.22e-06	0	3.75983	3.75983e+06	
14800	73.7384	65.8846	0	1.94111e-06	3.22e-06	0	3.75983	3.75983e+06	
14900	73.8585	65.8714	0	1.94111e-06	3.22e-06	0	3.75983	3.75983e+06	
15000	73.8588	65.8713	0	1.94111e-06	3.22e-06	0	3.75983	3.75983e+06	
15100	73.8716	65.856	0	3.22e-06	1.72072e-06	0	3.65093	3.65093e+06	
15200	73.8716	65.856	0	3.22e-06	1.72072e-06	0	3.65093	3.65093e+06	
15300	73.8716	65.856	0	3.22e-06	1.72072e-06	0	3.65093	3.65093e+06	
15400	73.8716	65.856	0	3.22e-06	1.72072e-06	0	3.65093	3.65093e+06	
15500	73.8716	65.856	0	3.22e-06	1.72072e-06	0	3.65093	3.65093e+06	
15600	73.8701	65.8701	0	3.22e-06	3.22e-06	0	4.55377	4.55377e+06	
15700	73.8701	65.8701	0	3.22e-06	3.22e-06	0	4.55377	4.55377e+06	
15800	73.8701	65.8701	0	3.22e-06	3.22e-06	0	4.55377	4.55377e+06	
15900	73.8701	65.8701	0	3.22e-06	3.22e-06	0	4.55377	4.55377e+06	
16000	73.8701	65.8701	0	3.22e-06	3.22e-06	0	4.55377	4.55377e+06	
16100	73.8659	65.8706	0	2.65987e-06	3.22e-06	0	4.17652	4.17652e+06	
16200	73.8659	65.8706	0	2.65987e-06	3.22e-06	0	4.17652	4.17652e+06	
16300	73.8659	65.8706	0	2.65987e-06	3.22e-06	0	4.17652	4.17652e+06	
16400	73.8659	65.8706	0	2.65987e-06	3.22e-06	0	4.17652	4.17652e+06	
16500	73.8659	65.8706	0	2.65987e-06	3.22e-06	0	4.17652	4.17652e+06	
16600	73.8701	65.8701	0	3.22e-06	3.22e-06	0	4.55377	4.55377e+06	
16700	73.8701	65.8701	0	3.22e-06	3.22e-06	0	4.55377	4.55377e+06	
16800	73.8701	65.8701	0	3.22e-06	3.22e-06	0	4.55377	4.55377e+06	
16900	73.8701	65.8701	0	3.22e-06	3.22e-06	0	4.55377	4.55377e+06	
17000	73.8701	65.8701	0	3.22e-06	3.22e-06	0	4.55377	4.55377e+06	
17100	73.8704	65.8677	0	3.22e-06	2.88252e-06	0	4.32173	4.32173e+06	
17200	73.8704	65.8677	0	3.22e-06	2.88252e-06	0	4.32173	4.32173e+06	
17300	73.8704	65.8677	0	3.22e-06	2.88252e-06	0	4.32173	4.32173e+06	
17400	73.8704	65.8677	0	3.22e-06	2.88252e-06	0	4.32173	4.32173e+06	
17500	73.8704	65.8677	0	3.22e-06	2.88252e-06	0	4.32173	4.32173e+06	
17600	73.8714	65.8576	0	3.22e-06	1.84195e-06	0	3.70961	3.70961e+06	
17700	73.8714	65.8576	0	3.22e-06	1.84195e-06	0	3.70961	3.70961e+06	
17800	73.8714	65.8576	0	3.22e-06	1.84195e-06	0	3.70961	3.70961e+06	
17900	73.8714	65.8576	0	3.22e-06	1.84195e-06	0	3.70961	3.70961e+06	
18000	73.8714	65.8576	0	3.22e-06	1.84195e-06	0	3.70961	3.70961e+06	
18100	73.8716	65.8563	0	3.22e-06	1.74242e-06	0	3.6612	3.6612e+06	
18200	73.8716	65.8563	0	3.22e-06	1.74242e-06	0	3.6612	3.6612e+06	
18300	73.8716	65.8563	0	3.22e-06	1.74242e-06	0	3.6612	3.6612e+06	
18400	73.8716	65.8563	0	3.22e-06	1.74242e-06	0	3.6612	3.6612e+06	
18500	73.8716	65.8563	0	3.22e-06	1.74242e-06	0	3.6612	3.6612e+06	
18600	73.8936	65.6541	0	3.22e-06	-1.15667e-06	0	3.42144	3.42144e+06	
18700	73.9127	65.4778	0	3.22e-06	-1.15667e-06	0	3.42144	3.42144e+06	
18800	73.9018	65.3842	0	3.22e-06	-1.15667e-06	0	3.42144	3.42144e+06	
18900	73.8894	65.3022	0	3.22e-06	-1.15667e-06	0	3.42144	3.42144e+06	
19000	73.878	65.2075	0	3.22e-06	-1.15667e-06	0	3.42144	3.42144e+06	
19100	73.8856	65.2826	0	3.22e-06	2.45997e-07	0	3.22938	3.22938e+06	
19200	73.8981	65.3693	0	3.22e-06	2.45997e-07	0	3.22938	3.22938e+06	
19300	73.9101	65.4528	0	3.22e-06	2.45997e-07	0	3.22938	3.22938e+06	
19400	73.913	65.5009	0	3.22e-06	2.45997e-07	0	3.22938	3.22938e+06	
19500	73.9126	65.5204	0	3.22e-06	2.45997e-07	0	3.22938	3.22938e+06	
19600	73.9128	65.5129	0	3.22e-06	5.91595e-08	0	3.22054	3.22054e+06	
19700	73.9129	65.5099	0	3.22e-06	5.91595e-08	0	3.22054	3.22054e+06	
19800	73.9129	65.5087	0	3.22e-06	5.91595e-08	0	3.22054	3.22054e+06	
19900	73.9129	65.5082	0	3.22e-06	5.91595e-08	0	3.22054	3.22054e+06	
20000	73.9129	65.508	0	3.22e-06	5.91595e-08	0	3.22054	3.22054e+06	
20100	73.9104	65.4497	0	3.22e-06	-6.44274e-07	0	3.28382	3.28382e+06	
20200	73.9066	65.4194	0	3.22e-06	-6.44274e-07	0	3.28382	3.28382e+06	
20300	73.9034	65.3977	0	3.22e-06	-6.44274e-07	0	3.28382	3.28382e+06	
20400	73.9005	65.379	0	3.22e-06	-6.44274e-07	0	3.28382	3.28382e+06	
20500	73.8977	65.361	0	3.22e-06	-6.44274e-07	0	3.28382	3.28382e+06	
20600	73.9085	65.4385	0	3.22e-06	1.72204e-07	0	3.2246	3.2246e+06	
20700	73.9128	65.4883	0	3.22e-06	1.72204e-07	0	3.2246	3.2246e+06	
20800	73.9129	65.5094	0	3.22e-06	1.72204e-07	0	3.2246	3.2246e+06	
20900	73.9127	65.5177	0	3.22e-06	1.72204e-07	0	3.2246	3.2246e+06	
21000	73.9125	65.5211	0	3.22e-06	1.72204e-07	0	3.2246	3.2246e+06	
21100	73.9129	65.5099	0	3.22e-06	1.87721e-08	0	3.22005	3.22005e+06	
21200	73.913	65.5054	0	3.22e-06	1.87721e-08	0	3.22005	3.22005e+06	
21300	73.913	65.5036	0	3.22e-06	1.87721e-08	0	3.22005	3.22005e+06	
21400	73.913	65.5029	0	3.22e-06	1.87721e-08	0	3.22005	3.22005e+06	
21500	73.913	65.5027	0	3.22e-06	1.87721e-08	0	3.22005	3.22005e+06	
21600	73.8747	65.8366	0	3.22e-06	3.13984e-06	0	4.49744	4.49744e+06	
21700	73.8701	65.8695	0	3.22e-06	3.13984e-06	0	4.49744	4.49744e+06	
21800	73.8701	65.8695	0	3.22e-06	3.13984e-06	0	4.49744	4.49744e+06	
21900	73.8701	65.8695	0	3.22e-06	3.13984e-06	0	4.49744	4.49744e+06	
22000	73.8701	65.8695	0	3.22e-06	3.13984e-06	0	4.49744	4.49744e+06	
22100	73.8742	65.8264	0	3.22e-06	5.52788e-07	0	3.2671	3.2671e+06	
22200	73.8745	65.8232	0	3.22e-06	5.52788e-07	0	3.2671	3.2671e+06	
22300	73.8746	65.8226	0	3.22e-06	5.52788e-07	0	3.2671	3.2671e+06	
22400	73.8746	65.8225	0	3.22e-06	5.52788e-07	0	3.2671	3.2671e+06	
22500	73.8746	65.8225	0	3.22e-06	5.52788e-07	0	3.2671	3.2671e+06	
22600	73.8761	65.8061	0	3.22e-06	3.32646e-07	0	3.23714	3.23714e+06	
22700	73.8769	65.7977	0	3.22e-06	3.32646e-07	0	3.23714	3.23714e+06	
22800	73.8775	65.7917	0	3.22e-06	3.32646e-07	0	3.23714	3.23714e+06	
22900	73.878	65.7868	0	3.22e-06	3.32646e-07	0	3.23714	3.23714e+06	
23000	73.8784	65.7824	0	3.22e-06	3.32646e-07	0	3.23714	3.23714e+06	
23100	73.8676	65.758	0	1.66729e-06	1.21627e-08	0	1.66733	1.66733e+06	
23200	73.8703	65.7348	0	1.66729e-06	1.21627e-08	0	1.66733	1.66733e+06	
23300	73.8735	65.71	0	1.66729e-06	1.21627e-08	0	1.66733	1.66733e+06	
23400	73.8771	65.6835	0	1.66729e-06	1.21627e-08	0	1.66733	1.66733e+06	
23500	73.8813	65.6552	0	1.66729e-06	1.21627e-08	0	1.66733	1.66733e+06	
23600	73.8434	65.8605	0	7.56536e-07	2.06517e-06	0	2.19938	2.19938e+06	
23700	73.8382	65.8642	0	7.56536e-07	2.06517e-06	0	2.19938	2.19938e+06	
23800	73.8381	65.8642	0	7.56536e-07	2.06517e-06	0	2.19938	2.19938e+06	
23900	73.8381	65.8642	0	7.56536e-07	2.06517e-06	0	2.19938	2.19938e+06	
24000	73.8381	65.8642	0	7.56536e-07	2.06517e-06	0	2.19938	2.19938e+06	
24100	73.7936	65.8772	0	1.26275e-07	3.22e-06	0	3.22248	3.22248e+06	
24200	73.7638	65.8803	0	1.26275e-07	3.22e-06	0	3.22248	3.22248e+06	
24300	73.732	65.884	0	1.26275e-07	3.22e-06	0	3.22248	3.22248e+06	
24400	73.6955	65.8888	0	1.26275e-07	3.22e-06	0	3.22248	3.22248e+06	
24500	73.6537	65.8949	0	1.26275e-07	3.22e-06	0	3.22248	3.22248e+06	
24600	73.7754	65.8748	0	1.33024e-06	2.475e-06	0	2.80984	2.80984e+06	
24700	73.8502	65.8668	0	1.33024e-06	2.475e-06	0	2.80984	2.80984e+06	
24800	73.8511	65.8666	0	1.33024e-06	2.475e-06	0	2.80984	2.80984e+06	
24900	73.8511	65.8666	0	1.33024e-06	2.475e-06	0	2.80984	2.80984e+06	
25000	73.8511	65.8666	0	1.33024e-06	2.475e-06	0	2.80984	2.80984e+06	
25100	73.856	65.8665	0	1.64777e-06	2.51432e-06	0	3.00616	3.00616e+06	
25200	73.856	65.8665	0	1.64777e-06	2.51432e-06	0	3.00616	3.00616e+06	
25300	73.856	65.8665	0	1.64777e-06	2.51432e-06	0	3.00616	3.00616e+06	
25400	73.856	65.8665	0	1.64777e-06	2.51432e-06	0	3.00616	3.00616e+06	
25500	73.856	65.8665	0	1.64777e-06	2.51432e-06	0	3.00616	3.00616e+06	
25600	73.5826	65.8982	0	-1.83069e-06	2.50313e-06	0	3.10114	3.10114e+06	
25700	73.3717	65.8958	0	-1.83069e-06	2.50313e-06	0	3.10114	3.10114e+06	
25800	73.1872	65.8716	0	-1.83069e-06	2.50313e-06	0	3.10114	3.10114e+06	
25900	72.9724	65.8623	0	-1.83069e-06	2.50313e-06	0	3.10114	3.10114e+06	
26000	72.725	65.8779	0	-1.83069e-06	2.50313e-06	0	3.10114	3.10114e+06	
26100	72.4785	65.9128	0	-1.68322e-06	3.22e-06	0	3.6334	3.6334e+06	
26200	72.3252	65.8932	0	-1.68322e-06	3.22e-06	0	3.6334	3.6334e+06	
26300	72.1644	65.8744	0	-1.68322e-06	3.22e-06	0	3.6334	3.6334e+06	
26400	71.9689	65.8674	0	-1.68322e-06	3.22e-06	0	3.6334	3.6334e+06	
26500	71.7341	65.8824	0	-1.68322e-06	3.22e-06	0	3.6334	3.6334e+06	
26600	71.4492	65.9111	0	-2.06025e-06	3.22e-06	0	3.8227	3.8227e+06	
26700	71.2531	65.8836	0	-2.06025e-06	3.22e-06	0	3.8227	3.8227e+06	
26800	71.0255	65.8676	0	-2.06025e-06	3.22e-06	0	3.8227	3.8227e+06	
26900	70.7506	65.8802	0	-2.06025e-06	3.22e-06	0	3.8227	3.8227e+06	
27000	70.4611	65.912	0	-2.06025e-06	3.22e-06	0	3.8227	3.8227e+06	
27100	70.1134	65.8714	0	-3.22e-06	3.22e-06	0	4.55377	4.55377e+06	
27200	69.6992	65.8854	0	-3.22e-06	3.22e-06	0	4.55377	4.55377e+06	
27300	69.3103	65.8923	0	-3.22e-06	3.22e-06	0	4.55377	4.55377e+06	
27400	68.9373	65.8678	0	-3.22e-06	3.22e-06	0	4.55377	4.55377e+06	
27500	68.5022	65.9119	0	-3.22e-06	3.22e-06	0	4.55377	4.55377e+06	
27600	68.1532	65.8742	0	-3.22e-06	3.22e-06	0	4.55377	4.55377e+06	
27700	67.7467	65.8799	0	-3.22e-06	3.22e-06	0	4.55377	4.55377e+06	
27800	67.3459	65.8977	0	-3.22e-06	3.22e-06	0	4.55377	4.55377e+06	
27900	66.9807	65.8673	0	-3.22e-06	3.22e-06	0	4.55377	4.55377e+06	
28000	66.5471	65.9075	0	-3.22e-06	3.22e-06	0	4.55377	4.55377e+06	
28100	66.2479	65.8835	0	-2.76735e-06	3.22e-06	0	4.24578	4.24578e+06	
28200	65.9227	65.8682	0	-2.76735e-06	3.22e-06	0	4.24578	4.24578e+06	
28300	65.5406	65.9087	0	-2.76735e-06	3.22e-06	0	4.24578	4.24578e+06	
28400	65.2428	65.8829	0	-2.76735e-06	3.22e-06	0	4.24578	4.24578e+06	
28500	64.9165	65.8683	0	-2.76735e-06	3.22e-06	0	4.24578	4.24578e+06	
28600	64.737	65.8824	0	-1.19931e-06	3.22e-06	0	3.43609	3.43609e+06	
28700	64.5371	65.9105	0	-1.19931e-06	3.22e-06	0	3.43609	3.43609e+06	
28800	64.4131	65.9062	0	-1.19931e-06	3.22e-06	0	3.43609	3.43609e+06	
28900	64.3265	65.8929	0	-1.19931e-06	3.22e-06	0	3.43609	3.43609e+06	
29000	64.2309	65.8804	0	-1.19931e-06	3.22e-06	0	3.43609	3.43609e+06	
29100	63.8402	65.8719	0	-3.22e-06	3.22e-06	0	4.55377	4.55377e+06	
29200	63.4174	65.9083	0	-3.22e-06	3.22e-06	0	4.55377	4.55377e+06	
29300	63.0657	65.869	0	-3.22e-06	3.22e-06	0	4.55377	4.55377e+06	
29400	62.6432	65.8932	0	-3.22e-06	3.22e-06	0	4.55377	4.55377e+06	
29500	62.2679	65.8864	0	-3.22e-06	3.22e-06	0	4.55377	4.55377e+06	
29600	62.4649	65.9107	0	1.1734e-06	3.22e-06	0	3.42714	3.42714e+06	
29700	62.5855	65.9064	0	1.1734e-06	3.22e-06	0	3.42714	3.42714e+06	
29800	62.6689	65.8936	0	1.1734e-06	3.22e-06	0	3.42714	3.42714e+06	
29900	62.7603	65.8814	0	1.1734e-06	3.22e-06	0	3.42714	3.42714e+06	
30000	62.8701	65.8716	0	1.1734e-06	3.22e-06	0	3.42714	3.42714e+06	
30100	63.1087	65.8695	0	1.94601e-06	3.22e-06	0	3.76236	3.76236e+06	
30200	63.391	65.8997	0	1.94601e-06	3.22e-06	0	3.76236	3.76236e+06	
30300	63.6195	65.9019	0	1.94601e-06	3.22e-06	0	3.76236	3.76236e+06	
30400	63.8056	65.8772	0	1.94601e-06	3.22e-06	0	3.76236	3.76236e+06	
30500	64.0305	65.8674	0	1.94601e-06	3.22e-06	0	3.76236	3.76236e+06	
30600	64.3625	65.8949	0	2.4148e-06	3.22e-06	0	4.02488	4.02488e+06	
30700	64.6487	65.8978	0	2.4148e-06	3.22e-06	0	4.02488	4.02488e+06	
30800	64.9032	65.8702	0	2.4148e-06	3.22e-06	0	4.02488	4.02488e+06	
30900	65.2121	65.8763	0	2.4148e-06	3.22e-06	0	4.02488	4.02488e+06	
31000	65.5446	65.9117	0	2.4148e-06	3.22e-06	0	4.02488	4.02488e+06	
31100	65.7483	65.8835	0	2.11776e-06	3.22e-06	0	3.854	3.854e+06	
31200	65.984	65.8675	0	2.11776e-06	3.22e-06	0	3.854	3.854e+06	
31300	66.2684	65.8824	0	2.11776e-06	3.22e-06	0	3.854	3.854e+06	
31400	66.558	65.9105	0	2.11776e-06	3.22e-06	0	3.854	3.854e+06	
31500	66.7613	65.882	0	2.11776e-06	3.22e-06	0	3.854	3.854e+06	
31600	66.8209	65.8751	0	8.02401e-07	3.22e-06	0	3.31847	3.31847e+06	
31700	66.8931	65.8702	0	8.02401e-07	3.22e-06	0	3.31847	3.31847e+06	
31800	66.9805	65.8674	0	8.02401e-07	3.22e-06	0	3.31847	3.31847e+06	
31900	67.086	65.8688	0	8.02401e-07	3.22e-06	0	3.31847	3.31847e+06	
32000	67.2125	65.8773	0	8.02401e-07	3.22e-06	0	3.31847	3.31847e+06	
32100	67.501	65.9127	0	1.97721e-06	3.22e-06	0	3.77859	3.77859e+06	
32200	67.6939	65.8906	0	1.97721e-06	3.22e-06	0	3.77859	3.77859e+06	
32300	67.8987	65.8703	0	1.97721e-06	3.22e-06	0	3.77859	3.77859e+06	
32400	68.1473	65.8715	0	1.97721e-06	3.22e-06	0	3.77859	3.77859e+06	
32500	68.4375	65.9067	0	1.97721e-06	3.22e-06	0	3.77859	3.77859e+06	
32600	68.4895	65.9128	0	1.93472e-07	3.22e-06	0	3.22581	3.22581e+06	
32700	68.5116	65.9129	0	1.93472e-07	3.22e-06	0	3.22581	3.22581e+06	
32800	68.5204	65.9125	0	1.93472e-07	3.22e-06	0	3.22581	3.22581e+06	
32900	68.524	65.9123	0	1.93472e-07	3.22e-06	0	3.22581	3.22581e+06	
33000	68.5256	65.9123	0	1.93472e-07	3.22e-06	0	3.22581	3.22581e+06	
33100	68.4283	65.9039	0	-9.31164e-07	2.60621e-06	0	2.76756	2.76756e+06	
33200	68.3618	65.894	0	-9.31164e-07	2.60621e-06	0	2.76756	2.76756e+06	
33300	68.2949	65.8841	0	-9.31164e-07	2.60621e-06	0	2.76756	2.76756e+06	
33400	68.2191	65.8749	0	-9.31164e-07	2.60621e-06	0	2.76756	2.76756e+06	
33500	68.1308	65.8674	0	-9.31164e-07	2.60621e-06	0	2.76756	2.76756e+06	
33600	67.9333	65.868	0	-1.64388e-06	3.22e-06	0	3.61535	3.61535e+06	
33700	67.6974	65.887	0	-1.64388e-06	3.22e-06	0	3.61535	3.61535e+06	
33800	67.4621	65.912	0	-1.64388e-06	3.22e-06	0	3.61535	3.61535e+06	
33900	67.3167	65.8919	0	-1.64388e-06	3.22e-06	0	3.61535	3.61535e+06	
34000	67.1594	65.8739	0	-1.64388e-06	3.22e-06	0	3.61535	3.61535e+06	
34100	66.9714	65.864	0	-1.60575e-06	2.72504e-06	0	3.16296	3.16296e+06	
34200	66.7517	65.8769	0	-1.60575e-06	2.72504e-06	0	3.16296	3.16296e+06	
34300	66.5134	65.9086	0	-1.60575e-06	2.72504e-06	0	3.16296	3.16296e+06	
34400	66.3522	65.8941	0	-1.60575e-06	2.72504e-06	0	3.16296	3.16296e+06	
34500	66.1983	65.8741	0	-1.60575e-06	2.72504e-06	0	3.16296	3.16296e+06	
34600	66.2661	65.8835	0	2.06723e-07	3.22e-06	0	3.22663	3.22663e+06	
34700	66.3456	65.8945	0	2.06723e-07	3.22e-06	0	3.22663	3.22663e+06	
34800	66.4288	65.9072	0	2.06723e-07	3.22e-06	0	3.22663	3.22663e+06	
34900	66.4865	65.9127	0	2.06723e-07	3.22e-06	0	3.22663	3.22663e+06	
35000	66.5114	65.9129	0	2.06723e-07	3.22e-06	0	3.22663	3.22663e+06	
35100	66.5117	65.9129	0	8.86133e-08	3.22e-06	0	3.22122	3.22122e+06	
35200	66.5118	65.9129	0	8.86133e-08	3.22e-06	0	3.22122	3.22122e+06	
35300	66.5118	65.9128	0	8.86133e-08	3.22e-06	0	3.22122	3.22122e+06	
35400	66.5119	65.9128	0	8.86133e-08	3.22e-06	0	3.22122	3.22122e+06	
35500	66.5119	65.9128	0	8.86133e-08	3.22e-06	0	3.22122	3.22122e+06	
35600	66.5035	65.913	0	-1.41765e-08	3.22e-06	0	3.22003	3.22003e+06	
35700	66.5002	65.913	0	-1.41765e-08	3.22e-06	0	3.22003	3.22003e+06	
35800	66.4989	65.913	0	-1.41765e-08	3.22e-06	0	3.22003	3.22003e+06	
35900	66.4984	65.913	0	-1.41765e-08	3.22e-06	0	3.22003	3.22003e+06	
36000	66.4982	65.913	0	-1.41765e-08	3.22e-06	0	3.22003	3.22003e+06	
36100	66.728	65.8862	0	2.27825e-06	3.22e-06	0	3.94447	3.94447e+06	
36200	66.9812	65.8675	0	2.27825e-06	3.22e-06	0	3.94447	3.94447e+06	
36300	67.2866	65.8844	0	2.27825e-06	3.22e-06	0	3.94447	3.94447e+06	
36400	67.5853	65.9073	0	2.27825e-06	3.22e-06	0	3.94447	3.94447e+06	
36500	67.8111	65.8768	0	2.27825e-06	3.22e-06	0	3.94447	3.94447e+06	
36600	67.9234	65.8689	0	1.11237e-06	3.22e-06	0	3.40672	3.40672e+06	
36700	68.0594	65.8679	0	1.11237e-06	3.22e-06	0	3.40672	3.40672e+06	
36800	68.2227	65.8781	0	1.11237e-06	3.22e-06	0	3.40672	3.40672e+06	
36900	68.4121	65.9039	0	1.11237e-06	3.22e-06	0	3.40672	3.40672e+06	
37000	68.5544	65.9103	0	1.11237e-06	3.22e-06	0	3.40672	3.40672e+06	
37100	68.5724	65.9015	0	4.3785e-07	2.38426e-06	0	2.42413	2.42413e+06	
37200	68.5863	65.8996	0	4.3785e-07	2.38426e-06	0	2.42413	2.42413e+06	
37300	68.5977	65.8979	0	4.3785e-07	2.38426e-06	0	2.42413	2.42413e+06	
37400	68.6076	65.8964	0	4.3785e-07	2.38426e-06	0	2.42413	2.42413e+06	
37500	68.6169	65.895	0	4.3785e-07	2.38426e-06	0	2.42413	2.42413e+06	
37600	68.882	65.8347	0	2.23574e-06	3.40015e-07	0	2.26145	2.26145e+06	
37700	69.1599	65.8254	0	2.23574e-06	3.40015e-07	0	2.26145	2.26145e+06	
37800	69.4405	65.843	0	2.23574e-06	3.40015e-07	0	2.26145	2.26145e+06	
37900	69.7143	65.8503	0	2.23574e-06	3.40015e-07	0	2.26145	2.26145e+06	
38000	69.9874	65.8274	0	2.23574e-06	3.40015e-07	0	2.26145	2.26145e+06	
38100	70.0762	65.6925	0	7.14895e-07	-1.02651e-06	0	1.25092	1.25092e+06	
38200	70.165	65.565	0	7.14895e-07	-1.02651e-06	0	1.25092	1.25092e+06	
38300	70.2538	65.4375	0	7.14895e-07	-1.02651e-06	0	1.25092	1.25092e+06	
38400	70.3426	65.31	0	7.14895e-07	-1.02651e-06	0	1.25092	1.25092e+06	
38500	70.4314	65.1824	0	7.14895e-07	-1.02651e-06	0	1.25092	1.25092e+06	
38600	70.2172	65.3368	0	-1.72453e-06	1.24263e-06	0	2.12559	2.12559e+06	
38700	70.003	65.4912	0	-1.72453e-06	1.24263e-06	0	2.12559	2.12559e+06	
38800	69.7887	65.6455	0	-1.72453e-06	1.24263e-06	0	2.12559	2.12559e+06	
38900	69.5745	65.7996	0	-1.72453e-06	1.24263e-06	0	2.12559	2.12559e+06	
39000	69.369	65.8823	0	-1.72453e-06	1.24263e-06	0	2.12559	2.12559e+06	
39100	69.2974	65.8886	0	-1.04242e-06	3.22e-06	0	3.38453	3.38453e+06	
39200	69.2172	65.8789	0	-1.04242e-06	3.22e-06	0	3.38453	3.38453e+06	
39300	69.1204	65.871	0	-1.04242e-06	3.22e-06	0	3.38453	3.38453e+06	
39400	69.0031	65.8673	0	-1.04242e-06	3.22e-06	0	3.38453	3.38453e+06	
39500	68.8617	65.8713	0	-1.04242e-06	3.22e-06	0	3.38453	3.38453e+06	
39600	68.4888	65.9126	0	-2.69534e-06	3.22e-06	0	4.1992	4.1992e+06	
39700	68.2087	65.879	0	-2.69534e-06	3.22e-06	0	4.1992	4.1992e+06	
39800	67.8848	65.8696	0	-2.69534e-06	3.22e-06	0	4.1992	4.1992e+06	
39900	67.5106	65.9117	0	-2.69534e-06	3.22e-06	0	4.1992	4.1992e+06	
40000	67.2275	65.8811	0	-2.69534e-06	3.22e-06	0	4.1992	4.1992e+06	
40100	66.8744	65.87	0	-2.9399e-06	3.22e-06	0	4.36021	4.36021e+06	
40200	66.4742	65.9126	0	-2.9399e-06	3.22e-06	0	4.36021	4.36021e+06	
40300	66.1634	65.8749	0	-2.9399e-06	3.22e-06	0	4.36021	4.36021e+06	
40400	65.7968	65.8752	0	-2.9399e-06	3.22e-06	0	4.36021	4.36021e+06	
40500	65.4113	65.9073	0	-2.9399e-06	3.22e-06	0	4.36021	4.36021e+06	
40600	65.0587	65.8688	0	-3.22e-06	3.22e-06	0	4.55377	4.55377e+06	
40700	64.6351	65.8944	0	-3.22e-06	3.22e-06	0	4.55377	4.55377e+06	
40800	64.2617	65.8856	0	-3.22e-06	3.22e-06	0	4.55377	4.55377e+06	
40900	63.8778	65.8697	0	-3.22e-06	3.22e-06	0	4.55377	4.55377e+06	
41000	63.4481	65.9114	0	-3.22e-06	3.22e-06	0	4.55377	4.55377e+06	
41100	63.0997	65.8706	0	-3.22e-06	3.22e-06	0	4.55377	4.55377e+06	
41200	62.6831	65.8876	0	-3.22e-06	3.22e-06	0	4.55377	4.55377e+06	
41300	62.2982	65.8905	0	-3.22e-06	3.22e-06	0	4.55377	4.55377e+06	
41400	61.9224	65.8681	0	-3.22e-06	3.22e-06	0	4.55377	4.55377e+06	
41500	61.4879	65.9125	0	-3.22e-06	3.22e-06	0	4.55377	4.55377e+06	
41600	61.1399	65.8732	0	-3.22e-06	3.22e-06	0	4.55377	4.55377e+06	
41700	60.7308	65.8816	0	-3.22e-06	3.22e-06	0	4.55377	4.55377e+06	
41800	60.334	65.8958	0	-3.22e-06	3.22e-06	0	4.55377	4.55377e+06	
41900	59.9662	65.8674	0	-3.22e-06	3.22e-06	0	4.55377	4.55377e+06	
42000	59.5316	65.9093	0	-3.22e-06	3.22e-06	0	4.55377	4.55377e+06	
42100	59.1791	65.8764	0	-3.22e-06	3.22e-06	0	4.55377	4.55377e+06	
42200	58.7778	65.8768	0	-3.22e-06	3.22e-06	0	4.55377	4.55377e+06	
42300	58.3693	65.9013	0	-3.22e-06	3.22e-06	0	4.55377	4.55377e+06	
42400	58.0091	65.8675	0	-3.22e-06	3.22e-06	0	4.55377	4.55377e+06	
42500	57.5783	65.903	0	-3.22e-06	3.22e-06	0	4.55377	4.55377e+06	
42600	57.2389	65.8826	0	-3.04291e-06	3.22e-06	0	4.43032	4.43032e+06	
42700	56.8741	65.87	0	-3.04291e-06	3.22e-06	0	4.43032	4.43032e+06	
42800	56.4632	65.9123	0	-3.04291e-06	3.22e-06	0	4.43032	4.43032e+06	
42900	56.139	65.8731	0	-3.04291e-06	3.22e-06	0	4.43032	4.43032e+06	
43000	55.7535	65.8793	0	-3.04291e-06	3.22e-06	0	4.43032	4.43032e+06	
43100	55.5442	65.9097	0	-1.27723e-06	3.22e-06	0	3.46406	3.46406e+06	
43200	55.4093	65.9057	0	-1.27723e-06	3.22e-06	0	3.46406	3.46406e+06	
43300	55.3131	65.891	0	-1.27723e-06	3.22e-06	0	3.46406	3.46406e+06	
43400	55.2044	65.8777	0	-1.27723e-06	3.22e-06	0	3.46406	3.46406e+06	
43500	55.0729	65.8688	0	-1.27723e-06	3.22e-06	0	3.46406	3.46406e+06	
43600	55.0786	65.8567	0	-1.96504e-08	1.76316e-06	0	1.76327	1.76327e+06	
43700	55.0845	65.8569	0	-1.96504e-08	1.76316e-06	0	1.76327	1.76327e+06	
43800	55.091	65.8571	0	-1.96504e-08	1.76316e-06	0	1.76327	1.76327e+06	
43900	55.0982	65.8575	0	-1.96504e-08	1.76316e-06	0	1.76327	1.76327e+06	
44000	55.1061	65.8578	0	-1.96504e-08	1.76316e-06	0	1.76327	1.76327e+06	
44100	55.0205	65.8674	0	-7.8345e-07	3.22e-06	0	3.31394	3.31394e+06	
44200	54.9178	65.8687	0	-7.8345e-07	3.22e-06	0	3.31394	3.31394e+06	
44300	54.7945	65.8766	0	-7.8345e-07	3.22e-06	0	3.31394	3.31394e+06	
44400	54.649	65.8948	0	-7.8345e-07	3.22e-06	0	3.31394	3.31394e+06	
44500	54.5082	65.9128	0	-7.8345e-07	3.22e-06	0	3.31394	3.31394e+06	
44600	54.4867	65.9128	0	-2.03742e-07	3.22e-06	0	3.22644	3.22644e+06	
44700	54.4781	65.9125	0	-2.03742e-07	3.22e-06	0	3.22644	3.22644e+06	
44800	54.4745	65.9123	0	-2.03742e-07	3.22e-06	0	3.22644	3.22644e+06	
44900	54.4729	65.9122	0	-2.03742e-07	3.22e-06	0	3.22644	3.22644e+06	
45000	54.4722	65.9121	0	-2.03742e-07	3.22e-06	0	3.22644	3.22644e+06	
45100	54.7394	65.8844	0	2.52842e-06	3.1364e-06	0	4.02863	4.02863e+06	
45200	55.0298	65.8668	0	2.52842e-06	3.1364e-06	0	4.02863	4.02863e+06	
45300	55.3756	65.8961	0	2.52842e-06	3.1364e-06	0	4.02863	4.02863e+06	
45400	55.6699	65.8942	0	2.52842e-06	3.1364e-06	0	4.02863	4.02863e+06	
45500	55.9454	65.8679	0	2.52842e-06	3.1364e-06	0	4.02863	4.02863e+06	
45600	56.1443	65.8418	0	1.58994e-06	7.78432e-07	0	1.77027	1.77027e+06	
45700	56.3504	65.8603	0	1.58994e-06	7.78432e-07	0	1.77027	1.77027e+06	
45800	56.552	65.8818	0	1.58994e-06	7.78432e-07	0	1.77027	1.77027e+06	
45900	56.733	65.86	0	1.58994e-06	7.78432e-07	0	1.77027	1.77027e+06	
46000	56.9212	65.8423	0	1.58994e-06	7.78432e-07	0	1.77027	1.77027e+06	
46100	57.3045	65.7385	0	3.08701e-06	-7.04102e-07	0	3.16629	3.16629e+06	
46200	57.688	65.651	0	3.08701e-06	-7.04102e-07	0	3.16629	3.16629e+06	
46300	58.0715	65.5635	0	3.08701e-06	-7.04102e-07	0	3.16629	3.16629e+06	
46400	58.455	65.4761	0	3.08701e-06	-7.04102e-07	0	3.16629	3.16629e+06	
46500	58.8385	65.3886	0	3.08701e-06	-7.04102e-07	0	3.16629	3.16629e+06	
46600	59.1143	65.4839	0	2.2202e-06	7.6751e-07	0	2.34911	2.34911e+06	
46700	59.3901	65.5793	0	2.2202e-06	7.6751e-07	0	2.34911	2.34911e+06	
46800	59.6659	65.6746	0	2.2202e-06	7.6751e-07	0	2.34911	2.34911e+06	
46900	59.9416	65.7694	0	2.2202e-06	7.6751e-07	0	2.34911	2.34911e+06	
47000	60.219	65.839	0	2.2202e-06	7.6751e-07	0	2.34911	2.34911e+06	
47100	60.5568	65.882	0	2.67882e-06	8.74534e-07	0	2.81796	2.81796e+06	
47200	60.8727	65.8492	0	2.67882e-06	8.74534e-07	0	2.81796	2.81796e+06	
47300	61.2067	65.8467	0	2.67882e-06	8.74534e-07	0	2.81796	2.81796e+06	
47400	61.5461	65.882	0	2.67882e-06	8.74534e-07	0	2.81796	2.81796e+06	
47500	61.8619	65.8501	0	2.67882e-06	8.74534e-07	0	2.81796	2.81796e+06	
47600	62.1637	65.87	0	2.41392e-06	2.86883e-06	0	3.7493	3.7493e+06	
47700	62.4995	65.9099	0	2.41392e-06	2.86883e-06	0	3.7493	3.7493e+06	
47800	62.7514	65.8812	0	2.41392e-06	2.86883e-06	0	3.7493	3.7493e+06	
47900	63.0309	65.8651	0	2.41392e-06	2.86883e-06	0	3.7493	3.7493e+06	
48000	63.3589	65.8917	0	2.41392e-06	2.86883e-06	0	3.7493	3.7493e+06	
48100	63.7455	65.8741	0	3.22e-06	1.7371e-06	0	3.65868	3.65868e+06	
48200	64.1375	65.8575	0	3.22e-06	1.7371e-06	0	3.65868	3.65868e+06	
48300	64.5521	65.8986	0	3.22e-06	1.7371e-06	0	3.65868	3.65868e+06	
48400	64.9234	65.858	0	3.22e-06	1.7371e-06	0	3.65868	3.65868e+06	
48500	65.3335	65.8749	0	3.22e-06	1.7371e-06	0	3.65868	3.65868e+06	
48600	65.7128	65.889	0	3.22e-06	3.22e-06	0	4.55377	4.55377e+06	
48700	66.091	65.8685	0	3.22e-06	3.22e-06	0	4.55377	4.55377e+06	
48800	66.5245	65.9126	0	3.22e-06	3.22e-06	0	4.55377	4.55377e+06	
48900	66.8721	65.8724	0	3.22e-06	3.22e-06	0	4.55377	4.55377e+06	
49000	67.2835	65.8833	0	3.22e-06	3.22e-06	0	4.55377	4.55377e+06	
49100	67.6768	65.8942	0	3.22e-06	3.22e-06	0	4.55377	4.55377e+06	
49200	68.0469	65.8675	0	3.22e-06	3.22e-06	0	4.55377	4.55377e+06	
49300	68.482	65.9107	0	3.22e-06	3.22e-06	0	4.55377	4.55377e+06	
49400	68.8326	65.8754	0	3.22e-06	3.22e-06	0	4.55377	4.55377e+06	
49500	69.2363	65.8781	0	3.22e-06	3.22e-06	0	4.55377	4.55377e+06	
49600	69.6399	65.8853	0	3.22e-06	1.36017e-06	0	3.49549	3.49549e+06	
49700	70.023	65.8506	0	3.22e-06	1.36017e-06	0	3.49549	3.49549e+06	
49800	70.4353	65.8823	0	3.22e-06	1.36017e-06	0	3.49549	3.49549e+06	
49900	70.816	65.8621	0	3.22e-06	1.36017e-06	0	3.49549	3.49549e+06	
50000	71.2158	65.8569	0	3.22e-06	1.36017e-06	0	3.49549	3.49549e+06	
