0	11	50	0	2.2308e-06	-3.12615e-07	0	2.25259	2.25259e+06	
100	11.4	49.6	0	3.22e-06	-3.22e-06	0	4.55377	4.55377e+06	
200	11.8	49.2	0	3.22e-06	-3.22e-06	0	4.55377	4.55377e+06	
300	12.2	48.8	0	3.22e-06	-3.22e-06	0	4.55377	4.55377e+06	
400	12.6	48.4	0	3.22e-06	-3.22e-06	0	4.55377	4.55377e+06	
500	13	48	0	3.22e-06	-3.22e-06	0	4.55377	4.55377e+06	
600	13.4	47.6	0	3.22e-06	-3.22e-06	0	4.55377	4.55377e+06	
700	13.8	47.2	0	3.22e-06	-3.22e-06	0	4.55377	4.55377e+06	
800	14.2	46.8	0	3.22e-06	-3.22e-06	0	4.55377	4.55377e+06	
900	14.6	46.4	0	3.22e-06	-3.22e-06	0	4.55377	4.55377e+06	
1000	15	46	0	3.22e-06	-3.22e-06	0	4.55377	4.55377e+06	
1100	15.4	45.6	0	3.22e-06	-3.22e-06	0	4.55377	4.55377e+06	
1200	15.8	45.2	0	3.22e-06	-3.22e-06	0	4.55377	4.55377e+06	
1300	16.2	44.8	0	3.22e-06	-3.22e-06	0	4.55377	4.55377e+06	
1400	16.6	44.4	0	3.22e-06	-3.22e-06	0	4.55377	4.55377e+06	
1500	16.8675	44.0045	0	3.22e-06	-3.22e-06	0	4.55377	4.55377e+06	
1600	16.781	43.7258	0	-3.52551e-07	-2.23699e-06	0	2.2646	2.2646e+06	
1700	16.7366	43.4479	0	-3.52551e-07	-2.23699e-06	0	2.2646	2.2646e+06	
1800	16.6927	43.17	0	-3.52551e-07	-2.23699e-06	0	2.2646	2.2646e+06	
1900	16.6489	42.8921	0	-3.52551e-07	-2.23699e-06	0	2.2646	2.2646e+06	
2000	16.6051	42.6142	0	-3.52551e-07	-2.23699e-06	0	2.2646	2.2646e+06	
2100	16.7216	42.2142	0	9.37702e-07	-3.22e-06	0	3.35376	3.35376e+06	
2200	16.8282	41.8138	0	9.37702e-07	-3.22e-06	0	3.35376	3.35376e+06	
2300	16.882	41.411	0	9.37702e-07	-3.22e-06	0	3.35376	3.35376e+06	
2400	16.8451	41.0263	0	9.37702e-07	-3.22e-06	0	3.35376	3.35376e+06	
2500	16.8643	40.6195	0	9.37702e-07	-3.22e-06	0	3.35376	3.35376e+06	
2600	17.0133	40.1713	0	2.51951e-06	-3.22e-06	0	4.08856	4.08856e+06	
2700	17.2394	39.7249	0	2.51951e-06	-3.22e-06	0	4.08856	4.08856e+06	
2800	17.5365	39.3116	0	2.51951e-06	-3.22e-06	0	4.08856	4.08856e+06	
2900	17.8492	38.9113	0	2.51951e-06	-3.22e-06	0	4.08856	4.08856e+06	
3000	18.1622	38.5113	0	2.51951e-06	-3.22e-06	0	4.08856	4.08856e+06	
3100	18.5622	38.1113	0	3.22e-06	-3.22e-06	0	4.55377	4.55377e+06	
3200	18.9622	37.7113	0	3.22e-06	-3.22e-06	0	4.55377	4.55377e+06	
3300	19.3622	37.3113	0	3.22e-06	-3.22e-06	0	4.55377	4.55377e+06	
3400	19.7622	36.9113	0	3.22e-06	-3.22e-06	0	4.55377	4.55377e+06	
3500	20.1622	36.5113	0	3.22e-06	-3.22e-06	0	4.55377	4.55377e+06	
3600	20.5622	36.1113	0	3.22e-06	-3.22e-06	0	4.55377	4.55377e+06	
3700	20.9622	35.7113	0	3.22e-06	-3.22e-06	0	4.55377	4.55377e+06	
3800	21.3622	35.3113	0	3.22e-06	-3.22e-06	0	4.55377	4.55377e+06	
3900	21.7622	34.9113	0	3.22e-06	-3.22e-06	0	4.55377	4.55377e+06	
4000	22.1622	34.5113	0	3.22e-06	-3.22e-06	0	4.55377	4.55377e+06	
4100	22.5622	34.1113	0	3.22e-06	-3.22e-06	0	4.55377	4.55377e+06	
4200	22.9622	33.7113	0	3.22e-06	-3.22e-06	0	4.55377	4.55377e+06	
4300	23.3622	33.3113	0	3.22e-06	-3.22e-06	0	4.55377	4.55377e+06	
4400	23.7622	32.9113	0	3.22e-06	-3.22e-06	0	4.55377	4.55377e+06	
4500	24.1622	32.5113	0	3.22e-06	-3.22e-06	0	4.55377	4.55377e+06	
4600	24.1793	32.1113	0	1.38051e-07	-3.22e-06	0	3.22296	3.22296e+06	
4700	24.1965	31.7113	0	1.38051e-07	-3.22e-06	0	3.22296	3.22296e+06	
4800	24.2136	31.3113	0	1.38051e-07	-3.22e-06	0	3.22296	3.22296e+06	
4900	24.2308	30.9113	0	1.38051e-07	-3.22e-06	0	3.22296	3.22296e+06	
5000	24.2479	30.5113	0	1.38051e-07	-3.22e-06	0	3.22296	3.22296e+06	
5100	24.1611	30.1113	0	-6.98876e-07	-3.22e-06	0	3.29497	3.29497e+06	
5200	24.0743	29.7113	0	-6.98876e-07	-3.22e-06	0	3.29497	3.29497e+06	
5300	23.9875	29.3113	0	-6.98876e-07	-3.22e-06	0	3.29497	3.29497e+06	
5400	23.9006	28.9113	0	-6.98876e-07	-3.22e-06	0	3.29497	3.29497e+06	
5500	23.8138	28.5113	0	-6.98876e-07	-3.22e-06	0	3.29497	3.29497e+06	
5600	23.4138	28.1113	0	-3.22e-06	-3.22e-06	0	4.55377	4.55377e+06	
5700	23.0138	27.7113	0	-3.22e-06	-3.22e-06	0	4.55377	4.55377e+06	
5800	22.6138	27.3113	0	-3.22e-06	-3.22e-06	0	4.55377	4.55377e+06	
5900	22.2138	26.9113	0	-3.22e-06	-3.22e-06	0	4.55377	4.55377e+06	
6000	21.8138	26.5113	0	-3.22e-06	-3.22e-06	0	4.55377	4.55377e+06	
6100	21.4752	26.4091	0	-2.72585e-06	-8.22714e-07	0	2.8473	2.8473e+06	
6200	21.1366	26.3069	0	-2.72585e-06	-8.22714e-07	0	2.8473	2.8473e+06	
6300	20.798	26.2047	0	-2.72585e-06	-8.22714e-07	0	2.8473	2.8473e+06	
6400	20.4594	26.1025	0	-2.72585e-06	-8.22714e-07	0	2.8473	2.8473e+06	
6500	20.1431	26.0004	0	-2.72585e-06	-8.22714e-07	0	2.8473	2.8473e+06	
6600	20.1877	25.878	0	-8.81952e-08	-9.7779e-07	0	0.98176	981760	
6700	20.1919	25.7553	0	-8.81952e-08	-9.7779e-07	0	0.98176	981760	
6800	20.1887	25.6328	0	-8.81952e-08	-9.7779e-07	0	0.98176	981760	
6900	20.1821	25.5109	0	-8.81952e-08	-9.7779e-07	0	0.98176	981760	
7000	20.1766	25.3899	0	-8.81952e-08	-9.7779e-07	0	0.98176	981760	
7100	20.2198	25.2396	0	3.06638e-07	-1.21512e-06	0	1.25321	1.25321e+06	
7200	20.2594	25.0888	0	3.06638e-07	-1.21512e-06	0	1.25321	1.25321e+06	
7300	20.2978	24.9379	0	3.06638e-07	-1.21512e-06	0	1.25321	1.25321e+06	
7400	20.3359	24.7869	0	3.06638e-07	-1.21512e-06	0	1.25321	1.25321e+06	
7500	20.374	24.636	0	3.06638e-07	-1.21512e-06	0	1.25321	1.25321e+06	
7600	20.4845	24.5492	0	8.89479e-07	-6.98687e-07	0	1.13108	1.13108e+06	
7700	20.595	24.4624	0	8.89479e-07	-6.98687e-07	0	1.13108	1.13108e+06	
7800	20.7055	24.3756	0	8.89479e-07	-6.98687e-07	0	1.13108	1.13108e+06	
7900	20.816	24.2888	0	8.89479e-07	-6.98687e-07	0	1.13108	1.13108e+06	
8000	20.9265	24.202	0	8.89479e-07	-6.98687e-07	0	1.13108	1.13108e+06	
8100	20.5902	24.2998	0	-2.70665e-06	7.87486e-07	0	2.81888	2.81888e+06	
8200	20.254	24.3977	0	-2.70665e-06	7.87486e-07	0	2.81888	2.81888e+06	
8300	20.0906	24.5047	0	-2.70665e-06	7.87486e-07	0	2.81888	2.81888e+06	
8400	20.0957	24.5735	0	-2.70665e-06	7.87486e-07	0	2.81888	2.81888e+06	
8500	20.1028	24.6212	0	-2.70665e-06	7.87486e-07	0	2.81888	2.81888e+06	
8600	20.1323	24.9806	0	-3.22e-06	3.22e-06	0	4.55377	4.55377e+06	
8700	20.0987	25.41	0	-3.22e-06	3.22e-06	0	4.55377	4.55377e+06	
8800	20.1187	25.7733	0	-3.22e-06	3.22e-06	0	4.55377	4.55377e+06	
8900	20.1278	26.1647	0	-3.22e-06	3.22e-06	0	4.55377	4.55377e+06	
9000	20.0922	26.5865	0	-3.22e-06	3.22e-06	0	4.55377	4.55377e+06	
9100	20.2493	26.9806	0	9.23477e-07	3.22e-06	0	3.34981	3.34981e+06	
9200	20.3642	27.3806	0	9.23477e-07	3.22e-06	0	3.34981	3.34981e+06	
9300	20.479	27.7806	0	9.23477e-07	3.22e-06	0	3.34981	3.34981e+06	
9400	20.5937	28.1806	0	9.23477e-07	3.22e-06	0	3.34981	3.34981e+06	
9500	20.7084	28.5806	0	9.23477e-07	3.22e-06	0	3.34981	3.34981e+06	
9600	21.1084	28.9806	0	3.22e-06	3.22e-06	0	4.55377	4.55377e+06	
9700	21.5084	29.3806	0	3.22e-06	3.22e-06	0	4.55377	4.55377e+06	
9800	21.9084	29.7806	0	3.22e-06	3.22e-06	0	4.55377	4.55377e+06	
9900	22.3084	30.1806	0	3.22e-06	3.22e-06	0	4.55377	4.55377e+06	
10000	22.7084	30.5806	0	3.22e-06	3.22e-06	0	4.55377	4.55377e+06	
10100	23.1084	30.5115	0	3.22e-06	-5.56282e-07	0	3.2677	3.2677e+06	
10200	23.5084	30.4424	0	3.22e-06	-5.56282e-07	0	3.2677	3.2677e+06	
10300	23.9084	30.3733	0	3.22e-06	-5.56282e-07	0	3.2677	3.2677e+06	
10400	24.3084	30.3042	0	3.22e-06	-5.56282e-07	0	3.2677	3.2677e+06	
10500	24.7084	30.2351	0	3.22e-06	-5.56282e-07	0	3.2677	3.2677e+06	
10600	24.3152	29.8351	0	-3.16499e-06	-3.22e-06	0	4.51504	4.51504e+06	
10700	23.9221	29.4351	0	-3.16499e-06	-3.22e-06	0	4.51504	4.51504e+06	
10800	23.5289	29.0351	0	-3.16499e-06	-3.22e-06	0	4.51504	4.51504e+06	
10900	23.1357	28.6351	0	-3.16499e-06	-3.22e-06	0	4.51504	4.51504e+06	
11000	22.7426	28.2351	0	-3.16499e-06	-3.22e-06	0	4.51504	4.51504e+06	
11100	22.4065	27.9768	0	-2.70559e-06	-2.07926e-06	0	3.41227	3.41227e+06	
11200	22.0704	27.7185	0	-2.70559e-06	-2.07926e-06	0	3.41227	3.41227e+06	
11300	21.7343	27.4602	0	-2.70559e-06	-2.07926e-06	0	3.41227	3.41227e+06	
11400	21.3982	27.2019	0	-2.70559e-06	-2.07926e-06	0	3.41227	3.41227e+06	
11500	21.0621	26.9436	0	-2.70559e-06	-2.07926e-06	0	3.41227	3.41227e+06	
11600	20.6621	27.0592	0	-3.22e-06	9.29886e-07	0	3.35158	3.35158e+06	
11700	20.2621	27.1747	0	-3.22e-06	9.29886e-07	0	3.35158	3.35158e+06	
11800	20.1099	27.3205	0	-3.22e-06	9.29886e-07	0	3.35158	3.35158e+06	
11900	20.0877	27.4836	0	-3.22e-06	9.29886e-07	0	3.35158	3.35158e+06	
12000	20.092	27.572	0	-3.22e-06	9.29886e-07	0	3.35158	3.35158e+06	
12100	20.4317	27.6811	0	2.58535e-06	8.97702e-07	0	2.73677	2.73677e+06	
12200	20.7529	27.7926	0	2.58535e-06	8.97702e-07	0	2.73677	2.73677e+06	
12300	21.0741	27.9041	0	2.58535e-06	8.97702e-07	0	2.73677	2.73677e+06	
12400	21.3952	28.0156	0	2.58535e-06	8.97702e-07	0	2.73677	2.73677e+06	
12500	21.7164	28.1271	0	2.58535e-06	8.97702e-07	0	2.73677	2.73677e+06	
12600	21.5354	27.8121	0	-1.45679e-06	-2.53584e-06	0	2.9245	2.9245e+06	
12700	21.3544	27.4971	0	-1.45679e-06	-2.53584e-06	0	2.9245	2.9245e+06	
12800	21.1735	27.1821	0	-1.45679e-06	-2.53584e-06	0	2.9245	2.9245e+06	
12900	20.9925	26.8671	0	-1.45679e-06	-2.53584e-06	0	2.9245	2.9245e+06	
13000	20.8115	26.5521	0	-1.45679e-06	-2.53584e-06	0	2.9245	2.9245e+06	
13100	20.7345	26.9106	0	-6.19952e-07	2.88619e-06	0	2.95202	2.95202e+06	
13200	20.6575	27.2691	0	-6.19952e-07	2.88619e-06	0	2.95202	2.95202e+06	
13300	20.5805	27.6277	0	-6.19952e-07	2.88619e-06	0	2.95202	2.95202e+06	
13400	20.5035	27.9862	0	-6.19952e-07	2.88619e-06	0	2.95202	2.95202e+06	
13500	20.4265	28.3447	0	-6.19952e-07	2.88619e-06	0	2.95202	2.95202e+06	
13600	20.8265	28.7447	0	3.22e-06	3.22e-06	0	4.55377	4.55377e+06	
13700	21.2265	29.1447	0	3.22e-06	3.22e-06	0	4.55377	4.55377e+06	
13800	21.6265	29.5447	0	3.22e-06	3.22e-06	0	4.55377	4.55377e+06	
13900	22.0265	29.9447	0	3.22e-06	3.22e-06	0	4.55377	4.55377e+06	
14000	22.4265	30.3447	0	3.22e-06	3.22e-06	0	4.55377	4.55377e+06	
14100	22.6414	29.9447	0	1.73053e-06	-3.22e-06	0	3.65556	3.65556e+06	
14200	22.8564	29.5447	0	1.73053e-06	-3.22e-06	0	3.65556	3.65556e+06	
14300	23.0714	29.1447	0	1.73053e-06	-3.22e-06	0	3.65556	3.65556e+06	
14400	23.2864	28.7447	0	1.73053e-06	-3.22e-06	0	3.65556	3.65556e+06	
14500	23.5013	28.3447	0	1.73053e-06	-3.22e-06	0	3.65556	3.65556e+06	
14600	23.3285	27.9447	0	-1.39142e-06	-3.22e-06	0	3.50777	3.50777e+06	
14700	23.1556	27.5447	0	-1.39142e-06	-3.22e-06	0	3.50777	3.50777e+06	
14800	22.9828	27.1447	0	-1.39142e-06	-3.22e-06	0	3.50777	3.50777e+06	
14900	22.81	26.7447	0	-1.39142e-06	-3.22e-06	0	3.50777	3.50777e+06	
15000	22.6371	26.3447	0	-1.39142e-06	-3.22e-06	0	3.50777	3.50777e+06	
15100	22.4886	26.0348	0	-1.19521e-06	-2.49478e-06	0	2.76631	2.76631e+06	
15200	22.3402	25.7249	0	-1.19521e-06	-2.49478e-06	0	2.76631	2.76631e+06	
15300	22.1917	25.415	0	-1.19521e-06	-2.49478e-06	0	2.76631	2.76631e+06	
15400	22.0432	25.1051	0	-1.19521e-06	-2.49478e-06	0	2.76631	2.76631e+06	
15500	21.8947	24.7952	0	-1.19521e-06	-2.49478e-06	0	2.76631	2.76631e+06	
15600	21.4947	25.1952	0	-3.22e-06	3.22e-06	0	4.55377	4.55377e+06	
15700	21.0947	25.5952	0	-3.22e-06	3.22e-06	0	4.55377	4.55377e+06	
15800	20.6947	25.9952	0	-3.22e-06	3.22e-06	0	4.55377	4.55377e+06	
15900	20.2947	26.3952	0	-3.22e-06	3.22e-06	0	4.55377	4.55377e+06	
16000	20.1176	26.7643	0	-3.22e-06	3.22e-06	0	4.55377	4.55377e+06	
16100	20.1903	27.1599	0	-7.6195e-10	3.22e-06	0	3.22	3.22e+06	
16200	20.1962	27.5605	0	-7.6195e-10	3.22e-06	0	3.22	3.22e+06	
16300	20.2036	27.9598	0	-7.6195e-10	3.22e-06	0	3.22	3.22e+06	
16400	20.2103	28.3602	0	-7.6195e-10	3.22e-06	0	3.22	3.22e+06	
16500	20.2107	28.7603	0	-7.6195e-10	3.22e-06	0	3.22	3.22e+06	
16600	20.6107	29.1603	0	3.22e-06	3.22e-06	0	4.55377	4.55377e+06	
16700	21.0107	29.5603	0	3.22e-06	3.22e-06	0	4.55377	4.55377e+06	
16800	21.4107	29.9603	0	3.22e-06	3.22e-06	0	4.55377	4.55377e+06	
16900	21.8107	30.3603	0	3.22e-06	3.22e-06	0	4.55377	4.55377e+06	
17000	22.2107	30.7603	0	3.22e-06	3.22e-06	0	4.55377	4.55377e+06	
17100	22.6107	30.6862	0	3.22e-06	-5.96256e-07	0	3.27474	3.27474e+06	
17200	23.0107	30.6121	0	3.22e-06	-5.96256e-07	0	3.27474	3.27474e+06	
17300	23.4107	30.5381	0	3.22e-06	-5.96256e-07	0	3.27474	3.27474e+06	
17400	23.8107	30.464	0	3.22e-06	-5.96256e-07	0	3.27474	3.27474e+06	
17500	24.2107	30.3899	0	3.22e-06	-5.96256e-07	0	3.27474	3.27474e+06	
17600	24.4249	30.1311	0	1.72449e-06	-2.08363e-06	0	2.7047	2.7047e+06	
17700	24.6392	29.8723	0	1.72449e-06	-2.08363e-06	0	2.7047	2.7047e+06	
17800	24.8534	29.6134	0	1.72449e-06	-2.08363e-06	0	2.7047	2.7047e+06	
17900	25.0676	29.3546	0	1.72449e-06	-2.08363e-06	0	2.7047	2.7047e+06	
18000	25.2818	29.0957	0	1.72449e-06	-2.08363e-06	0	2.7047	2.7047e+06	
18100	25.5273	28.9571	0	1.97625e-06	-1.11624e-06	0	2.26971	2.26971e+06	
18200	25.7728	28.8184	0	1.97625e-06	-1.11624e-06	0	2.26971	2.26971e+06	
18300	26.0183	28.6798	0	1.97625e-06	-1.11624e-06	0	2.26971	2.26971e+06	
18400	26.2638	28.5411	0	1.97625e-06	-1.11624e-06	0	2.26971	2.26971e+06	
18500	26.5093	28.4024	0	1.97625e-06	-1.11624e-06	0	2.26971	2.26971e+06	
18600	26.1491	28.5182	0	-2.89997e-06	9.31655e-07	0	3.04595	3.04595e+06	
18700	25.7888	28.6339	0	-2.89997e-06	9.31655e-07	0	3.04595	3.04595e+06	
18800	25.4286	28.7496	0	-2.89997e-06	9.31655e-07	0	3.04595	3.04595e+06	
18900	25.0683	28.8654	0	-2.89997e-06	9.31655e-07	0	3.04595	3.04595e+06	
19000	24.7081	28.9811	0	-2.89997e-06	9.31655e-07	0	3.04595	3.04595e+06	
19100	24.4731	28.9029	0	-1.89174e-06	-6.29829e-07	0	1.99384	1.99384e+06	
19200	24.2381	28.8246	0	-1.89174e-06	-6.29829e-07	0	1.99384	1.99384e+06	
19300	24.0031	28.7464	0	-1.89174e-06	-6.29829e-07	0	1.99384	1.99384e+06	
19400	23.7681	28.6681	0	-1.89174e-06	-6.29829e-07	0	1.99384	1.99384e+06	
19500	23.5331	28.5899	0	-1.89174e-06	-6.29829e-07	0	1.99384	1.99384e+06	
19600	23.2832	28.5657	0	-2.01185e-06	-1.94598e-07	0	2.02124	2.02124e+06	
19700	23.0333	28.5415	0	-2.01185e-06	-1.94598e-07	0	2.02124	2.02124e+06	
19800	22.7833	28.5174	0	-2.01185e-06	-1.94598e-07	0	2.02124	2.02124e+06	
19900	22.5334	28.4932	0	-2.01185e-06	-1.94598e-07	0	2.02124	2.02124e+06	
20000	22.2835	28.469	0	-2.01185e-06	-1.94598e-07	0	2.02124	2.02124e+06	
20100	21.955	28.4938	0	-2.64463e-06	1.99595e-07	0	2.65215	2.65215e+06	
20200	21.6264	28.5186	0	-2.64463e-06	1.99595e-07	0	2.65215	2.65215e+06	
20300	21.2979	28.5434	0	-2.64463e-06	1.99595e-07	0	2.65215	2.65215e+06	
20400	20.9694	28.5682	0	-2.64463e-06	1.99595e-07	0	2.65215	2.65215e+06	
20500	20.6409	28.593	0	-2.64463e-06	1.99595e-07	0	2.65215	2.65215e+06	
20600	20.2409	28.6043	0	-3.22e-06	9.08955e-08	0	3.22128	3.22128e+06	
20700	20.0249	28.6734	0	-3.22e-06	9.08955e-08	0	3.22128	3.22128e+06	
20800	19.9733	28.8137	0	-3.22e-06	9.08955e-08	0	3.22128	3.22128e+06	
20900	19.8997	28.975	0	-3.22e-06	9.08955e-08	0	3.22128	3.22128e+06	
21000	19.7964	29.1565	0	-3.22e-06	9.08955e-08	0	3.22128	3.22128e+06	
21100	19.9136	29.2991	0	7.80145e-07	1.04297e-06	0	1.30247	1.30247e+06	
21200	20.0105	29.4287	0	7.80145e-07	1.04297e-06	0	1.30247	1.30247e+06	
21300	20.1074	29.5582	0	7.80145e-07	1.04297e-06	0	1.30247	1.30247e+06	
21400	20.2043	29.6878	0	7.80145e-07	1.04297e-06	0	1.30247	1.30247e+06	
21500	20.3012	29.8173	0	7.80145e-07	1.04297e-06	0	1.30247	1.30247e+06	
21600	20.6321	29.6874	0	2.66341e-06	-1.0462e-06	0	2.86152	2.86152e+06	
21700	20.9629	29.5574	0	2.66341e-06	-1.0462e-06	0	2.86152	2.86152e+06	
21800	21.2938	29.4275	0	2.66341e-06	-1.0462e-06	0	2.86152	2.86152e+06	
21900	21.6246	29.2975	0	2.66341e-06	-1.0462e-06	0	2.86152	2.86152e+06	
22000	21.9555	29.1675	0	2.66341e-06	-1.0462e-06	0	2.86152	2.86152e+06	
22100	21.5563	28.7675	0	-3.21356e-06	-3.22e-06	0	4.54922	4.54922e+06	
22200	21.1571	28.3675	0	-3.21356e-06	-3.22e-06	0	4.54922	4.54922e+06	
22300	20.7579	27.9675	0	-3.21356e-06	-3.22e-06	0	4.54922	4.54922e+06	
22400	20.3587	27.5675	0	-3.21356e-06	-3.22e-06	0	4.54922	4.54922e+06	
22500	20.1229	27.1869	0	-3.21356e-06	-3.22e-06	0	4.54922	4.54922e+06	
22600	20.1284	26.8215	0	-2.98082e-06	-2.9654e-06	0	4.20463	4.20463e+06	
22700	20.0919	26.4295	0	-2.98082e-06	-2.9654e-06	0	4.20463	4.20463e+06	
22800	20.1304	26.1097	0	-2.98082e-06	-2.9654e-06	0	4.20463	4.20463e+06	
22900	20.1198	25.73	0	-2.98082e-06	-2.9654e-06	0	4.20463	4.20463e+06	
23000	20.1018	25.3596	0	-2.98082e-06	-2.9654e-06	0	4.20463	4.20463e+06	
23100	20.0957	25.5463	0	-2.27286e-06	1.37119e-06	0	2.65444	2.65444e+06	
23200	20.1135	25.6741	0	-2.27286e-06	1.37119e-06	0	2.65444	2.65444e+06	
23300	20.1301	25.8084	0	-2.27286e-06	1.37119e-06	0	2.65444	2.65444e+06	
23400	20.1391	25.9628	0	-2.27286e-06	1.37119e-06	0	2.65444	2.65444e+06	
23500	20.1359	26.1393	0	-2.27286e-06	1.37119e-06	0	2.65444	2.65444e+06	
23600	20.155	25.9624	0	-1.04676e-06	-1.45793e-06	0	1.79478	1.79478e+06	
23700	20.1461	25.7741	0	-1.04676e-06	-1.45793e-06	0	1.79478	1.79478e+06	
23800	20.1214	25.5787	0	-1.04676e-06	-1.45793e-06	0	1.79478	1.79478e+06	
23900	20.1161	25.4017	0	-1.04676e-06	-1.45793e-06	0	1.79478	1.79478e+06	
24000	20.1387	25.2419	0	-1.04676e-06	-1.45793e-06	0	1.79478	1.79478e+06	
24100	20.1345	24.9662	0	-2.92877e-06	-2.36031e-06	0	3.76149	3.76149e+06	
24200	20.1082	24.6442	0	-2.92877e-06	-2.36031e-06	0	3.76149	3.76149e+06	
24300	20.1026	24.3602	0	-2.92877e-06	-2.36031e-06	0	3.76149	3.76149e+06	
24400	20.1309	24.1104	0	-2.92877e-06	-2.36031e-06	0	3.76149	3.76149e+06	
24500	20.1277	23.812	0	-2.92877e-06	-2.36031e-06	0	3.76149	3.76149e+06	
24600	20.0404	23.3523	0	-3.22e-06	-3.22e-06	0	4.55377	4.55377e+06	
24700	19.8312	22.8681	0	-3.22e-06	-3.22e-06	0	4.55377	4.55377e+06	
24800	19.5003	22.4152	0	-3.22e-06	-3.22e-06	0	4.55377	4.55377e+06	
24900	19.1067	22.0077	0	-3.22e-06	-3.22e-06	0	4.55377	4.55377e+06	
25000	18.7067	21.6077	0	-3.22e-06	-3.22e-06	0	4.55377	4.55377e+06	
25100	18.5827	21.4166	0	-9.97656e-07	-1.53817e-06	0	1.83338	1.83338e+06	
25200	18.4588	21.2255	0	-9.97656e-07	-1.53817e-06	0	1.83338	1.83338e+06	
25300	18.3349	21.0344	0	-9.97656e-07	-1.53817e-06	0	1.83338	1.83338e+06	
25400	18.211	20.8434	0	-9.97656e-07	-1.53817e-06	0	1.83338	1.83338e+06	
25500	18.087	20.6523	0	-9.97656e-07	-1.53817e-06	0	1.83338	1.83338e+06	
25600	17.8034	20.2678	0	-2.28274e-06	-3.09493e-06	0	3.84571	3.84571e+06	
25700	17.5199	19.8834	0	-2.28274e-06	-3.09493e-06	0	3.84571	3.84571e+06	
25800	17.2363	19.4989	0	-2.28274e-06	-3.09493e-06	0	3.84571	3.84571e+06	
25900	16.9527	19.1144	0	-2.28274e-06	-3.09493e-06	0	3.84571	3.84571e+06	
26000	16.6692	18.73	0	-2.28274e-06	-3.09493e-06	0	3.84571	3.84571e+06	
26100	16.863	18.33	0	1.55996e-06	-3.22e-06	0	3.57797	3.57797e+06	
26200	17.0567	17.93	0	1.55996e-06	-3.22e-06	0	3.57797	3.57797e+06	
26300	17.2505	17.53	0	1.55996e-06	-3.22e-06	0	3.57797	3.57797e+06	
26400	17.4443	17.13	0	1.55996e-06	-3.22e-06	0	3.57797	3.57797e+06	
26500	17.6381	16.73	0	1.55996e-06	-3.22e-06	0	3.57797	3.57797e+06	
26600	17.8218	16.4812	0	1.47912e-06	-2.00294e-06	0	2.48989	2.48989e+06	
26700	18.0056	16.2323	0	1.47912e-06	-2.00294e-06	0	2.48989	2.48989e+06	
26800	18.1893	15.9835	0	1.47912e-06	-2.00294e-06	0	2.48989	2.48989e+06	
26900	18.3731	15.7347	0	1.47912e-06	-2.00294e-06	0	2.48989	2.48989e+06	
27000	18.5568	15.4859	0	1.47912e-06	-2.00294e-06	0	2.48989	2.48989e+06	
27100	18.6827	15.0859	0	1.01348e-06	-3.22e-06	0	3.37573	3.37573e+06	
27200	18.8086	14.6859	0	1.01348e-06	-3.22e-06	0	3.37573	3.37573e+06	
27300	18.9345	14.2859	0	1.01348e-06	-3.22e-06	0	3.37573	3.37573e+06	
27400	19.0604	13.8859	0	1.01348e-06	-3.22e-06	0	3.37573	3.37573e+06	
27500	19.1863	13.4859	0	1.01348e-06	-3.22e-06	0	3.37573	3.37573e+06	
27600	19.4869	13.5122	0	2.41972e-06	2.11735e-07	0	2.42896	2.42896e+06	
27700	19.7875	13.5385	0	2.41972e-06	2.11735e-07	0	2.42896	2.42896e+06	
27800	20.088	13.5648	0	2.41972e-06	2.11735e-07	0	2.42896	2.42896e+06	
27900	20.3886	13.5911	0	2.41972e-06	2.11735e-07	0	2.42896	2.42896e+06	
28000	20.6892	13.6174	0	2.41972e-06	2.11735e-07	0	2.42896	2.42896e+06	
28100	20.8482	13.8229	0	1.27973e-06	1.65382e-06	0	2.09113	2.09113e+06	
28200	21.0072	14.0283	0	1.27973e-06	1.65382e-06	0	2.09113	2.09113e+06	
28300	21.1661	14.2337	0	1.27973e-06	1.65382e-06	0	2.09113	2.09113e+06	
28400	21.3251	14.4392	0	1.27973e-06	1.65382e-06	0	2.09113	2.09113e+06	
28500	21.4841	14.6446	0	1.27973e-06	1.65382e-06	0	2.09113	2.09113e+06	
28600	21.3676	14.8179	0	-9.3731e-07	1.39467e-06	0	1.68037	1.68037e+06	
28700	21.2512	14.9911	0	-9.3731e-07	1.39467e-06	0	1.68037	1.68037e+06	
28800	21.1348	15.1644	0	-9.3731e-07	1.39467e-06	0	1.68037	1.68037e+06	
28900	21.0183	15.3376	0	-9.3731e-07	1.39467e-06	0	1.68037	1.68037e+06	
29000	20.9019	15.5109	0	-9.3731e-07	1.39467e-06	0	1.68037	1.68037e+06	
29100	20.8705	15.5242	0	-2.52498e-07	1.07288e-07	0	0.274347	274347	
29200	20.8392	15.5375	0	-2.52498e-07	1.07288e-07	0	0.274347	274347	
29300	20.8078	15.5509	0	-2.52498e-07	1.07288e-07	0	0.274347	274347	
29400	20.7764	15.5642	0	-2.52498e-07	1.07288e-07	0	0.274347	274347	
29500	20.7451	15.5775	0	-2.52498e-07	1.07288e-07	0	0.274347	274347	
29600	20.5526	15.6582	0	-1.54914e-06	6.49849e-07	0	1.67992	1.67992e+06	
29700	20.3602	15.739	0	-1.54914e-06	6.49849e-07	0	1.67992	1.67992e+06	
29800	20.1678	15.8197	0	-1.54914e-06	6.49849e-07	0	1.67992	1.67992e+06	
29900	19.9753	15.9004	0	-1.54914e-06	6.49849e-07	0	1.67992	1.67992e+06	
30000	19.7829	15.9812	0	-1.54914e-06	6.49849e-07	0	1.67992	1.67992e+06	
30100	19.734	15.7684	0	-3.93257e-07	-1.71288e-06	0	1.75744	1.75744e+06	
30200	19.6852	15.5556	0	-3.93257e-07	-1.71288e-06	0	1.75744	1.75744e+06	
30300	19.6363	15.3428	0	-3.93257e-07	-1.71288e-06	0	1.75744	1.75744e+06	
30400	19.5875	15.13	0	-3.93257e-07	-1.71288e-06	0	1.75744	1.75744e+06	
30500	19.5386	14.9173	0	-3.93257e-07	-1.71288e-06	0	1.75744	1.75744e+06	
30600	19.3158	14.7568	0	-1.79355e-06	-1.29166e-06	0	2.21025	2.21025e+06	
30700	19.093	14.5963	0	-1.79355e-06	-1.29166e-06	0	2.21025	2.21025e+06	
30800	18.8702	14.4359	0	-1.79355e-06	-1.29166e-06	0	2.21025	2.21025e+06	
30900	18.6474	14.2754	0	-1.79355e-06	-1.29166e-06	0	2.21025	2.21025e+06	
31000	18.4246	14.115	0	-1.79355e-06	-1.29166e-06	0	2.21025	2.21025e+06	
31100	18.0246	13.715	0	-3.22e-06	-3.22e-06	0	4.55377	4.55377e+06	
31200	17.6246	13.315	0	-3.22e-06	-3.22e-06	0	4.55377	4.55377e+06	
31300	17.2246	12.915	0	-3.22e-06	-3.22e-06	0	4.55377	4.55377e+06	
31400	16.8246	12.515	0	-3.22e-06	-3.22e-06	0	4.55377	4.55377e+06	
31500	16.4246	12.115	0	-3.22e-06	-3.22e-06	0	4.55377	4.55377e+06	
31600	16.0246	11.8727	0	-3.22e-06	-1.95056e-06	0	3.76472	3.76472e+06	
31700	15.6246	11.6304	0	-3.22e-06	-1.95056e-06	0	3.76472	3.76472e+06	
31800	15.2246	11.3881	0	-3.22e-06	-1.95056e-06	0	3.76472	3.76472e+06	
31900	14.8246	11.1458	0	-3.22e-06	-1.95056e-06	0	3.76472	3.76472e+06	
32000	14.4246	10.9035	0	-3.22e-06	-1.95056e-06	0	3.76472	3.76472e+06	
32100	14.0246	10.6225	0	-3.22e-06	-2.26187e-06	0	3.93503	3.93503e+06	
32200	13.6246	10.3415	0	-3.22e-06	-2.26187e-06	0	3.93503	3.93503e+06	
32300	13.2246	10.0605	0	-3.22e-06	-2.26187e-06	0	3.93503	3.93503e+06	
32400	12.8246	9.77954	0	-3.22e-06	-2.26187e-06	0	3.93503	3.93503e+06	
32500	12.4246	9.49856	0	-3.22e-06	-2.26187e-06	0	3.93503	3.93503e+06	
32600	12.3575	9.23921	0	-5.4028e-07	-2.08777e-06	0	2.15655	2.15655e+06	
32700	12.2904	8.97986	0	-5.4028e-07	-2.08777e-06	0	2.15655	2.15655e+06	
32800	12.2233	8.72051	0	-5.4028e-07	-2.08777e-06	0	2.15655	2.15655e+06	
32900	12.1561	8.46116	0	-5.4028e-07	-2.08777e-06	0	2.15655	2.15655e+06	
33000	12.089	8.20181	0	-5.4028e-07	-2.08777e-06	0	2.15655	2.15655e+06	
33100	11.8666	7.80181	0	-1.7908e-06	-3.22e-06	0	3.68448	3.68448e+06	
33200	11.6441	7.40181	0	-1.7908e-06	-3.22e-06	0	3.68448	3.68448e+06	
33300	11.4216	7.00181	0	-1.7908e-06	-3.22e-06	0	3.68448	3.68448e+06	
33400	11.1992	6.60181	0	-1.7908e-06	-3.22e-06	0	3.68448	3.68448e+06	
33500	10.9767	6.20181	0	-1.7908e-06	-3.22e-06	0	3.68448	3.68448e+06	
33600	10.8328	5.80181	0	-1.15834e-06	-3.22e-06	0	3.42201	3.42201e+06	
33700	10.6889	5.40181	0	-1.15834e-06	-3.22e-06	0	3.42201	3.42201e+06	
33800	10.5451	5.00181	0	-1.15834e-06	-3.22e-06	0	3.42201	3.42201e+06	
33900	10.4012	4.60181	0	-1.15834e-06	-3.22e-06	0	3.42201	3.42201e+06	
34000	10.2573	4.20181	0	-1.15834e-06	-3.22e-06	0	3.42201	3.42201e+06	
34100	10.0052	3.80181	0	-2.02901e-06	-3.22e-06	0	3.80595	3.80595e+06	
34200	9.75317	3.40181	0	-2.02901e-06	-3.22e-06	0	3.80595	3.80595e+06	
34300	9.50112	3.00181	0	-2.02901e-06	-3.22e-06	0	3.80595	3.80595e+06	
34400	9.24907	2.60181	0	-2.02901e-06	-3.22e-06	0	3.80595	3.80595e+06	
34500	8.99702	2.20237	0	-2.02901e-06	-3.22e-06	0	3.80595	3.80595e+06	
34600	8.56644	2.09521	0	-3.22e-06	-3.22e-06	0	4.55377	4.55377e+06	
34700	8.20792	2.12072	0	-3.22e-06	-3.22e-06	0	4.55377	4.55377e+06	
34800	7.81254	2.12619	0	-3.22e-06	-3.22e-06	0	4.55377	4.55377e+06	
34900	7.39582	2.0947	0	-3.22e-06	-3.22e-06	0	4.55377	4.55377e+06	
35000	7.0407	2.13183	0	-3.22e-06	-3.22e-06	0	4.55377	4.55377e+06	
35100	6.6392	2.17877	0	-3.22e-06	-1.11985e-07	0	3.22195	3.22195e+06	
35200	6.23994	2.17517	0	-3.22e-06	-1.11985e-07	0	3.22195	3.22195e+06	
35300	5.84063	2.18906	0	-3.22e-06	-1.11985e-07	0	3.22195	3.22195e+06	
35400	5.43989	2.18295	0	-3.22e-06	-1.11985e-07	0	3.22195	3.22195e+06	
35500	5.04131	2.18635	0	-3.22e-06	-1.11985e-07	0	3.22195	3.22195e+06	
35600	4.64045	2.18767	0	-3.22e-06	-1.27076e-07	0	3.22251	3.22251e+06	
35700	4.24103	2.17945	0	-3.22e-06	-1.27076e-07	0	3.22251	3.22251e+06	
35800	3.84159	2.1891	0	-3.22e-06	-1.27076e-07	0	3.22251	3.22251e+06	
35900	3.44083	2.18136	0	-3.22e-06	-1.27076e-07	0	3.22251	3.22251e+06	
36000	3.0424	2.18456	0	-3.22e-06	-1.27076e-07	0	3.22251	3.22251e+06	
36100	2.64234	2.2796	0	-3.22e-06	7.2086e-07	0	3.2997	3.2997e+06	
36200	2.24234	2.36916	0	-3.22e-06	7.2086e-07	0	3.2997	3.2997e+06	
36300	1.84234	2.45871	0	-3.22e-06	7.2086e-07	0	3.2997	3.2997e+06	
36400	1.44234	2.54825	0	-3.22e-06	7.2086e-07	0	3.2997	3.2997e+06	
36500	1.10139	2.62877	0	-3.22e-06	7.2086e-07	0	3.2997	3.2997e+06	
36600	1.13023	2.9131	0	-3.22e-06	2.66048e-06	0	4.1769	4.1769e+06	
36700	1.11932	3.25711	0	-3.22e-06	2.66048e-06	0	4.1769	4.1769e+06	
36800	1.09469	3.60116	0	-3.22e-06	2.66048e-06	0	4.1769	4.1769e+06	
36900	1.12841	3.88016	0	-3.22e-06	2.66048e-06	0	4.1769	4.1769e+06	
37000	1.12333	4.21775	0	-3.22e-06	2.66048e-06	0	4.1769	4.1769e+06	
37100	1.0912	4.45003	0	-3.22e-06	1.47219e-06	0	3.54059	3.54059e+06	
37200	1.09648	4.60646	0	-3.22e-06	1.47219e-06	0	3.54059	3.54059e+06	
37300	1.11449	4.72843	0	-3.22e-06	1.47219e-06	0	3.54059	3.54059e+06	
37400	1.12837	4.87201	0	-3.22e-06	1.47219e-06	0	3.54059	3.54059e+06	
37500	1.1324	5.04638	0	-3.22e-06	1.47219e-06	0	3.54059	3.54059e+06	
37600	1.08934	5.4814	0	-3.22e-06	3.22e-06	0	4.55377	4.55377e+06	
37700	1.12456	5.83215	0	-3.22e-06	3.22e-06	0	4.55377	4.55377e+06	
37800	1.12194	6.23575	0	-3.22e-06	3.22e-06	0	4.55377	4.55377e+06	
37900	1.10029	6.64088	0	-3.22e-06	3.22e-06	0	4.55377	4.55377e+06	
38000	1.1326	7.00322	0	-3.22e-06	3.22e-06	0	4.55377	4.55377e+06	
38100	1.09495	7.43538	0	-3.22e-06	3.22e-06	0	4.55377	4.55377e+06	
38200	1.12088	7.79355	0	-3.22e-06	3.22e-06	0	4.55377	4.55377e+06	
38300	1.12605	8.18924	0	-3.22e-06	3.22e-06	0	4.55377	4.55377e+06	
38400	1.0949	8.60555	0	-3.22e-06	3.22e-06	0	4.55377	4.55377e+06	
38500	1.13187	8.96091	0	-3.22e-06	3.22e-06	0	4.55377	4.55377e+06	
38600	1.10216	9.38762	0	-3.22e-06	3.22e-06	0	4.55377	4.55377e+06	
38700	1.11663	9.75583	0	-3.22e-06	3.22e-06	0	4.55377	4.55377e+06	
38800	1.12914	10.1435	0	-3.22e-06	3.22e-06	0	4.55377	4.55377e+06	
38900	1.09021	10.5695	0	-3.22e-06	3.22e-06	0	4.55377	4.55377e+06	
39000	1.13035	10.9195	0	-3.22e-06	3.22e-06	0	4.55377	4.55377e+06	
39100	1.10932	11.3395	0	-3.22e-06	3.22e-06	0	4.55377	4.55377e+06	
39200	1.11187	11.719	0	-3.22e-06	3.22e-06	0	4.55377	4.55377e+06	
39300	1.13124	12.0985	0	-3.22e-06	3.22e-06	0	4.55377	4.55377e+06	
39400	1.08755	12.5313	0	-3.22e-06	3.22e-06	0	4.55377	4.55377e+06	
39500	1.1281	12.8789	0	-3.22e-06	3.22e-06	0	4.55377	4.55377e+06	
39600	1.1157	13.2916	0	-3.22e-06	3.22e-06	0	4.55377	4.55377e+06	
39700	1.10671	13.6828	0	-3.22e-06	3.22e-06	0	4.55377	4.55377e+06	
39800	1.13239	14.0543	0	-3.22e-06	3.22e-06	0	4.55377	4.55377e+06	
39900	1.08867	14.4894	0	-3.22e-06	3.22e-06	0	4.55377	4.55377e+06	
40000	1.12516	14.8393	0	-3.22e-06	3.22e-06	0	4.55377	4.55377e+06	
40100	1.12107	15.2443	0	-3.22e-06	3.22e-06	0	4.55377	4.55377e+06	
40200	1.10129	15.6473	0	-3.22e-06	3.22e-06	0	4.55377	4.55377e+06	
40300	1.13265	16.011	0	-3.22e-06	3.22e-06	0	4.55377	4.55377e+06	
40400	1.09374	16.4439	0	-3.22e-06	3.22e-06	0	4.55377	4.55377e+06	
40500	1.12159	16.8005	0	-3.22e-06	3.22e-06	0	4.55377	4.55377e+06	
40600	1.12538	17.1977	0	-3.22e-06	3.22e-06	0	4.55377	4.55377e+06	
40700	1.09585	17.612	0	-3.22e-06	3.22e-06	0	4.55377	4.55377e+06	
40800	1.13206	17.9686	0	-3.22e-06	3.22e-06	0	4.55377	4.55377e+06	
40900	1.10082	18.3964	0	-3.22e-06	3.22e-06	0	4.55377	4.55377e+06	
41000	1.11744	18.7626	0	-3.22e-06	3.22e-06	0	4.55377	4.55377e+06	
41100	1.12865	19.1518	0	-3.22e-06	3.22e-06	0	4.55377	4.55377e+06	
41200	1.09096	19.5762	0	-3.22e-06	3.22e-06	0	4.55377	4.55377e+06	
41300	1.13068	19.927	0	-3.22e-06	3.22e-06	0	4.55377	4.55377e+06	
41400	1.10807	20.3482	0	-3.22e-06	3.22e-06	0	4.55377	4.55377e+06	
41500	1.11277	20.7256	0	-3.22e-06	3.22e-06	0	4.55377	4.55377e+06	
41600	1.13093	21.1066	0	-3.22e-06	3.22e-06	0	4.55377	4.55377e+06	
41700	1.0878	21.5385	0	-3.22e-06	3.22e-06	0	4.55377	4.55377e+06	
41800	1.12856	21.8863	0	-3.22e-06	3.22e-06	0	4.55377	4.55377e+06	
41900	1.11461	22.3003	0	-3.22e-06	3.22e-06	0	4.55377	4.55377e+06	
42000	1.10768	22.6894	0	-3.22e-06	3.22e-06	0	4.55377	4.55377e+06	
42100	1.13225	23.0623	0	-3.22e-06	3.22e-06	0	4.55377	4.55377e+06	
42200	1.08814	23.4974	0	-3.22e-06	3.22e-06	0	4.55377	4.55377e+06	
42300	1.12575	23.8464	0	-3.22e-06	3.22e-06	0	4.55377	4.55377e+06	
42400	1.12017	24.2529	0	-3.22e-06	3.22e-06	0	4.55377	4.55377e+06	
42500	1.10228	24.6538	0	-3.22e-06	3.22e-06	0	4.55377	4.55377e+06	
42600	1.13267	25.0188	0	-3.22e-06	3.22e-06	0	4.55377	4.55377e+06	
42700	1.0926	25.4524	0	-3.22e-06	3.22e-06	0	4.55377	4.55377e+06	
42800	1.12228	25.8075	0	-3.22e-06	3.22e-06	0	4.55377	4.55377e+06	
42900	1.12468	26.2061	0	-3.22e-06	3.22e-06	0	4.55377	4.55377e+06	
43000	1.09682	26.6184	0	-3.22e-06	3.22e-06	0	4.55377	4.55377e+06	
43100	1.13223	26.9762	0	-3.22e-06	3.22e-06	0	4.55377	4.55377e+06	
43200	1.09948	27.4051	0	-3.22e-06	3.22e-06	0	4.55377	4.55377e+06	
43300	1.11824	27.7695	0	-3.22e-06	3.22e-06	0	4.55377	4.55377e+06	
43400	1.12813	28.1601	0	-3.22e-06	3.22e-06	0	4.55377	4.55377e+06	
43500	1.09177	28.5828	0	-3.22e-06	3.22e-06	0	4.55377	4.55377e+06	
43600	1.13099	28.9345	0	-3.22e-06	3.22e-06	0	4.55377	4.55377e+06	
43700	1.10678	29.357	0	-3.22e-06	3.22e-06	0	4.55377	4.55377e+06	
43800	1.11366	29.7323	0	-3.22e-06	3.22e-06	0	4.55377	4.55377e+06	
43900	1.13059	30.1148	0	-3.22e-06	3.22e-06	0	4.55377	4.55377e+06	
44000	1.08817	30.5456	0	-3.22e-06	3.22e-06	0	4.55377	4.55377e+06	
44100	1.129	30.8936	0	-3.22e-06	3.22e-06	0	4.55377	4.55377e+06	
44200	1.11349	31.309	0	-3.22e-06	3.22e-06	0	4.55377	4.55377e+06	
44300	1.10863	31.6959	0	-3.22e-06	3.22e-06	0	4.55377	4.55377e+06	
44400	1.13208	32.0703	0	-3.22e-06	3.22e-06	0	4.55377	4.55377e+06	
44500	1.08775	32.5052	0	-3.22e-06	3.22e-06	0	4.55377	4.55377e+06	
44600	1.13456	32.8691	0	-2.18056e-06	3.22e-06	0	3.88886	3.88886e+06	
44700	1.12654	33.2761	0	-2.18056e-06	3.22e-06	0	3.88886	3.88886e+06	
44800	1.1118	33.6723	0	-2.18056e-06	3.22e-06	0	3.88886	3.88886e+06	
44900	1.14025	34.0514	0	-2.18056e-06	3.22e-06	0	3.88886	3.88886e+06	
45000	1.09956	34.4742	0	-2.18056e-06	3.22e-06	0	3.88886	3.88886e+06	
45100	1.12395	34.8237	0	-3.22e-06	3.22e-06	0	4.55377	4.55377e+06	
45200	1.12993	34.8701	0	-3.22e-06	3.22e-06	0	4.55377	4.55377e+06	
45300	1.12993	34.8701	0	-3.22e-06	3.22e-06	0	4.55377	4.55377e+06	
45400	1.12993	34.8701	0	-3.22e-06	3.22e-06	0	4.55377	4.55377e+06	
45500	1.12993	34.8701	0	-3.22e-06	3.22e-06	0	4.55377	4.55377e+06	
45600	1.12993	34.8701	0	-3.22e-06	3.22e-06	0	4.55377	4.55377e+06	
45700	1.12993	34.8701	0	-3.22e-06	3.22e-06	0	4.55377	4.55377e+06	
45800	1.12993	34.8701	0	-3.22e-06	3.22e-06	0	4.55377	4.55377e+06	
45900	1.12993	34.8701	0	-3.22e-06	3.22e-06	0	4.55377	4.55377e+06	
46000	1.12993	34.8701	0	-3.22e-06	3.22e-06	0	4.55377	4.55377e+06	
46100	1.12979	34.869	0	-3.22e-06	3.05938e-06	0	4.44164	4.44164e+06	
46200	1.12979	34.869	0	-3.22e-06	3.05938e-06	0	4.44164	4.44164e+06	
46300	1.12979	34.869	0	-3.22e-06	3.05938e-06	0	4.44164	4.44164e+06	
46400	1.12979	34.869	0	-3.22e-06	3.05938e-06	0	4.44164	4.44164e+06	
46500	1.12979	34.869	0	-3.22e-06	3.05938e-06	0	4.44164	4.44164e+06	
46600	1.12915	34.8633	0	-3.22e-06	2.36594e-06	0	3.99576	3.99576e+06	
46700	1.12915	34.8633	0	-3.22e-06	2.36594e-06	0	3.99576	3.99576e+06	
46800	1.12915	34.8633	0	-3.22e-06	2.36594e-06	0	3.99576	3.99576e+06	
46900	1.12915	34.8633	0	-3.22e-06	2.36594e-06	0	3.99576	3.99576e+06	
47000	1.12915	34.8633	0	-3.22e-06	2.36594e-06	0	3.99576	3.99576e+06	
47100	1.12594	34.8285	0	-3.22e-06	6.01154e-07	0	3.27564	3.27564e+06	
47200	1.12573	34.8263	0	-3.22e-06	6.01154e-07	0	3.27564	3.27564e+06	
47300	1.1257	34.826	0	-3.22e-06	6.01154e-07	0	3.27564	3.27564e+06	
47400	1.12569	34.826	0	-3.22e-06	6.01154e-07	0	3.27564	3.27564e+06	
47500	1.12569	34.826	0	-3.22e-06	6.01154e-07	0	3.27564	3.27564e+06	
47600	1.12138	34.7787	0	-3.22e-06	3.666e-08	0	3.22021	3.22021e+06	
47700	1.11666	34.737	0	-3.22e-06	3.666e-08	0	3.22021	3.22021e+06	
47800	1.11041	34.6895	0	-3.22e-06	3.666e-08	0	3.22021	3.22021e+06	
47900	1.10238	34.6357	0	-3.22e-06	3.666e-08	0	3.22021	3.22021e+06	
48000	1.09408	34.5816	0	-3.22e-06	3.666e-08	0	3.22021	3.22021e+06	
48100	1.08705	34.4902	0	-3.22e-06	-5.44104e-07	0	3.26565	3.26565e+06	
48200	1.08957	34.4505	0	-3.22e-06	-5.44104e-07	0	3.26565	3.26565e+06	
48300	1.09204	34.4299	0	-3.22e-06	-5.44104e-07	0	3.26565	3.26565e+06	
48400	1.09391	34.4164	0	-3.22e-06	-5.44104e-07	0	3.26565	3.26565e+06	
48500	1.09539	34.4063	0	-3.22e-06	-5.44104e-07	0	3.26565	3.26565e+06	
48600	1.09048	34.4517	0	-3.11564e-06	-2.05345e-08	0	3.11571	3.11571e+06	
48700	1.08831	34.4775	0	-3.11564e-06	-2.05345e-08	0	3.11571	3.11571e+06	
48800	1.08781	34.4891	0	-3.11564e-06	-2.05345e-08	0	3.11571	3.11571e+06	
48900	1.08771	34.4939	0	-3.11564e-06	-2.05345e-08	0	3.11571	3.11571e+06	
49000	1.08768	34.4959	0	-3.11564e-06	-2.05345e-08	0	3.11571	3.11571e+06	
49100	1.12791	34.3275	0	-9.80294e-07	-1.49955e-06	0	1.79154	1.79154e+06	
49200	1.14844	34.1572	0	-9.80294e-07	-1.49955e-06	0	1.79154	1.79154e+06	
49300	1.15633	33.9751	0	-9.80294e-07	-1.49955e-06	0	1.79154	1.79154e+06	
49400	1.14843	33.7827	0	-9.80294e-07	-1.49955e-06	0	1.79154	1.79154e+06	
49500	1.12388	33.5834	0	-9.80294e-07	-1.49955e-06	0	1.79154	1.79154e+06	
49600	1.28965	33.3599	0	1.26308e-06	-1.79159e-06	0	2.19207	2.19207e+06	
49700	1.44656	33.1374	0	1.26308e-06	-1.79159e-06	0	2.19207	2.19207e+06	
49800	1.60346	32.9148	0	1.26308e-06	-1.79159e-06	0	2.19207	2.19207e+06	
49900	1.76036	32.6922	0	1.26308e-06	-1.79159e-06	0	2.19207	2.19207e+06	
50000	1.91727	32.4697	0	1.26308e-06	-1.79159e-06	0	2.19207	2.19207e+06	
