0	56	56	0	-2.3946e-06	3.22e-06	0	4.0128	4.0128e+06	
100	56.4	55.8632	0	3.22e-06	-1.10126e-06	0	3.40311	3.40311e+06	
200	56.8	55.7264	0	3.22e-06	-1.10126e-06	0	3.40311	3.40311e+06	
300	57.2	55.5896	0	3.22e-06	-1.10126e-06	0	3.40311	3.40311e+06	
400	57.6	55.4528	0	3.22e-06	-1.10126e-06	0	3.40311	3.40311e+06	
500	58	55.316	0	3.22e-06	-1.10126e-06	0	3.40311	3.40311e+06	
600	58.4	55.4491	0	3.22e-06	1.07136e-06	0	3.39356	3.39356e+06	
700	58.8	55.5822	0	3.22e-06	1.07136e-06	0	3.39356	3.39356e+06	
800	59.2	55.7153	0	3.22e-06	1.07136e-06	0	3.39356	3.39356e+06	
900	59.6	55.8483	0	3.22e-06	1.07136e-06	0	3.39356	3.39356e+06	
1000	60	55.9814	0	3.22e-06	1.07136e-06	0	3.39356	3.39356e+06	
1100	60.4	56.0443	0	3.22e-06	5.05914e-07	0	3.2595	3.2595e+06	
1200	60.8	56.1071	0	3.22e-06	5.05914e-07	0	3.2595	3.2595e+06	
1300	61.2	56.17	0	3.22e-06	5.05914e-07	0	3.2595	3.2595e+06	
1400	61.6	56.2328	0	3.22e-06	5.05914e-07	0	3.2595	3.2595e+06	
1500	62	56.2957	0	3.22e-06	5.05914e-07	0	3.2595	3.2595e+06	
1600	62.0066	56.4734	0	5.30419e-08	1.43084e-06	0	1.43182	1.43182e+06	
1700	62.0132	56.6512	0	5.30419e-08	1.43084e-06	0	1.43182	1.43182e+06	
1800	62.0198	56.8289	0	5.30419e-08	1.43084e-06	0	1.43182	1.43182e+06	
1900	62.0264	57.0066	0	5.30419e-08	1.43084e-06	0	1.43182	1.43182e+06	
2000	62.0329	57.1844	0	5.30419e-08	1.43084e-06	0	1.43182	1.43182e+06	
2100	62.0202	57.2567	0	-1.02434e-07	5.82381e-07	0	0.591321	591321	
2200	62.0075	57.3291	0	-1.02434e-07	5.82381e-07	0	0.591321	591321	
2300	61.9948	57.4014	0	-1.02434e-07	5.82381e-07	0	0.591321	591321	
2400	61.982	57.4738	0	-1.02434e-07	5.82381e-07	0	0.591321	591321	
2500	61.9693	57.5461	0	-1.02434e-07	5.82381e-07	0	0.591321	591321	
2600	61.8484	57.506	0	-9.73386e-07	-3.22804e-07	0	1.02552	1.02552e+06	
2700	61.7275	57.4659	0	-9.73386e-07	-3.22804e-07	0	1.02552	1.02552e+06	
2800	61.6066	57.4258	0	-9.73386e-07	-3.22804e-07	0	1.02552	1.02552e+06	
2900	61.4857	57.3857	0	-9.73386e-07	-3.22804e-07	0	1.02552	1.02552e+06	
3000	61.3647	57.3456	0	-9.73386e-07	-3.22804e-07	0	1.02552	1.02552e+06	
3100	61.7647	57.4523	0	3.22e-06	8.58552e-07	0	3.33249	3.33249e+06	
3200	62.1647	57.5589	0	3.22e-06	8.58552e-07	0	3.33249	3.33249e+06	
3300	62.5647	57.6656	0	3.22e-06	8.58552e-07	0	3.33249	3.33249e+06	
3400	62.9647	57.7722	0	3.22e-06	8.58552e-07	0	3.33249	3.33249e+06	
3500	63.3647	57.8789	0	3.22e-06	8.58552e-07	0	3.33249	3.33249e+06	
3600	63.286	58.1462	0	-6.33699e-07	2.1517e-06	0	2.24308	2.24308e+06	
3700	63.2073	58.4135	0	-6.33699e-07	2.1517e-06	0	2.24308	2.24308e+06	
3800	63.1286	58.6808	0	-6.33699e-07	2.1517e-06	0	2.24308	2.24308e+06	
3900	63.0499	58.948	0	-6.33699e-07	2.1517e-06	0	2.24308	2.24308e+06	
4000	62.9711	59.2153	0	-6.33699e-07	2.1517e-06	0	2.24308	2.24308e+06	
4100	62.5711	59.6153	0	-3.22e-06	3.22e-06	0	4.55377	4.55377e+06	
4200	62.1711	60.0153	0	-3.22e-06	3.22e-06	0	4.55377	4.55377e+06	
4300	61.7711	60.4153	0	-3.22e-06	3.22e-06	0	4.55377	4.55377e+06	
4400	61.3711	60.8153	0	-3.22e-06	3.22e-06	0	4.55377	4.55377e+06	
4500	60.9711	61.2153	0	-3.22e-06	3.22e-06	0	4.55377	4.55377e+06	
4600	60.8897	61.6153	0	-6.55748e-07	3.22e-06	0	3.28609	3.28609e+06	
4700	60.8082	62.0153	0	-6.55748e-07	3.22e-06	0	3.28609	3.28609e+06	
4800	60.7268	62.4153	0	-6.55748e-07	3.22e-06	0	3.28609	3.28609e+06	
4900	60.6453	62.8153	0	-6.55748e-07	3.22e-06	0	3.28609	3.28609e+06	
5000	60.5638	63.2153	0	-6.55748e-07	3.22e-06	0	3.28609	3.28609e+06	
5100	60.7176	63.6153	0	1.23763e-06	3.22e-06	0	3.44966	3.44966e+06	
5200	60.8713	64.0153	0	1.23763e-06	3.22e-06	0	3.44966	3.44966e+06	
5300	61.0251	64.4153	0	1.23763e-06	3.22e-06	0	3.44966	3.44966e+06	
5400	61.1788	64.8153	0	1.23763e-06	3.22e-06	0	3.44966	3.44966e+06	
5500	61.3325	65.2153	0	1.23763e-06	3.22e-06	0	3.44966	3.44966e+06	
5600	61.503	65.6153	0	1.37206e-06	3.22e-06	0	3.50014	3.50014e+06	
5700	61.6552	65.8958	0	1.37206e-06	3.22e-06	0	3.50014	3.50014e+06	
5800	61.7706	65.8804	0	1.37206e-06	3.22e-06	0	3.50014	3.50014e+06	
5900	61.9097	65.8695	0	1.37206e-06	3.22e-06	0	3.50014	3.50014e+06	
6000	62.0783	65.8684	0	1.37206e-06	3.22e-06	0	3.50014	3.50014e+06	
6100	62.0764	65.8519	0	-7.01303e-08	1.39384e-06	0	1.3956	1.3956e+06	
6200	62.0737	65.8518	0	-7.01303e-08	1.39384e-06	0	1.3956	1.3956e+06	
6300	62.0709	65.8517	0	-7.01303e-08	1.39384e-06	0	1.3956	1.3956e+06	
6400	62.0677	65.8516	0	-7.01303e-08	1.39384e-06	0	1.3956	1.3956e+06	
6500	62.0644	65.8515	0	-7.01303e-08	1.39384e-06	0	1.3956	1.3956e+06	
6600	61.9275	65.8527	0	-1.10012e-06	1.49239e-06	0	1.85404	1.85404e+06	
6700	61.779	65.8617	0	-1.10012e-06	1.49239e-06	0	1.85404	1.85404e+06	
6800	61.6204	65.8819	0	-1.10012e-06	1.49239e-06	0	1.85404	1.85404e+06	
6900	61.4721	65.8967	0	-1.10012e-06	1.49239e-06	0	1.85404	1.85404e+06	
7000	61.361	65.8836	0	-1.10012e-06	1.49239e-06	0	1.85404	1.85404e+06	
7100	61.27	65.6762	0	-7.51288e-07	-1.54069e-06	0	1.71411	1.71411e+06	
7200	61.1767	65.4849	0	-7.51288e-07	-1.54069e-06	0	1.71411	1.71411e+06	
7300	61.0834	65.2935	0	-7.51288e-07	-1.54069e-06	0	1.71411	1.71411e+06	
7400	60.9901	65.1021	0	-7.51288e-07	-1.54069e-06	0	1.71411	1.71411e+06	
7500	60.8967	64.9107	0	-7.51288e-07	-1.54069e-06	0	1.71411	1.71411e+06	
7600	60.5995	64.5107	0	-2.39304e-06	-3.22e-06	0	4.01186	4.01186e+06	
7700	60.3022	64.1107	0	-2.39304e-06	-3.22e-06	0	4.01186	4.01186e+06	
7800	60.0049	63.7107	0	-2.39304e-06	-3.22e-06	0	4.01186	4.01186e+06	
7900	59.7076	63.3107	0	-2.39304e-06	-3.22e-06	0	4.01186	4.01186e+06	
8000	59.4104	62.9107	0	-2.39304e-06	-3.22e-06	0	4.01186	4.01186e+06	
8100	59.0308	62.6545	0	-3.05525e-06	-2.06191e-06	0	3.68592	3.68592e+06	
8200	58.6513	62.3984	0	-3.05525e-06	-2.06191e-06	0	3.68592	3.68592e+06	
8300	58.2718	62.1423	0	-3.05525e-06	-2.06191e-06	0	3.68592	3.68592e+06	
8400	57.8922	61.8861	0	-3.05525e-06	-2.06191e-06	0	3.68592	3.68592e+06	
8500	57.5127	61.63	0	-3.05525e-06	-2.06191e-06	0	3.68592	3.68592e+06	
8600	57.1127	61.5023	0	-3.22e-06	-1.02825e-06	0	3.38019	3.38019e+06	
8700	56.7127	61.3745	0	-3.22e-06	-1.02825e-06	0	3.38019	3.38019e+06	
8800	56.3127	61.2468	0	-3.22e-06	-1.02825e-06	0	3.38019	3.38019e+06	
8900	55.9127	61.1191	0	-3.22e-06	-1.02825e-06	0	3.38019	3.38019e+06	
9000	55.5127	60.9913	0	-3.22e-06	-1.02825e-06	0	3.38019	3.38019e+06	
9100	55.1127	60.7363	0	-3.22e-06	-2.05273e-06	0	3.81865	3.81865e+06	
9200	54.7127	60.4813	0	-3.22e-06	-2.05273e-06	0	3.81865	3.81865e+06	
9300	54.3127	60.2263	0	-3.22e-06	-2.05273e-06	0	3.81865	3.81865e+06	
9400	53.9127	59.9713	0	-3.22e-06	-2.05273e-06	0	3.81865	3.81865e+06	
9500	53.5127	59.7164	0	-3.22e-06	-2.05273e-06	0	3.81865	3.81865e+06	
9600	53.1406	59.3164	0	-2.99504e-06	-3.22e-06	0	4.39758	4.39758e+06	
9700	52.7686	58.9164	0	-2.99504e-06	-3.22e-06	0	4.39758	4.39758e+06	
9800	52.3965	58.5164	0	-2.99504e-06	-3.22e-06	0	4.39758	4.39758e+06	
9900	52.0245	58.1164	0	-2.99504e-06	-3.22e-06	0	4.39758	4.39758e+06	
10000	51.6524	57.7164	0	-2.99504e-06	-3.22e-06	0	4.39758	4.39758e+06	
10100	51.4665	57.3164	0	-1.49696e-06	-3.22e-06	0	3.55096	3.55096e+06	
10200	51.2805	56.9164	0	-1.49696e-06	-3.22e-06	0	3.55096	3.55096e+06	
10300	51.0946	56.5164	0	-1.49696e-06	-3.22e-06	0	3.55096	3.55096e+06	
10400	50.9086	56.1164	0	-1.49696e-06	-3.22e-06	0	3.55096	3.55096e+06	
10500	50.7226	55.7164	0	-1.49696e-06	-3.22e-06	0	3.55096	3.55096e+06	
10600	50.6023	55.3164	0	-9.6871e-07	-3.22e-06	0	3.36256	3.36256e+06	
10700	50.482	54.9164	0	-9.6871e-07	-3.22e-06	0	3.36256	3.36256e+06	
10800	50.3616	54.5164	0	-9.6871e-07	-3.22e-06	0	3.36256	3.36256e+06	
10900	50.2413	54.1164	0	-9.6871e-07	-3.22e-06	0	3.36256	3.36256e+06	
11000	50.121	53.7164	0	-9.6871e-07	-3.22e-06	0	3.36256	3.36256e+06	
11100	49.9366	53.4976	0	-1.48416e-06	-1.76126e-06	0	2.30321	2.30321e+06	
11200	49.7522	53.2788	0	-1.48416e-06	-1.76126e-06	0	2.30321	2.30321e+06	
11300	49.5679	53.06	0	-1.48416e-06	-1.76126e-06	0	2.30321	2.30321e+06	
11400	49.3835	52.8412	0	-1.48416e-06	-1.76126e-06	0	2.30321	2.30321e+06	
11500	49.1991	52.6224	0	-1.48416e-06	-1.76126e-06	0	2.30321	2.30321e+06	
11600	49.2384	52.372	0	3.1607e-07	-2.01605e-06	0	2.04067	2.04067e+06	
11700	49.2776	52.1215	0	3.1607e-07	-2.01605e-06	0	2.04067	2.04067e+06	
11800	49.3169	51.8711	0	3.1607e-07	-2.01605e-06	0	2.04067	2.04067e+06	
11900	49.3562	51.6206	0	3.1607e-07	-2.01605e-06	0	2.04067	2.04067e+06	
12000	49.3655	51.3965	0	3.1607e-07	-2.01605e-06	0	2.04067	2.04067e+06	
12100	49.2861	51.2656	0	2.08511e-06	-3.22e-06	0	3.83615	3.83615e+06	
12200	49.1962	51.1412	0	2.08511e-06	-3.22e-06	0	3.83615	3.83615e+06	
12300	49.1902	51.1357	0	2.08511e-06	-3.22e-06	0	3.83615	3.83615e+06	
12400	49.1902	51.1357	0	2.08511e-06	-3.22e-06	0	3.83615	3.83615e+06	
12500	49.1902	51.1357	0	2.08511e-06	-3.22e-06	0	3.83615	3.83615e+06	
12600	49.1534	51.1294	0	3.21074e-07	-3.22e-06	0	3.23597	3.23597e+06	
12700	49.1521	51.1294	0	3.21074e-07	-3.22e-06	0	3.23597	3.23597e+06	
12800	49.152	51.1294	0	3.21074e-07	-3.22e-06	0	3.23597	3.23597e+06	
12900	49.152	51.1294	0	3.21074e-07	-3.22e-06	0	3.23597	3.23597e+06	
13000	49.152	51.1294	0	3.21074e-07	-3.22e-06	0	3.23597	3.23597e+06	
13100	49.0067	51.1327	0	-1.20731e-06	-3.22e-06	0	3.4389	3.4389e+06	
13200	48.8436	51.1276	0	-1.20731e-06	-3.22e-06	0	3.4389	3.4389e+06	
13300	48.6502	51.1058	0	-1.20731e-06	-3.22e-06	0	3.4389	3.4389e+06	
13400	48.471	51.0876	0	-1.20731e-06	-3.22e-06	0	3.4389	3.4389e+06	
13500	48.3741	51.0997	0	-1.20731e-06	-3.22e-06	0	3.4389	3.4389e+06	
13600	48.1892	51.1278	0	-1.84665e-06	-2.55298e-06	0	3.15085	3.15085e+06	
13700	47.973	51.1373	0	-1.84665e-06	-2.55298e-06	0	3.15085	3.15085e+06	
13800	47.7231	51.1215	0	-1.84665e-06	-2.55298e-06	0	3.15085	3.15085e+06	
13900	47.4668	51.0924	0	-1.84665e-06	-2.55298e-06	0	3.15085	3.15085e+06	
14000	47.2844	51.1168	0	-1.84665e-06	-2.55298e-06	0	3.15085	3.15085e+06	
14100	46.9785	51.1333	0	-2.6734e-06	-3.1142e-06	0	4.10431	4.10431e+06	
14200	46.6143	51.1018	0	-2.6734e-06	-3.1142e-06	0	4.10431	4.10431e+06	
14300	46.2053	50.9899	0	-2.6734e-06	-3.1142e-06	0	4.10431	4.10431e+06	
14400	45.7833	50.7763	0	-2.6734e-06	-3.1142e-06	0	4.10431	4.10431e+06	
14500	45.3901	50.4626	0	-2.6734e-06	-3.1142e-06	0	4.10431	4.10431e+06	
14600	45.0261	50.0734	0	-2.82057e-06	-3.22e-06	0	4.28066	4.28066e+06	
14700	44.659	49.6969	0	-2.82057e-06	-3.22e-06	0	4.28066	4.28066e+06	
14800	44.267	49.3403	0	-2.82057e-06	-3.22e-06	0	4.28066	4.28066e+06	
14900	43.912	49.1315	0	-2.82057e-06	-3.22e-06	0	4.28066	4.28066e+06	
15000	43.5233	49.0894	0	-2.82057e-06	-3.22e-06	0	4.28066	4.28066e+06	
15100	43.227	49.1189	0	-2.78323e-06	-3.22e-06	0	4.25614	4.25614e+06	
15200	42.8951	49.1309	0	-2.78323e-06	-3.22e-06	0	4.25614	4.25614e+06	
15300	42.5018	49.0788	0	-2.78323e-06	-3.22e-06	0	4.25614	4.25614e+06	
15400	42.0686	48.932	0	-2.78323e-06	-3.22e-06	0	4.25614	4.25614e+06	
15500	41.6362	48.673	0	-2.78323e-06	-3.22e-06	0	4.25614	4.25614e+06	
15600	41.2432	48.3153	0	-2.83066e-06	-3.22e-06	0	4.28731	4.28731e+06	
15700	40.8877	47.9179	0	-2.83066e-06	-3.22e-06	0	4.28731	4.28731e+06	
15800	40.5361	47.5179	0	-2.83066e-06	-3.22e-06	0	4.28731	4.28731e+06	
15900	40.1844	47.1179	0	-2.83066e-06	-3.22e-06	0	4.28731	4.28731e+06	
16000	39.8328	46.7179	0	-2.83066e-06	-3.22e-06	0	4.28731	4.28731e+06	
16100	39.5817	46.3179	0	-2.02146e-06	-3.22e-06	0	3.80194	3.80194e+06	
16200	39.3306	45.9179	0	-2.02146e-06	-3.22e-06	0	3.80194	3.80194e+06	
16300	39.0795	45.5179	0	-2.02146e-06	-3.22e-06	0	3.80194	3.80194e+06	
16400	38.8283	45.1179	0	-2.02146e-06	-3.22e-06	0	3.80194	3.80194e+06	
16500	38.5772	44.7179	0	-2.02146e-06	-3.22e-06	0	3.80194	3.80194e+06	
16600	38.5121	44.3179	0	-5.24422e-07	-3.22e-06	0	3.26243	3.26243e+06	
16700	38.4469	43.9179	0	-5.24422e-07	-3.22e-06	0	3.26243	3.26243e+06	
16800	38.3818	43.5179	0	-5.24422e-07	-3.22e-06	0	3.26243	3.26243e+06	
16900	38.3166	43.1179	0	-5.24422e-07	-3.22e-06	0	3.26243	3.26243e+06	
17000	38.2515	42.7179	0	-5.24422e-07	-3.22e-06	0	3.26243	3.26243e+06	
17100	38.2804	42.3179	0	2.32549e-07	-3.22e-06	0	3.22839	3.22839e+06	
17200	38.3093	41.9179	0	2.32549e-07	-3.22e-06	0	3.22839	3.22839e+06	
17300	38.3382	41.5179	0	2.32549e-07	-3.22e-06	0	3.22839	3.22839e+06	
17400	38.367	41.1179	0	2.32549e-07	-3.22e-06	0	3.22839	3.22839e+06	
17500	38.3959	40.7179	0	2.32549e-07	-3.22e-06	0	3.22839	3.22839e+06	
17600	38.241	40.3179	0	-1.24694e-06	-3.22e-06	0	3.45301	3.45301e+06	
17700	38.0861	39.9179	0	-1.24694e-06	-3.22e-06	0	3.45301	3.45301e+06	
17800	37.9312	39.5179	0	-1.24694e-06	-3.22e-06	0	3.45301	3.45301e+06	
17900	37.7763	39.1179	0	-1.24694e-06	-3.22e-06	0	3.45301	3.45301e+06	
18000	37.6214	38.7179	0	-1.24694e-06	-3.22e-06	0	3.45301	3.45301e+06	
18100	37.2299	38.5144	0	-3.15169e-06	-1.63815e-06	0	3.552	3.552e+06	
18200	36.8384	38.3109	0	-3.15169e-06	-1.63815e-06	0	3.552	3.552e+06	
18300	36.4469	38.1074	0	-3.15169e-06	-1.63815e-06	0	3.552	3.552e+06	
18400	36.0554	37.9039	0	-3.15169e-06	-1.63815e-06	0	3.552	3.552e+06	
18500	35.6639	37.7004	0	-3.15169e-06	-1.63815e-06	0	3.552	3.552e+06	
18600	35.4444	37.7431	0	-1.7667e-06	3.43301e-07	0	1.79975	1.79975e+06	
18700	35.2249	37.7857	0	-1.7667e-06	3.43301e-07	0	1.79975	1.79975e+06	
18800	35.0055	37.8284	0	-1.7667e-06	3.43301e-07	0	1.79975	1.79975e+06	
18900	34.786	37.871	0	-1.7667e-06	3.43301e-07	0	1.79975	1.79975e+06	
19000	34.5665	37.9137	0	-1.7667e-06	3.43301e-07	0	1.79975	1.79975e+06	
19100	34.1665	38.0423	0	-3.22e-06	1.03578e-06	0	3.38249	3.38249e+06	
19200	33.7665	38.171	0	-3.22e-06	1.03578e-06	0	3.38249	3.38249e+06	
19300	33.3665	38.2997	0	-3.22e-06	1.03578e-06	0	3.38249	3.38249e+06	
19400	32.9665	38.4284	0	-3.22e-06	1.03578e-06	0	3.38249	3.38249e+06	
19500	32.5665	38.557	0	-3.22e-06	1.03578e-06	0	3.38249	3.38249e+06	
19600	32.1725	38.8203	0	-3.17195e-06	2.11979e-06	0	3.81508	3.81508e+06	
19700	31.7785	39.0837	0	-3.17195e-06	2.11979e-06	0	3.81508	3.81508e+06	
19800	31.3844	39.347	0	-3.17195e-06	2.11979e-06	0	3.81508	3.81508e+06	
19900	30.9904	39.6103	0	-3.17195e-06	2.11979e-06	0	3.81508	3.81508e+06	
20000	30.5964	39.8737	0	-3.17195e-06	2.11979e-06	0	3.81508	3.81508e+06	
20100	30.3199	39.8578	0	-2.22538e-06	-1.28053e-07	0	2.22906	2.22906e+06	
20200	30.0435	39.8418	0	-2.22538e-06	-1.28053e-07	0	2.22906	2.22906e+06	
20300	29.7671	39.8259	0	-2.22538e-06	-1.28053e-07	0	2.22906	2.22906e+06	
20400	29.4906	39.81	0	-2.22538e-06	-1.28053e-07	0	2.22906	2.22906e+06	
20500	29.2142	39.7941	0	-2.22538e-06	-1.28053e-07	0	2.22906	2.22906e+06	
20600	29.0696	39.5659	0	-1.16382e-06	-1.83744e-06	0	2.17501	2.17501e+06	
20700	28.925	39.3376	0	-1.16382e-06	-1.83744e-06	0	2.17501	2.17501e+06	
20800	28.7804	39.1094	0	-1.16382e-06	-1.83744e-06	0	2.17501	2.17501e+06	
20900	28.6359	38.8811	0	-1.16382e-06	-1.83744e-06	0	2.17501	2.17501e+06	
21000	28.4913	38.6529	0	-1.16382e-06	-1.83744e-06	0	2.17501	2.17501e+06	
21100	28.7613	38.8164	0	2.17329e-06	1.31633e-06	0	2.54085	2.54085e+06	
21200	29.0312	38.9799	0	2.17329e-06	1.31633e-06	0	2.54085	2.54085e+06	
21300	29.3012	39.1434	0	2.17329e-06	1.31633e-06	0	2.54085	2.54085e+06	
21400	29.5712	39.3069	0	2.17329e-06	1.31633e-06	0	2.54085	2.54085e+06	
21500	29.8412	39.4705	0	2.17329e-06	1.31633e-06	0	2.54085	2.54085e+06	
21600	30.1616	39.518	0	2.5797e-06	3.82989e-07	0	2.60798	2.60798e+06	
21700	30.4821	39.5656	0	2.5797e-06	3.82989e-07	0	2.60798	2.60798e+06	
21800	30.8025	39.6132	0	2.5797e-06	3.82989e-07	0	2.60798	2.60798e+06	
21900	31.123	39.6608	0	2.5797e-06	3.82989e-07	0	2.60798	2.60798e+06	
22000	31.4435	39.7083	0	2.5797e-06	3.82989e-07	0	2.60798	2.60798e+06	
22100	31.2249	39.9157	0	-1.75955e-06	1.66915e-06	0	2.4253	2.4253e+06	
22200	31.0063	40.123	0	-1.75955e-06	1.66915e-06	0	2.4253	2.4253e+06	
22300	30.7877	40.3304	0	-1.75955e-06	1.66915e-06	0	2.4253	2.4253e+06	
22400	30.5692	40.5377	0	-1.75955e-06	1.66915e-06	0	2.4253	2.4253e+06	
22500	30.3506	40.7451	0	-1.75955e-06	1.66915e-06	0	2.4253	2.4253e+06	
22600	29.9506	40.8643	0	-3.22e-06	9.59444e-07	0	3.3599	3.3599e+06	
22700	29.5506	40.9834	0	-3.22e-06	9.59444e-07	0	3.3599	3.3599e+06	
22800	29.1564	41.1029	0	-3.22e-06	9.59444e-07	0	3.3599	3.3599e+06	
22900	29.1187	41.2523	0	-3.22e-06	9.59444e-07	0	3.3599	3.3599e+06	
23000	29.0941	41.4247	0	-3.22e-06	9.59444e-07	0	3.3599	3.3599e+06	
23100	29.0957	41.6022	0	-3.22e-06	1.56913e-06	0	3.58198	3.58198e+06	
23200	29.1154	41.7364	0	-3.22e-06	1.56913e-06	0	3.58198	3.58198e+06	
23300	29.1297	41.8949	0	-3.22e-06	1.56913e-06	0	3.58198	3.58198e+06	
23400	29.1313	42.0873	0	-3.22e-06	1.56913e-06	0	3.58198	3.58198e+06	
23500	29.111	42.3169	0	-3.22e-06	1.56913e-06	0	3.58198	3.58198e+06	
23600	29.0923	42.5305	0	-2.55286e-06	1.50692e-06	0	2.96444	2.96444e+06	
23700	29.1109	42.672	0	-2.55286e-06	1.50692e-06	0	2.96444	2.96444e+06	
23800	29.1288	42.8195	0	-2.55286e-06	1.50692e-06	0	2.96444	2.96444e+06	
23900	29.1373	42.9917	0	-2.55286e-06	1.50692e-06	0	2.96444	2.96444e+06	
24000	29.1299	43.1916	0	-2.55286e-06	1.50692e-06	0	2.96444	2.96444e+06	
24100	29.2192	43.5944	0	4.97869e-07	3.22e-06	0	3.25826	3.25826e+06	
24200	29.2817	43.9944	0	4.97869e-07	3.22e-06	0	3.25826	3.25826e+06	
24300	29.3436	44.3944	0	4.97869e-07	3.22e-06	0	3.25826	3.25826e+06	
24400	29.4054	44.7944	0	4.97869e-07	3.22e-06	0	3.25826	3.25826e+06	
24500	29.4673	45.1944	0	4.97869e-07	3.22e-06	0	3.25826	3.25826e+06	
24600	29.5004	45.3931	0	2.6673e-07	1.59966e-06	0	1.62175	1.62175e+06	
24700	29.5335	45.5918	0	2.6673e-07	1.59966e-06	0	1.62175	1.62175e+06	
24800	29.5667	45.7905	0	2.6673e-07	1.59966e-06	0	1.62175	1.62175e+06	
24900	29.5998	45.9892	0	2.6673e-07	1.59966e-06	0	1.62175	1.62175e+06	
25000	29.6329	46.1879	0	2.6673e-07	1.59966e-06	0	1.62175	1.62175e+06	
25100	29.9765	46.175	0	2.76591e-06	-1.04447e-07	0	2.76788	2.76788e+06	
25200	30.3201	46.162	0	2.76591e-06	-1.04447e-07	0	2.76788	2.76788e+06	
25300	30.6637	46.149	0	2.76591e-06	-1.04447e-07	0	2.76788	2.76788e+06	
25400	31.0073	46.136	0	2.76591e-06	-1.04447e-07	0	2.76788	2.76788e+06	
25500	31.3509	46.1231	0	2.76591e-06	-1.04447e-07	0	2.76788	2.76788e+06	
25600	31.7106	46.0597	0	2.8954e-06	-5.10413e-07	0	2.94005	2.94005e+06	
25700	32.0702	45.9963	0	2.8954e-06	-5.10413e-07	0	2.94005	2.94005e+06	
25800	32.4299	45.9329	0	2.8954e-06	-5.10413e-07	0	2.94005	2.94005e+06	
25900	32.7896	45.8695	0	2.8954e-06	-5.10413e-07	0	2.94005	2.94005e+06	
26000	33.1493	45.806	0	2.8954e-06	-5.10413e-07	0	2.94005	2.94005e+06	
26100	33.5493	45.5937	0	3.22e-06	-1.70952e-06	0	3.64566	3.64566e+06	
26200	33.9493	45.3813	0	3.22e-06	-1.70952e-06	0	3.64566	3.64566e+06	
26300	34.3493	45.169	0	3.22e-06	-1.70952e-06	0	3.64566	3.64566e+06	
26400	34.7493	44.9566	0	3.22e-06	-1.70952e-06	0	3.64566	3.64566e+06	
26500	35.1493	44.7442	0	3.22e-06	-1.70952e-06	0	3.64566	3.64566e+06	
26600	35.4039	44.4539	0	2.04996e-06	-2.33736e-06	0	3.10896	3.10896e+06	
26700	35.6586	44.1635	0	2.04996e-06	-2.33736e-06	0	3.10896	3.10896e+06	
26800	35.9132	43.8732	0	2.04996e-06	-2.33736e-06	0	3.10896	3.10896e+06	
26900	36.1679	43.5828	0	2.04996e-06	-2.33736e-06	0	3.10896	3.10896e+06	
27000	36.4225	43.2925	0	2.04996e-06	-2.33736e-06	0	3.10896	3.10896e+06	
27100	36.4633	43.2573	0	3.27957e-07	-2.82725e-07	0	0.433001	433001	
27200	36.504	43.2222	0	3.27957e-07	-2.82725e-07	0	0.433001	433001	
27300	36.5448	43.1871	0	3.27957e-07	-2.82725e-07	0	0.433001	433001	
27400	36.5855	43.152	0	3.27957e-07	-2.82725e-07	0	0.433001	433001	
27500	36.6262	43.1168	0	3.27957e-07	-2.82725e-07	0	0.433001	433001	
27600	36.5685	42.9547	0	-4.64546e-07	-1.30548e-06	0	1.38567	1.38567e+06	
27700	36.5108	42.7925	0	-4.64546e-07	-1.30548e-06	0	1.38567	1.38567e+06	
27800	36.4531	42.6303	0	-4.64546e-07	-1.30548e-06	0	1.38567	1.38567e+06	
27900	36.3954	42.4682	0	-4.64546e-07	-1.30548e-06	0	1.38567	1.38567e+06	
28000	36.3377	42.306	0	-4.64546e-07	-1.30548e-06	0	1.38567	1.38567e+06	
28100	35.9377	42.3618	0	-3.22e-06	4.49618e-07	0	3.25124	3.25124e+06	
28200	35.5377	42.4177	0	-3.22e-06	4.49618e-07	0	3.25124	3.25124e+06	
28300	35.1377	42.4736	0	-3.22e-06	4.49618e-07	0	3.25124	3.25124e+06	
28400	34.7377	42.5294	0	-3.22e-06	4.49618e-07	0	3.25124	3.25124e+06	
28500	34.3377	42.5853	0	-3.22e-06	4.49618e-07	0	3.25124	3.25124e+06	
28600	33.9377	42.3129	0	-3.22e-06	-2.19287e-06	0	3.89578	3.89578e+06	
28700	33.5377	42.0404	0	-3.22e-06	-2.19287e-06	0	3.89578	3.89578e+06	
28800	33.1377	41.768	0	-3.22e-06	-2.19287e-06	0	3.89578	3.89578e+06	
28900	32.7377	41.4956	0	-3.22e-06	-2.19287e-06	0	3.89578	3.89578e+06	
29000	32.3377	41.2232	0	-3.22e-06	-2.19287e-06	0	3.89578	3.89578e+06	
29100	32.2133	41.2324	0	-1.00149e-06	7.3931e-08	0	1.00421	1.00421e+06	
29200	32.0889	41.2416	0	-1.00149e-06	7.3931e-08	0	1.00421	1.00421e+06	
29300	31.9645	41.2508	0	-1.00149e-06	7.3931e-08	0	1.00421	1.00421e+06	
29400	31.8401	41.26	0	-1.00149e-06	7.3931e-08	0	1.00421	1.00421e+06	
29500	31.7157	41.2691	0	-1.00149e-06	7.3931e-08	0	1.00421	1.00421e+06	
29600	31.5273	40.9502	0	-1.51617e-06	-2.56764e-06	0	2.98187	2.98187e+06	
29700	31.339	40.6312	0	-1.51617e-06	-2.56764e-06	0	2.98187	2.98187e+06	
29800	31.1506	40.3123	0	-1.51617e-06	-2.56764e-06	0	2.98187	2.98187e+06	
29900	30.9623	39.9933	0	-1.51617e-06	-2.56764e-06	0	2.98187	2.98187e+06	
30000	30.7739	39.6743	0	-1.51617e-06	-2.56764e-06	0	2.98187	2.98187e+06	
30100	30.6186	39.4922	0	-1.25056e-06	-1.46649e-06	0	1.9273	1.9273e+06	
30200	30.4632	39.31	0	-1.25056e-06	-1.46649e-06	0	1.9273	1.9273e+06	
30300	30.3079	39.1278	0	-1.25056e-06	-1.46649e-06	0	1.9273	1.9273e+06	
30400	30.1525	38.9456	0	-1.25056e-06	-1.46649e-06	0	1.9273	1.9273e+06	
30500	29.9972	38.7635	0	-1.25056e-06	-1.46649e-06	0	1.9273	1.9273e+06	
30600	29.7563	38.5137	0	-1.93952e-06	-2.01059e-06	0	2.7936	2.7936e+06	
30700	29.5153	38.264	0	-1.93952e-06	-2.01059e-06	0	2.7936	2.7936e+06	
30800	29.2744	38.0142	0	-1.93952e-06	-2.01059e-06	0	2.7936	2.7936e+06	
30900	29.0335	37.7644	0	-1.93952e-06	-2.01059e-06	0	2.7936	2.7936e+06	
31000	28.7925	37.5147	0	-1.93952e-06	-2.01059e-06	0	2.7936	2.7936e+06	
31100	28.6263	37.4652	0	-1.33818e-06	-3.98562e-07	0	1.39627	1.39627e+06	
31200	28.4601	37.4156	0	-1.33818e-06	-3.98562e-07	0	1.39627	1.39627e+06	
31300	28.2938	37.3661	0	-1.33818e-06	-3.98562e-07	0	1.39627	1.39627e+06	
31400	28.1276	37.3166	0	-1.33818e-06	-3.98562e-07	0	1.39627	1.39627e+06	
31500	27.9614	37.2671	0	-1.33818e-06	-3.98562e-07	0	1.39627	1.39627e+06	
31600	27.5614	37.1462	0	-3.22e-06	-9.73169e-07	0	3.36385	3.36385e+06	
31700	27.1614	37.0253	0	-3.22e-06	-9.73169e-07	0	3.36385	3.36385e+06	
31800	26.7614	36.9044	0	-3.22e-06	-9.73169e-07	0	3.36385	3.36385e+06	
31900	26.3614	36.7835	0	-3.22e-06	-9.73169e-07	0	3.36385	3.36385e+06	
32000	25.9614	36.6627	0	-3.22e-06	-9.73169e-07	0	3.36385	3.36385e+06	
32100	25.6604	36.5545	0	-2.42234e-06	-8.71015e-07	0	2.57418	2.57418e+06	
32200	25.3595	36.4463	0	-2.42234e-06	-8.71015e-07	0	2.57418	2.57418e+06	
32300	25.0586	36.3381	0	-2.42234e-06	-8.71015e-07	0	2.57418	2.57418e+06	
32400	24.7577	36.2299	0	-2.42234e-06	-8.71015e-07	0	2.57418	2.57418e+06	
32500	24.4568	36.1217	0	-2.42234e-06	-8.71015e-07	0	2.57418	2.57418e+06	
32600	24.6205	35.7217	0	1.31817e-06	-3.22e-06	0	3.47936	3.47936e+06	
32700	24.7843	35.3217	0	1.31817e-06	-3.22e-06	0	3.47936	3.47936e+06	
32800	24.948	34.9217	0	1.31817e-06	-3.22e-06	0	3.47936	3.47936e+06	
32900	25.1118	34.5217	0	1.31817e-06	-3.22e-06	0	3.47936	3.47936e+06	
33000	25.2755	34.1217	0	1.31817e-06	-3.22e-06	0	3.47936	3.47936e+06	
33100	25.484	33.7217	0	1.67774e-06	-3.22e-06	0	3.63087	3.63087e+06	
33200	25.6924	33.3217	0	1.67774e-06	-3.22e-06	0	3.63087	3.63087e+06	
33300	25.9008	32.9217	0	1.67774e-06	-3.22e-06	0	3.63087	3.63087e+06	
33400	26.1092	32.5217	0	1.67774e-06	-3.22e-06	0	3.63087	3.63087e+06	
33500	26.3176	32.1217	0	1.67774e-06	-3.22e-06	0	3.63087	3.63087e+06	
33600	26.2541	31.7217	0	-5.11424e-07	-3.22e-06	0	3.26036	3.26036e+06	
33700	26.1905	31.3217	0	-5.11424e-07	-3.22e-06	0	3.26036	3.26036e+06	
33800	26.127	30.9217	0	-5.11424e-07	-3.22e-06	0	3.26036	3.26036e+06	
33900	26.0635	30.5217	0	-5.11424e-07	-3.22e-06	0	3.26036	3.26036e+06	
34000	26	30.1217	0	-5.11424e-07	-3.22e-06	0	3.26036	3.26036e+06	
34100	25.6	29.7217	0	-3.22e-06	-3.22e-06	0	4.55377	4.55377e+06	
34200	25.2	29.3217	0	-3.22e-06	-3.22e-06	0	4.55377	4.55377e+06	
34300	24.8	28.9217	0	-3.22e-06	-3.22e-06	0	4.55377	4.55377e+06	
34400	24.4	28.5217	0	-3.22e-06	-3.22e-06	0	4.55377	4.55377e+06	
34500	24	28.1217	0	-3.22e-06	-3.22e-06	0	4.55377	4.55377e+06	
34600	23.7639	27.7217	0	-1.90012e-06	-3.22e-06	0	3.73883	3.73883e+06	
34700	23.5279	27.3217	0	-1.90012e-06	-3.22e-06	0	3.73883	3.73883e+06	
34800	23.2918	26.9217	0	-1.90012e-06	-3.22e-06	0	3.73883	3.73883e+06	
34900	23.0558	26.5217	0	-1.90012e-06	-3.22e-06	0	3.73883	3.73883e+06	
35000	22.8198	26.1217	0	-1.90012e-06	-3.22e-06	0	3.73883	3.73883e+06	
35100	22.5478	25.7217	0	-2.18899e-06	-3.22e-06	0	3.8936	3.8936e+06	
35200	22.2759	25.3217	0	-2.18899e-06	-3.22e-06	0	3.8936	3.8936e+06	
35300	22.004	24.9217	0	-2.18899e-06	-3.22e-06	0	3.8936	3.8936e+06	
35400	21.7321	24.5217	0	-2.18899e-06	-3.22e-06	0	3.8936	3.8936e+06	
35500	21.4601	24.1217	0	-2.18899e-06	-3.22e-06	0	3.8936	3.8936e+06	
35600	21.2298	23.8831	0	-1.85454e-06	-1.92009e-06	0	2.66947	2.66947e+06	
35700	20.9994	23.6446	0	-1.85454e-06	-1.92009e-06	0	2.66947	2.66947e+06	
35800	20.769	23.4061	0	-1.85454e-06	-1.92009e-06	0	2.66947	2.66947e+06	
35900	20.5386	23.1676	0	-1.85454e-06	-1.92009e-06	0	2.66947	2.66947e+06	
36000	20.3082	22.929	0	-1.85454e-06	-1.92009e-06	0	2.66947	2.66947e+06	
36100	20.0905	22.559	0	-1.75267e-06	-2.97887e-06	0	3.45623	3.45623e+06	
36200	19.8728	22.189	0	-1.75267e-06	-2.97887e-06	0	3.45623	3.45623e+06	
36300	19.6551	21.8189	0	-1.75267e-06	-2.97887e-06	0	3.45623	3.45623e+06	
36400	19.4374	21.4489	0	-1.75267e-06	-2.97887e-06	0	3.45623	3.45623e+06	
36500	19.2196	21.0788	0	-1.75267e-06	-2.97887e-06	0	3.45623	3.45623e+06	
36600	19.1108	21.0559	0	-8.76183e-07	-1.84421e-07	0	0.895382	895382	
36700	19.0019	21.033	0	-8.76183e-07	-1.84421e-07	0	0.895382	895382	
36800	18.8931	21.0101	0	-8.76183e-07	-1.84421e-07	0	0.895382	895382	
36900	18.7843	20.9872	0	-8.76183e-07	-1.84421e-07	0	0.895382	895382	
37000	18.6754	20.9643	0	-8.76183e-07	-1.84421e-07	0	0.895382	895382	
37100	18.6003	21.3643	0	-6.0508e-07	3.22e-06	0	3.27636	3.27636e+06	
37200	18.5251	21.7643	0	-6.0508e-07	3.22e-06	0	3.27636	3.27636e+06	
37300	18.5068	21.9287	0	-6.0508e-07	3.22e-06	0	3.27636	3.27636e+06	
37400	18.5303	21.9346	0	-6.0508e-07	3.22e-06	0	3.27636	3.27636e+06	
37500	18.5587	21.942	0	-6.0508e-07	3.22e-06	0	3.27636	3.27636e+06	
37600	18.2739	21.8656	0	-2.60132e-06	8.69649e-07	0	2.74284	2.74284e+06	
37700	17.9586	21.8418	0	-2.60132e-06	8.69649e-07	0	2.74284	2.74284e+06	
37800	17.628	21.8626	0	-2.60132e-06	8.69649e-07	0	2.74284	2.74284e+06	
37900	17.3116	21.8703	0	-2.60132e-06	8.69649e-07	0	2.74284	2.74284e+06	
38000	16.9989	21.8424	0	-2.60132e-06	8.69649e-07	0	2.74284	2.74284e+06	
38100	16.775	21.809	0	-2.57244e-06	8.35681e-07	0	2.70478	2.70478e+06	
38200	16.716	21.7259	0	-2.57244e-06	8.35681e-07	0	2.70478	2.70478e+06	
38300	16.6451	21.6349	0	-2.57244e-06	8.35681e-07	0	2.70478	2.70478e+06	
38400	16.557	21.5346	0	-2.57244e-06	8.35681e-07	0	2.70478	2.70478e+06	
38500	16.4482	21.4259	0	-2.57244e-06	8.35681e-07	0	2.70478	2.70478e+06	
38600	16.0716	20.9983	0	-3.22e-06	-3.22e-06	0	4.55377	4.55377e+06	
38700	15.6716	20.5982	0	-3.22e-06	-3.22e-06	0	4.55377	4.55377e+06	
38800	15.2716	20.1982	0	-3.22e-06	-3.22e-06	0	4.55377	4.55377e+06	
38900	14.8716	19.7982	0	-3.22e-06	-3.22e-06	0	4.55377	4.55377e+06	
39000	14.4716	19.3982	0	-3.22e-06	-3.22e-06	0	4.55377	4.55377e+06	
39100	14.6573	18.9982	0	1.49444e-06	-3.22e-06	0	3.54989	3.54989e+06	
39200	14.8429	18.5982	0	1.49444e-06	-3.22e-06	0	3.54989	3.54989e+06	
39300	15.0285	18.1982	0	1.49444e-06	-3.22e-06	0	3.54989	3.54989e+06	
39400	15.2142	17.7982	0	1.49444e-06	-3.22e-06	0	3.54989	3.54989e+06	
39500	15.3998	17.3982	0	1.49444e-06	-3.22e-06	0	3.54989	3.54989e+06	
39600	15.2231	16.9982	0	-1.42291e-06	-3.22e-06	0	3.52038	3.52038e+06	
39700	15.0463	16.5982	0	-1.42291e-06	-3.22e-06	0	3.52038	3.52038e+06	
39800	14.8696	16.1982	0	-1.42291e-06	-3.22e-06	0	3.52038	3.52038e+06	
39900	14.6928	15.7982	0	-1.42291e-06	-3.22e-06	0	3.52038	3.52038e+06	
40000	14.516	15.3982	0	-1.42291e-06	-3.22e-06	0	3.52038	3.52038e+06	
40100	14.1328	15.2219	0	-3.08498e-06	-1.41987e-06	0	3.39605	3.39605e+06	
40200	13.7496	15.0455	0	-3.08498e-06	-1.41987e-06	0	3.39605	3.39605e+06	
40300	13.3664	14.8691	0	-3.08498e-06	-1.41987e-06	0	3.39605	3.39605e+06	
40400	12.9831	14.6927	0	-3.08498e-06	-1.41987e-06	0	3.39605	3.39605e+06	
40500	12.5999	14.5163	0	-3.08498e-06	-1.41987e-06	0	3.39605	3.39605e+06	
40600	12.5217	14.2333	0	-6.29552e-07	-2.27814e-06	0	2.36353	2.36353e+06	
40700	12.4435	13.9503	0	-6.29552e-07	-2.27814e-06	0	2.36353	2.36353e+06	
40800	12.3653	13.6673	0	-6.29552e-07	-2.27814e-06	0	2.36353	2.36353e+06	
40900	12.2871	13.3843	0	-6.29552e-07	-2.27814e-06	0	2.36353	2.36353e+06	
41000	12.2089	13.1013	0	-6.29552e-07	-2.27814e-06	0	2.36353	2.36353e+06	
41100	12.0024	12.7013	0	-1.66196e-06	-3.22e-06	0	3.62361	3.62361e+06	
41200	11.796	12.3013	0	-1.66196e-06	-3.22e-06	0	3.62361	3.62361e+06	
41300	11.5895	11.9013	0	-1.66196e-06	-3.22e-06	0	3.62361	3.62361e+06	
41400	11.3831	11.5013	0	-1.66196e-06	-3.22e-06	0	3.62361	3.62361e+06	
41500	11.1766	11.1013	0	-1.66196e-06	-3.22e-06	0	3.62361	3.62361e+06	
41600	10.7766	10.7013	0	-3.22e-06	-3.22e-06	0	4.55377	4.55377e+06	
41700	10.3766	10.3013	0	-3.22e-06	-3.22e-06	0	4.55377	4.55377e+06	
41800	9.9766	9.90134	0	-3.22e-06	-3.22e-06	0	4.55377	4.55377e+06	
41900	9.5766	9.50134	0	-3.22e-06	-3.22e-06	0	4.55377	4.55377e+06	
42000	9.1766	9.10134	0	-3.22e-06	-3.22e-06	0	4.55377	4.55377e+06	
42100	8.94471	8.70134	0	-1.86671e-06	-3.22e-06	0	3.72196	3.72196e+06	
42200	8.71282	8.30134	0	-1.86671e-06	-3.22e-06	0	3.72196	3.72196e+06	
42300	8.48093	7.90134	0	-1.86671e-06	-3.22e-06	0	3.72196	3.72196e+06	
42400	8.24904	7.50134	0	-1.86671e-06	-3.22e-06	0	3.72196	3.72196e+06	
42500	8.01715	7.10134	0	-1.86671e-06	-3.22e-06	0	3.72196	3.72196e+06	
42600	7.73069	6.78491	0	-2.30599e-06	-2.54725e-06	0	3.436	3.436e+06	
42700	7.44424	6.46848	0	-2.30599e-06	-2.54725e-06	0	3.436	3.436e+06	
42800	7.15778	6.15205	0	-2.30599e-06	-2.54725e-06	0	3.436	3.436e+06	
42900	6.87132	5.83562	0	-2.30599e-06	-2.54725e-06	0	3.436	3.436e+06	
43000	6.58486	5.51919	0	-2.30599e-06	-2.54725e-06	0	3.436	3.436e+06	
43100	6.23789	5.16422	0	-2.79312e-06	-2.85753e-06	0	3.99587	3.99587e+06	
43200	5.89092	4.80925	0	-2.79312e-06	-2.85753e-06	0	3.99587	3.99587e+06	
43300	5.54394	4.45428	0	-2.79312e-06	-2.85753e-06	0	3.99587	3.99587e+06	
43400	5.19697	4.0993	0	-2.79312e-06	-2.85753e-06	0	3.99587	3.99587e+06	
43500	4.85	3.74433	0	-2.79312e-06	-2.85753e-06	0	3.99587	3.99587e+06	
43600	4.45	3.34433	0	-3.22e-06	-3.22e-06	0	4.55377	4.55377e+06	
43700	4.05	2.94433	0	-3.22e-06	-3.22e-06	0	4.55377	4.55377e+06	
43800	3.65	2.54433	0	-3.22e-06	-3.22e-06	0	4.55377	4.55377e+06	
43900	3.25048	2.14829	0	-3.22e-06	-3.22e-06	0	4.55377	4.55377e+06	
44000	2.86007	2.12934	0	-3.22e-06	-3.22e-06	0	4.55377	4.55377e+06	
44100	2.67371	2.10926	0	-1.17516e-06	-3.22e-06	0	3.42774	3.42774e+06	
44200	2.48889	2.08706	0	-1.17516e-06	-3.22e-06	0	3.42774	3.42774e+06	
44300	2.38919	2.09741	0	-1.17516e-06	-3.22e-06	0	3.42774	3.42774e+06	
44400	2.30514	2.11018	0	-1.17516e-06	-3.22e-06	0	3.42774	3.42774e+06	
44500	2.20864	2.12191	0	-1.17516e-06	-3.22e-06	0	3.42774	3.42774e+06	
44600	1.99618	2.1327	0	-1.87722e-06	-3.22e-06	0	3.72724	3.72724e+06	
44700	1.74043	2.11849	0	-1.87722e-06	-3.22e-06	0	3.72724	3.72724e+06	
44800	1.47099	2.08749	0	-1.87722e-06	-3.22e-06	0	3.72724	3.72724e+06	
44900	1.29583	2.11091	0	-1.87722e-06	-3.22e-06	0	3.72724	3.72724e+06	
45000	1.14472	2.12813	0	-1.87722e-06	-3.22e-06	0	3.72724	3.72724e+06	
45100	1.12647	2.16538	0	-3.22e-06	-7.47586e-07	0	3.30564	3.30564e+06	
45200	1.12638	2.16628	0	-3.22e-06	-7.47586e-07	0	3.30564	3.30564e+06	
45300	1.12637	2.16633	0	-3.22e-06	-7.47586e-07	0	3.30564	3.30564e+06	
45400	1.12637	2.16633	0	-3.22e-06	-7.47586e-07	0	3.30564	3.30564e+06	
45500	1.12637	2.16633	0	-3.22e-06	-7.47586e-07	0	3.30564	3.30564e+06	
45600	1.10908	2.32563	0	-3.22e-06	8.71736e-07	0	3.33591	3.33591e+06	
45700	1.08775	2.48184	0	-3.22e-06	8.71736e-07	0	3.33591	3.33591e+06	
45800	1.09123	2.56584	0	-3.22e-06	8.71736e-07	0	3.33591	3.33591e+06	
45900	1.09849	2.61594	0	-3.22e-06	8.71736e-07	0	3.33591	3.33591e+06	
46000	1.10562	2.6619	0	-3.22e-06	8.71736e-07	0	3.33591	3.33591e+06	
46100	1.11743	2.7503	0	-3.22e-06	1.15962e-06	0	3.42244	3.42244e+06	
46200	1.12744	2.85613	0	-3.22e-06	1.15962e-06	0	3.42244	3.42244e+06	
46300	1.13261	2.9845	0	-3.22e-06	1.15962e-06	0	3.42244	3.42244e+06	
46400	1.12867	3.1394	0	-3.22e-06	1.15962e-06	0	3.42244	3.42244e+06	
46500	1.10962	3.32368	0	-3.22e-06	1.15962e-06	0	3.42244	3.42244e+06	
46600	1.09974	3.38138	0	-3.22e-06	-1.15452e-08	0	3.22002	3.22002e+06	
46700	1.09173	3.43558	0	-3.22e-06	-1.15452e-08	0	3.22002	3.22002e+06	
46800	1.08805	3.47099	0	-3.22e-06	-1.15452e-08	0	3.22002	3.22002e+06	
46900	1.08719	3.48745	0	-3.22e-06	-1.15452e-08	0	3.22002	3.22002e+06	
47000	1.08703	3.49414	0	-3.22e-06	-1.15452e-08	0	3.22002	3.22002e+06	
47100	1.08777	3.52701	0	-3.22e-06	3.59567e-07	0	3.24001	3.24001e+06	
47200	1.08887	3.54115	0	-3.22e-06	3.59567e-07	0	3.24001	3.24001e+06	
47300	1.08955	3.54806	0	-3.22e-06	3.59567e-07	0	3.24001	3.24001e+06	
47400	1.08994	3.55172	0	-3.22e-06	3.59567e-07	0	3.24001	3.24001e+06	
47500	1.09016	3.55374	0	-3.22e-06	3.59567e-07	0	3.24001	3.24001e+06	
47600	1.08778	3.52497	0	-3.22e-06	2.71621e-08	0	3.22011	3.22011e+06	
47700	1.08717	3.51215	0	-3.22e-06	2.71621e-08	0	3.22011	3.22011e+06	
47800	1.08704	3.50697	0	-3.22e-06	2.71621e-08	0	3.22011	3.22011e+06	
47900	1.08701	3.50493	0	-3.22e-06	2.71621e-08	0	3.22011	3.22011e+06	
48000	1.087	3.50413	0	-3.22e-06	2.71621e-08	0	3.22011	3.22011e+06	
48100	1.08991	3.553	0	-3.22e-06	6.13658e-07	0	3.27795	3.27795e+06	
48200	1.09322	3.57921	0	-3.22e-06	6.13658e-07	0	3.27795	3.27795e+06	
48300	1.09595	3.59786	0	-3.22e-06	6.13658e-07	0	3.27795	3.27795e+06	
48400	1.09835	3.61344	0	-3.22e-06	6.13658e-07	0	3.27795	3.27795e+06	
48500	1.10059	3.62784	0	-3.22e-06	6.13658e-07	0	3.27795	3.27795e+06	
48600	1.11225	3.70954	0	-3.22e-06	1.14494e-06	0	3.4175	3.4175e+06	
48700	1.12325	3.80492	0	-3.22e-06	1.14494e-06	0	3.4175	3.4175e+06	
48800	1.13099	3.92039	0	-3.22e-06	1.14494e-06	0	3.4175	3.4175e+06	
48900	1.13207	4.06021	0	-3.22e-06	1.14494e-06	0	3.4175	3.4175e+06	
49000	1.1214	4.22803	0	-3.22e-06	1.14494e-06	0	3.4175	3.4175e+06	
49100	1.11621	4.26659	0	-3.22e-06	-5.48996e-08	0	3.22047	3.22047e+06	
49200	1.11017	4.31211	0	-3.22e-06	-5.48996e-08	0	3.22047	3.22047e+06	
49300	1.10245	4.36372	0	-3.22e-06	-5.48996e-08	0	3.22047	3.22047e+06	
49400	1.09443	4.41583	0	-3.22e-06	-5.48996e-08	0	3.22047	3.22047e+06	
49500	1.08936	4.45572	0	-3.22e-06	-5.48996e-08	0	3.22047	3.22047e+06	
49600	1.10858	4.31363	0	-3.22e-06	-1.62373e-06	0	3.60623	3.60623e+06	
49700	1.12615	4.1584	0	-3.22e-06	-1.62373e-06	0	3.60623	3.60623e+06	
49800	1.13263	3.96978	0	-3.22e-06	-1.62373e-06	0	3.60623	3.60623e+06	
49900	1.11861	3.74316	0	-3.22e-06	-1.62373e-06	0	3.60623	3.60623e+06	
50000	1.08719	3.49789	0	-3.22e-06	-1.62373e-06	0	3.60623	3.60623e+06	
