0	11	14	0	3.22e-06	-4.32525e-07	0	3.24892	3.24892e+06	
100	11.4	13.6	0	3.22e-06	-3.22e-06	0	4.55377	4.55377e+06	
200	11.8	13.2	0	3.22e-06	-3.22e-06	0	4.55377	4.55377e+06	
300	12.2	12.8	0	3.22e-06	-3.22e-06	0	4.55377	4.55377e+06	
400	12.6	12.4	0	3.22e-06	-3.22e-06	0	4.55377	4.55377e+06	
500	13	12	0	3.22e-06	-3.22e-06	0	4.55377	4.55377e+06	
600	13.1212	11.7852	0	9.7591e-07	-1.72909e-06	0	1.98549	1.98549e+06	
700	13.2425	11.5704	0	9.7591e-07	-1.72909e-06	0	1.98549	1.98549e+06	
800	13.3637	11.3556	0	9.7591e-07	-1.72909e-06	0	1.98549	1.98549e+06	
900	13.4849	11.1408	0	9.7591e-07	-1.72909e-06	0	1.98549	1.98549e+06	
1000	13.6062	10.926	0	9.7591e-07	-1.72909e-06	0	1.98549	1.98549e+06	
1100	13.9547	10.771	0	2.80568e-06	-1.24808e-06	0	3.07076	3.07076e+06	
1200	14.3032	10.6159	0	2.80568e-06	-1.24808e-06	0	3.07076	3.07076e+06	
1300	14.6518	10.4609	0	2.80568e-06	-1.24808e-06	0	3.07076	3.07076e+06	
1400	15.0003	10.3059	0	2.80568e-06	-1.24808e-06	0	3.07076	3.07076e+06	
1500	15.3488	10.1508	0	2.80568e-06	-1.24808e-06	0	3.07076	3.07076e+06	
1600	15.7488	10.0746	0	3.22e-06	-6.13943e-07	0	3.27801	3.27801e+06	
1700	16.1488	9.99829	0	3.22e-06	-6.13943e-07	0	3.27801	3.27801e+06	
1800	16.5488	9.92203	0	3.22e-06	-6.13943e-07	0	3.27801	3.27801e+06	
1900	16.9488	9.84576	0	3.22e-06	-6.13943e-07	0	3.27801	3.27801e+06	
2000	17.3488	9.76949	0	3.22e-06	-6.13943e-07	0	3.27801	3.27801e+06	
2100	17.7488	9.61119	0	3.22e-06	-1.27431e-06	0	3.46299	3.46299e+06	
2200	18.1488	9.45289	0	3.22e-06	-1.27431e-06	0	3.46299	3.46299e+06	
2300	18.5488	9.2946	0	3.22e-06	-1.27431e-06	0	3.46299	3.46299e+06	
2400	18.9478	9.15688	0	3.22e-06	-1.27431e-06	0	3.46299	3.46299e+06	
2500	19.3561	9.1304	0	3.22e-06	-1.27431e-06	0	3.46299	3.46299e+06	
2600	19.6308	9.24902	0	2.19893e-06	8.62096e-07	0	2.36189	2.36189e+06	
2700	19.904	9.35619	0	2.19893e-06	8.62096e-07	0	2.36189	2.36189e+06	
2800	20.1772	9.46328	0	2.19893e-06	8.62096e-07	0	2.36189	2.36189e+06	
2900	20.4503	9.57037	0	2.19893e-06	8.62096e-07	0	2.36189	2.36189e+06	
3000	20.7235	9.67746	0	2.19893e-06	8.62096e-07	0	2.36189	2.36189e+06	
3100	20.8203	9.78889	0	7.79246e-07	8.96958e-07	0	1.18817	1.18817e+06	
3200	20.9171	9.90031	0	7.79246e-07	8.96958e-07	0	1.18817	1.18817e+06	
3300	21.0139	10.0117	0	7.79246e-07	8.96958e-07	0	1.18817	1.18817e+06	
3400	21.1107	10.1232	0	7.79246e-07	8.96958e-07	0	1.18817	1.18817e+06	
3500	21.2075	10.2346	0	7.79246e-07	8.96958e-07	0	1.18817	1.18817e+06	
3600	21.2592	10.238	0	4.16764e-07	2.722e-08	0	0.417652	417652	
3700	21.311	10.2413	0	4.16764e-07	2.722e-08	0	0.417652	417652	
3800	21.3628	10.2447	0	4.16764e-07	2.722e-08	0	0.417652	417652	
3900	21.4146	10.2481	0	4.16764e-07	2.722e-08	0	0.417652	417652	
4000	21.4663	10.2515	0	4.16764e-07	2.722e-08	0	0.417652	417652	
4100	21.1542	9.9778	0	-2.51294e-06	-2.20322e-06	0	3.34202	3.34202e+06	
4200	20.842	9.7041	0	-2.51294e-06	-2.20322e-06	0	3.34202	3.34202e+06	
4300	20.5298	9.43041	0	-2.51294e-06	-2.20322e-06	0	3.34202	3.34202e+06	
4400	20.2181	9.16056	0	-2.51294e-06	-2.20322e-06	0	3.34202	3.34202e+06	
4500	19.9126	9.13926	0	-2.51294e-06	-2.20322e-06	0	3.34202	3.34202e+06	
4600	19.5108	9.08848	0	-2.9365e-06	-3.22e-06	0	4.35792	4.35792e+06	
4700	19.1972	9.12198	0	-2.9365e-06	-3.22e-06	0	4.35792	4.35792e+06	
4800	18.8381	9.1279	0	-2.9365e-06	-3.22e-06	0	4.35792	4.35792e+06	
4900	18.4172	9.05814	0	-2.9365e-06	-3.22e-06	0	4.35792	4.35792e+06	
5000	17.9636	8.88151	0	-2.9365e-06	-3.22e-06	0	4.35792	4.35792e+06	
5100	17.5522	8.60964	0	-2.71843e-06	-3.05516e-06	0	4.08948	4.08948e+06	
5200	17.1857	8.2574	0	-2.71843e-06	-3.05516e-06	0	4.08948	4.08948e+06	
5300	16.8461	7.87905	0	-2.71843e-06	-3.05516e-06	0	4.08948	4.08948e+06	
5400	16.5084	7.49953	0	-2.71843e-06	-3.05516e-06	0	4.08948	4.08948e+06	
5500	16.1707	7.12001	0	-2.71843e-06	-3.05516e-06	0	4.08948	4.08948e+06	
5600	16.0607	6.85394	0	-8.85726e-07	-2.14188e-06	0	2.31779	2.31779e+06	
5700	15.9507	6.58787	0	-8.85726e-07	-2.14188e-06	0	2.31779	2.31779e+06	
5800	15.8406	6.3218	0	-8.85726e-07	-2.14188e-06	0	2.31779	2.31779e+06	
5900	15.7306	6.05572	0	-8.85726e-07	-2.14188e-06	0	2.31779	2.31779e+06	
6000	15.6206	5.78965	0	-8.85726e-07	-2.14188e-06	0	2.31779	2.31779e+06	
6100	15.592	5.59693	0	-2.30121e-07	-1.55143e-06	0	1.5684	1.5684e+06	
6200	15.5634	5.4042	0	-2.30121e-07	-1.55143e-06	0	1.5684	1.5684e+06	
6300	15.5348	5.21148	0	-2.30121e-07	-1.55143e-06	0	1.5684	1.5684e+06	
6400	15.5062	5.01876	0	-2.30121e-07	-1.55143e-06	0	1.5684	1.5684e+06	
6500	15.4776	4.82603	0	-2.30121e-07	-1.55143e-06	0	1.5684	1.5684e+06	
6600	15.6404	5.13432	0	1.31009e-06	2.48175e-06	0	2.80632	2.80632e+06	
6700	15.8031	5.44262	0	1.31009e-06	2.48175e-06	0	2.80632	2.80632e+06	
6800	15.9659	5.75091	0	1.31009e-06	2.48175e-06	0	2.80632	2.80632e+06	
6900	16.1286	6.0592	0	1.31009e-06	2.48175e-06	0	2.80632	2.80632e+06	
7000	16.2914	6.36749	0	1.31009e-06	2.48175e-06	0	2.80632	2.80632e+06	
7100	16.2733	6.49757	0	-1.45475e-07	1.04713e-06	0	1.05718	1.05718e+06	
7200	16.2552	6.62765	0	-1.45475e-07	1.04713e-06	0	1.05718	1.05718e+06	
7300	16.2371	6.75773	0	-1.45475e-07	1.04713e-06	0	1.05718	1.05718e+06	
7400	16.2191	6.8878	0	-1.45475e-07	1.04713e-06	0	1.05718	1.05718e+06	
7500	16.201	7.01788	0	-1.45475e-07	1.04713e-06	0	1.05718	1.05718e+06	
7600	16.0275	7.16012	0	-1.39652e-06	1.14504e-06	0	1.80593	1.80593e+06	
7700	15.854	7.30236	0	-1.39652e-06	1.14504e-06	0	1.80593	1.80593e+06	
7800	15.6806	7.44461	0	-1.39652e-06	1.14504e-06	0	1.80593	1.80593e+06	
7900	15.5071	7.58685	0	-1.39652e-06	1.14504e-06	0	1.80593	1.80593e+06	
8000	15.3336	7.72909	0	-1.39652e-06	1.14504e-06	0	1.80593	1.80593e+06	
8100	15.3487	7.63486	0	1.21326e-07	-7.58563e-07	0	0.768204	768204	
8200	15.3637	7.54063	0	1.21326e-07	-7.58563e-07	0	0.768204	768204	
8300	15.3788	7.44639	0	1.21326e-07	-7.58563e-07	0	0.768204	768204	
8400	15.3939	7.35216	0	1.21326e-07	-7.58563e-07	0	0.768204	768204	
8500	15.409	7.25793	0	1.21326e-07	-7.58563e-07	0	0.768204	768204	
8600	15.3574	7.26582	0	-4.14848e-07	6.34949e-08	0	0.419679	419679	
8700	15.3059	7.27371	0	-4.14848e-07	6.34949e-08	0	0.419679	419679	
8800	15.2544	7.28159	0	-4.14848e-07	6.34949e-08	0	0.419679	419679	
8900	15.2028	7.28948	0	-4.14848e-07	6.34949e-08	0	0.419679	419679	
9000	15.1513	7.29737	0	-4.14848e-07	6.34949e-08	0	0.419679	419679	
9100	15.1631	7.37428	0	9.4692e-08	6.19124e-07	0	0.626323	626323	
9200	15.1748	7.45119	0	9.4692e-08	6.19124e-07	0	0.626323	626323	
9300	15.1866	7.5281	0	9.4692e-08	6.19124e-07	0	0.626323	626323	
9400	15.1983	7.60501	0	9.4692e-08	6.19124e-07	0	0.626323	626323	
9500	15.2101	7.68192	0	9.4692e-08	6.19124e-07	0	0.626323	626323	
9600	15.0073	7.9616	0	-1.63234e-06	2.2514e-06	0	2.78089	2.78089e+06	
9700	14.8046	8.24127	0	-1.63234e-06	2.2514e-06	0	2.78089	2.78089e+06	
9800	14.6018	8.52095	0	-1.63234e-06	2.2514e-06	0	2.78089	2.78089e+06	
9900	14.399	8.80063	0	-1.63234e-06	2.2514e-06	0	2.78089	2.78089e+06	
10000	14.1962	9.08031	0	-1.63234e-06	2.2514e-06	0	2.78089	2.78089e+06	
10100	13.9595	9.36433	0	-1.90589e-06	2.28643e-06	0	2.97661	2.97661e+06	
10200	13.7227	9.64836	0	-1.90589e-06	2.28643e-06	0	2.97661	2.97661e+06	
10300	13.486	9.93239	0	-1.90589e-06	2.28643e-06	0	2.97661	2.97661e+06	
10400	13.2492	10.2164	0	-1.90589e-06	2.28643e-06	0	2.97661	2.97661e+06	
10500	13.0124	10.5005	0	-1.90589e-06	2.28643e-06	0	2.97661	2.97661e+06	
10600	12.6584	10.3439	0	-2.85017e-06	-1.25992e-06	0	3.11623	3.11623e+06	
10700	12.3043	10.1874	0	-2.85017e-06	-1.25992e-06	0	3.11623	3.11623e+06	
10800	11.9503	10.0309	0	-2.85017e-06	-1.25992e-06	0	3.11623	3.11623e+06	
10900	11.5962	9.8744	0	-2.85017e-06	-1.25992e-06	0	3.11623	3.11623e+06	
11000	11.2421	9.71789	0	-2.85017e-06	-1.25992e-06	0	3.11623	3.11623e+06	
11100	10.8421	9.69601	0	-3.22e-06	-1.76106e-07	0	3.22481	3.22481e+06	
11200	10.4421	9.67414	0	-3.22e-06	-1.76106e-07	0	3.22481	3.22481e+06	
11300	10.0421	9.65226	0	-3.22e-06	-1.76106e-07	0	3.22481	3.22481e+06	
11400	9.64215	9.63038	0	-3.22e-06	-1.76106e-07	0	3.22481	3.22481e+06	
11500	9.24215	9.60851	0	-3.22e-06	-1.76106e-07	0	3.22481	3.22481e+06	
11600	9.07287	9.667	0	-1.36264e-06	4.70858e-07	0	1.4417	1.4417e+06	
11700	8.9036	9.72549	0	-1.36264e-06	4.70858e-07	0	1.4417	1.4417e+06	
11800	8.73433	9.78398	0	-1.36264e-06	4.70858e-07	0	1.4417	1.4417e+06	
11900	8.56506	9.84247	0	-1.36264e-06	4.70858e-07	0	1.4417	1.4417e+06	
12000	8.39578	9.90097	0	-1.36264e-06	4.70858e-07	0	1.4417	1.4417e+06	
12100	8.13319	10.1868	0	-2.11386e-06	2.30121e-06	0	3.12474	3.12474e+06	
12200	7.8706	10.4727	0	-2.11386e-06	2.30121e-06	0	3.12474	3.12474e+06	
12300	7.60801	10.7586	0	-2.11386e-06	2.30121e-06	0	3.12474	3.12474e+06	
12400	7.34542	11.0444	0	-2.11386e-06	2.30121e-06	0	3.12474	3.12474e+06	
12500	7.08283	11.3303	0	-2.11386e-06	2.30121e-06	0	3.12474	3.12474e+06	
12600	6.9105	11.5707	0	-1.38726e-06	1.93512e-06	0	2.381	2.381e+06	
12700	6.73816	11.8111	0	-1.38726e-06	1.93512e-06	0	2.381	2.381e+06	
12800	6.56583	12.0515	0	-1.38726e-06	1.93512e-06	0	2.381	2.381e+06	
12900	6.3935	12.2918	0	-1.38726e-06	1.93512e-06	0	2.381	2.381e+06	
13000	6.22117	12.5322	0	-1.38726e-06	1.93512e-06	0	2.381	2.381e+06	
13100	5.85163	12.654	0	-2.97484e-06	9.80479e-07	0	3.13226	3.13226e+06	
13200	5.48208	12.7758	0	-2.97484e-06	9.80479e-07	0	3.13226	3.13226e+06	
13300	5.11254	12.8976	0	-2.97484e-06	9.80479e-07	0	3.13226	3.13226e+06	
13400	4.74299	13.0194	0	-2.97484e-06	9.80479e-07	0	3.13226	3.13226e+06	
13500	4.37345	13.1412	0	-2.97484e-06	9.80479e-07	0	3.13226	3.13226e+06	
13600	4.19822	13.5412	0	-1.41055e-06	3.22e-06	0	3.5154	3.5154e+06	
13700	4.023	13.9412	0	-1.41055e-06	3.22e-06	0	3.5154	3.5154e+06	
13800	3.84778	14.3412	0	-1.41055e-06	3.22e-06	0	3.5154	3.5154e+06	
13900	3.67255	14.7412	0	-1.41055e-06	3.22e-06	0	3.5154	3.5154e+06	
14000	3.49733	15.1412	0	-1.41055e-06	3.22e-06	0	3.5154	3.5154e+06	
14100	3.09733	15.3095	0	-3.22e-06	1.35498e-06	0	3.49348	3.49348e+06	
14200	2.69733	15.4779	0	-3.22e-06	1.35498e-06	0	3.49348	3.49348e+06	
14300	2.29733	15.6462	0	-3.22e-06	1.35498e-06	0	3.49348	3.49348e+06	
14400	1.89733	15.8145	0	-3.22e-06	1.35498e-06	0	3.49348	3.49348e+06	
14500	1.49733	15.9828	0	-3.22e-06	1.35498e-06	0	3.49348	3.49348e+06	
14600	1.11337	16.3852	0	-3.22e-06	3.22e-06	0	4.55377	4.55377e+06	
14700	1.11626	16.7528	0	-3.22e-06	3.22e-06	0	4.55377	4.55377e+06	
14800	1.12935	17.1398	0	-3.22e-06	3.22e-06	0	4.55377	4.55377e+06	
14900	1.0899	17.5665	0	-3.22e-06	3.22e-06	0	4.55377	4.55377e+06	
15000	1.1302	17.9162	0	-3.22e-06	3.22e-06	0	4.55377	4.55377e+06	
15100	1.10988	18.3356	0	-3.22e-06	3.22e-06	0	4.55377	4.55377e+06	
15200	1.11147	18.716	0	-3.22e-06	3.22e-06	0	4.55377	4.55377e+06	
15300	1.13137	19.0949	0	-3.22e-06	3.22e-06	0	4.55377	4.55377e+06	
15400	1.08748	19.5281	0	-3.22e-06	3.22e-06	0	4.55377	4.55377e+06	
15500	1.12789	19.8757	0	-3.22e-06	3.22e-06	0	4.55377	4.55377e+06	
15600	1.13223	19.9583	0	-3.22e-06	7.94501e-07	0	3.31657	3.31657e+06	
15700	1.13208	20.0581	0	-3.22e-06	7.94501e-07	0	3.31657	3.31657e+06	
15800	1.12577	20.1781	0	-3.22e-06	7.94501e-07	0	3.31657	3.31657e+06	
15900	1.10971	20.3207	0	-3.22e-06	7.94501e-07	0	3.31657	3.31657e+06	
16000	1.08856	20.4702	0	-3.22e-06	7.94501e-07	0	3.31657	3.31657e+06	
16100	1.08887	20.459	0	-3.22e-06	-3.43094e-07	0	3.23823	3.23823e+06	
16200	1.0894	20.4535	0	-3.22e-06	-3.43094e-07	0	3.23823	3.23823e+06	
16300	1.08969	20.4506	0	-3.22e-06	-3.43094e-07	0	3.23823	3.23823e+06	
16400	1.08986	20.4491	0	-3.22e-06	-3.43094e-07	0	3.23823	3.23823e+06	
16500	1.08995	20.4482	0	-3.22e-06	-3.43094e-07	0	3.23823	3.23823e+06	
16600	1.09123	20.4367	0	-3.22e-06	-4.59792e-07	0	3.25266	3.25266e+06	
16700	1.09214	20.4296	0	-3.22e-06	-4.59792e-07	0	3.25266	3.25266e+06	
16800	1.09278	20.4249	0	-3.22e-06	-4.59792e-07	0	3.25266	3.25266e+06	
16900	1.09324	20.4216	0	-3.22e-06	-4.59792e-07	0	3.25266	3.25266e+06	
17000	1.09357	20.4193	0	-3.22e-06	-4.59792e-07	0	3.25266	3.25266e+06	
17100	1.10013	20.3737	0	-3.22e-06	-8.54472e-07	0	3.33144	3.33144e+06	
17200	1.10694	20.3294	0	-3.22e-06	-8.54472e-07	0	3.33144	3.33144e+06	
17300	1.11389	20.2799	0	-3.22e-06	-8.54472e-07	0	3.33144	3.33144e+06	
17400	1.12079	20.2215	0	-3.22e-06	-8.54472e-07	0	3.33144	3.33144e+06	
17500	1.12705	20.1512	0	-3.22e-06	-8.54472e-07	0	3.33144	3.33144e+06	
17600	1.13193	20.0529	0	-3.22e-06	-9.4979e-07	0	3.35716	3.35716e+06	
17700	1.1319	19.9342	0	-3.22e-06	-9.4979e-07	0	3.35716	3.35716e+06	
17800	1.12322	19.7917	0	-3.22e-06	-9.4979e-07	0	3.35716	3.35716e+06	
17900	1.10159	19.6243	0	-3.22e-06	-9.4979e-07	0	3.35716	3.35716e+06	
18000	1.08733	19.4782	0	-3.22e-06	-9.4979e-07	0	3.35716	3.35716e+06	
18100	1.11876	19.2305	0	-3.22e-06	-2.45018e-06	0	4.04621	4.04621e+06	
18200	1.13232	18.9447	0	-3.22e-06	-2.45018e-06	0	4.04621	4.04621e+06	
18300	1.1001	18.6045	0	-3.22e-06	-2.45018e-06	0	4.04621	4.04621e+06	
18400	1.10611	18.3256	0	-3.22e-06	-2.45018e-06	0	4.04621	4.04621e+06	
18500	1.13137	18.0608	0	-3.22e-06	-2.45018e-06	0	4.04621	4.04621e+06	
18600	1.11768	18.2635	0	-3.22e-06	1.40328e-06	0	3.51249	3.51249e+06	
18700	1.08782	18.4851	0	-3.22e-06	1.40328e-06	0	3.51249	3.51249e+06	
18800	1.09849	18.6191	0	-3.22e-06	1.40328e-06	0	3.51249	3.51249e+06	
18900	1.11517	18.7334	0	-3.22e-06	1.40328e-06	0	3.51249	3.51249e+06	
19000	1.12818	18.8687	0	-3.22e-06	1.40328e-06	0	3.51249	3.51249e+06	
19100	1.13754	19.0385	0	-2.50835e-06	1.42915e-06	0	2.88691	2.88691e+06	
19200	1.12619	19.2346	0	-2.50835e-06	1.42915e-06	0	2.88691	2.88691e+06	
19300	1.09658	19.4505	0	-2.50835e-06	1.42915e-06	0	2.88691	2.88691e+06	
19400	1.10146	19.6079	0	-2.50835e-06	1.42915e-06	0	2.88691	2.88691e+06	
19500	1.12045	19.7379	0	-2.50835e-06	1.42915e-06	0	2.88691	2.88691e+06	
19600	1.1475	19.7218	0	-6.30097e-07	-2.49813e-08	0	0.630592	630592	
19700	1.14612	19.7087	0	-6.30097e-07	-2.49813e-08	0	0.630592	630592	
19800	1.14434	19.6954	0	-6.30097e-07	-2.49813e-08	0	0.630592	630592	
19900	1.14244	19.6816	0	-6.30097e-07	-2.49813e-08	0	0.630592	630592	
20000	1.14043	19.6676	0	-6.30097e-07	-2.49813e-08	0	0.630592	630592	
20100	1.1279	19.6677	0	-1.14206e-06	1.53244e-07	0	1.15229	1.15229e+06	
20200	1.12764	19.666	0	-1.14206e-06	1.53244e-07	0	1.15229	1.15229e+06	
20300	1.12737	19.6642	0	-1.14206e-06	1.53244e-07	0	1.15229	1.15229e+06	
20400	1.12709	19.6623	0	-1.14206e-06	1.53244e-07	0	1.15229	1.15229e+06	
20500	1.12681	19.6604	0	-1.14206e-06	1.53244e-07	0	1.15229	1.15229e+06	
20600	1.11769	19.6231	0	-1.39515e-06	-9.99084e-08	0	1.39872	1.39872e+06	
20700	1.11205	19.586	0	-1.39515e-06	-9.99084e-08	0	1.39872	1.39872e+06	
20800	1.10762	19.5526	0	-1.39515e-06	-9.99084e-08	0	1.39872	1.39872e+06	
20900	1.10516	19.5263	0	-1.39515e-06	-9.99084e-08	0	1.39872	1.39872e+06	
21000	1.1043	19.5075	0	-1.39515e-06	-9.99084e-08	0	1.39872	1.39872e+06	
21100	1.17997	19.5349	0	3.57486e-07	2.28466e-07	0	0.424255	424255	
21200	1.22627	19.5632	0	3.57486e-07	2.28466e-07	0	0.424255	424255	
21300	1.27091	19.5915	0	3.57486e-07	2.28466e-07	0	0.424255	424255	
21400	1.31535	19.6199	0	3.57486e-07	2.28466e-07	0	0.424255	424255	
21500	1.35976	19.6483	0	3.57486e-07	2.28466e-07	0	0.424255	424255	
21600	1.32186	19.9271	0	-3.05177e-07	2.24472e-06	0	2.26537	2.26537e+06	
21700	1.28403	20.206	0	-3.05177e-07	2.24472e-06	0	2.26537	2.26537e+06	
21800	1.24627	20.4848	0	-3.05177e-07	2.24472e-06	0	2.26537	2.26537e+06	
21900	1.20961	20.7635	0	-3.05177e-07	2.24472e-06	0	2.26537	2.26537e+06	
22000	1.18713	21.0419	0	-3.05177e-07	2.24472e-06	0	2.26537	2.26537e+06	
22100	1.14163	21.1714	0	-1.54288e-06	9.78918e-07	0	1.82723	1.82723e+06	
22200	1.12683	21.3126	0	-1.54288e-06	9.78918e-07	0	1.82723	1.82723e+06	
22300	1.10585	21.4579	0	-1.54288e-06	9.78918e-07	0	1.82723	1.82723e+06	
22400	1.10627	21.5721	0	-1.54288e-06	9.78918e-07	0	1.82723	1.82723e+06	
22500	1.11972	21.6635	0	-1.54288e-06	9.78918e-07	0	1.82723	1.82723e+06	
22600	1.10177	21.6329	0	-3.22e-06	2.22008e-07	0	3.22764	3.22764e+06	
22700	1.09668	21.6002	0	-3.22e-06	2.22008e-07	0	3.22764	3.22764e+06	
22800	1.09258	21.5722	0	-3.22e-06	2.22008e-07	0	3.22764	3.22764e+06	
22900	1.09015	21.5527	0	-3.22e-06	2.22008e-07	0	3.22764	3.22764e+06	
23000	1.08899	21.5417	0	-3.22e-06	2.22008e-07	0	3.22764	3.22764e+06	
23100	1.09751	21.3866	0	-3.22e-06	-1.49533e-06	0	3.55027	3.55027e+06	
23200	1.11581	21.261	0	-3.22e-06	-1.49533e-06	0	3.55027	3.55027e+06	
23300	1.12932	21.112	0	-3.22e-06	-1.49533e-06	0	3.55027	3.55027e+06	
23400	1.1319	20.9311	0	-3.22e-06	-1.49533e-06	0	3.55027	3.55027e+06	
23500	1.11507	20.7146	0	-3.22e-06	-1.49533e-06	0	3.55027	3.55027e+06	
23600	1.09836	20.4512	0	-1.98391e-06	-1.97069e-06	0	2.79635	2.79635e+06	
23700	1.12639	20.2442	0	-1.98391e-06	-1.97069e-06	0	2.79635	2.79635e+06	
23800	1.14206	20.016	0	-1.98391e-06	-1.97069e-06	0	2.79635	2.79635e+06	
23900	1.13118	19.7595	0	-1.98391e-06	-1.97069e-06	0	2.79635	2.79635e+06	
24000	1.09758	19.4905	0	-1.98391e-06	-1.97069e-06	0	2.79635	2.79635e+06	
24100	1.1557	19.1255	0	-5.91007e-07	-3.05546e-06	0	3.11209	3.11209e+06	
24200	1.15958	18.7445	0	-5.91007e-07	-3.05546e-06	0	3.11209	3.11209e+06	
24300	1.13158	18.3646	0	-5.91007e-07	-3.05546e-06	0	3.11209	3.11209e+06	
24400	1.16359	17.9941	0	-5.91007e-07	-3.05546e-06	0	3.11209	3.11209e+06	
24500	1.1483	17.6102	0	-5.91007e-07	-3.05546e-06	0	3.11209	3.11209e+06	
24600	1.16828	17.5686	0	1.93031e-08	-3.15005e-07	0	0.315596	315596	
24700	1.1776	17.5289	0	1.93031e-08	-3.15005e-07	0	0.315596	315596	
24800	1.1842	17.4896	0	1.93031e-08	-3.15005e-07	0	0.315596	315596	
24900	1.18983	17.4507	0	1.93031e-08	-3.15005e-07	0	0.315596	315596	
25000	1.19518	17.4119	0	1.93031e-08	-3.15005e-07	0	0.315596	315596	
25100	1.17297	17.1549	0	-3.24062e-07	-2.08374e-06	0	2.10879	2.10879e+06	
25200	1.17704	16.8967	0	-3.24062e-07	-2.08374e-06	0	2.10879	2.10879e+06	
25300	1.16477	16.6351	0	-3.24062e-07	-2.08374e-06	0	2.10879	2.10879e+06	
25400	1.14569	16.3768	0	-3.24062e-07	-2.08374e-06	0	2.10879	2.10879e+06	
25500	1.16653	16.1247	0	-3.24062e-07	-2.08374e-06	0	2.10879	2.10879e+06	
25600	1.14326	15.8221	0	-1.4803e-06	-2.4156e-06	0	2.83309	2.83309e+06	
25700	1.10596	15.505	0	-1.4803e-06	-2.4156e-06	0	2.83309	2.83309e+06	
25800	1.13251	15.2307	0	-1.4803e-06	-2.4156e-06	0	2.83309	2.83309e+06	
25900	1.14788	14.9392	0	-1.4803e-06	-2.4156e-06	0	2.83309	2.83309e+06	
26000	1.12189	14.6243	0	-1.4803e-06	-2.4156e-06	0	2.83309	2.83309e+06	
26100	1.14841	14.2438	0	-3.74848e-07	-3.09143e-06	0	3.11407	3.11407e+06	
26200	1.17228	13.8623	0	-3.74848e-07	-3.09143e-06	0	3.11407	3.11407e+06	
26300	1.15086	13.4758	0	-3.74848e-07	-3.09143e-06	0	3.11407	3.11407e+06	
26400	1.16408	13.0981	0	-3.74848e-07	-3.09143e-06	0	3.11407	3.11407e+06	
26500	1.16803	12.7126	0	-3.74848e-07	-3.09143e-06	0	3.11407	3.11407e+06	
26600	1.56944	12.6798	0	3.22e-06	-2.63177e-07	0	3.23074	3.23074e+06	
26700	1.96944	12.6471	0	3.22e-06	-2.63177e-07	0	3.23074	3.23074e+06	
26800	2.36944	12.6144	0	3.22e-06	-2.63177e-07	0	3.23074	3.23074e+06	
26900	2.76944	12.5817	0	3.22e-06	-2.63177e-07	0	3.23074	3.23074e+06	
27000	3.16944	12.549	0	3.22e-06	-2.63177e-07	0	3.23074	3.23074e+06	
27100	3.56944	12.149	0	3.22e-06	-3.22e-06	0	4.55377	4.55377e+06	
27200	3.96944	11.749	0	3.22e-06	-3.22e-06	0	4.55377	4.55377e+06	
27300	4.36944	11.349	0	3.22e-06	-3.22e-06	0	4.55377	4.55377e+06	
27400	4.76944	10.949	0	3.22e-06	-3.22e-06	0	4.55377	4.55377e+06	
27500	5.16944	10.549	0	3.22e-06	-3.22e-06	0	4.55377	4.55377e+06	
27600	5.35096	10.5081	0	1.46125e-06	-3.29453e-07	0	1.49793	1.49793e+06	
27700	5.53248	10.4671	0	1.46125e-06	-3.29453e-07	0	1.49793	1.49793e+06	
27800	5.71401	10.4262	0	1.46125e-06	-3.29453e-07	0	1.49793	1.49793e+06	
27900	5.89553	10.3853	0	1.46125e-06	-3.29453e-07	0	1.49793	1.49793e+06	
28000	6.07705	10.3444	0	1.46125e-06	-3.29453e-07	0	1.49793	1.49793e+06	
28100	6.24849	10.3986	0	1.38012e-06	4.3689e-07	0	1.44762	1.44762e+06	
28200	6.41993	10.4529	0	1.38012e-06	4.3689e-07	0	1.44762	1.44762e+06	
28300	6.59138	10.5072	0	1.38012e-06	4.3689e-07	0	1.44762	1.44762e+06	
28400	6.76282	10.5614	0	1.38012e-06	4.3689e-07	0	1.44762	1.44762e+06	
28500	6.93426	10.6157	0	1.38012e-06	4.3689e-07	0	1.44762	1.44762e+06	
28600	7.33426	10.6534	0	3.22e-06	3.03522e-07	0	3.23427	3.23427e+06	
28700	7.73426	10.6911	0	3.22e-06	3.03522e-07	0	3.23427	3.23427e+06	
28800	8.13426	10.7288	0	3.22e-06	3.03522e-07	0	3.23427	3.23427e+06	
28900	8.53426	10.7665	0	3.22e-06	3.03522e-07	0	3.23427	3.23427e+06	
29000	8.93426	10.8042	0	3.22e-06	3.03522e-07	0	3.23427	3.23427e+06	
29100	9.16815	10.8474	0	1.88279e-06	3.47598e-07	0	1.91461	1.91461e+06	
29200	9.40204	10.8906	0	1.88279e-06	3.47598e-07	0	1.91461	1.91461e+06	
29300	9.63592	10.9338	0	1.88279e-06	3.47598e-07	0	1.91461	1.91461e+06	
29400	9.86981	10.977	0	1.88279e-06	3.47598e-07	0	1.91461	1.91461e+06	
29500	10.1037	11.0201	0	1.88279e-06	3.47598e-07	0	1.91461	1.91461e+06	
29600	9.72758	10.8447	0	-3.02773e-06	-1.41249e-06	0	3.341	3.341e+06	
29700	9.35147	10.6692	0	-3.02773e-06	-1.41249e-06	0	3.341	3.341e+06	
29800	8.97535	10.4937	0	-3.02773e-06	-1.41249e-06	0	3.341	3.341e+06	
29900	8.59923	10.3183	0	-3.02773e-06	-1.41249e-06	0	3.341	3.341e+06	
30000	8.22312	10.1428	0	-3.02773e-06	-1.41249e-06	0	3.341	3.341e+06	
30100	8.2484	10.2557	0	2.03494e-07	9.08574e-07	0	0.931083	931083	
30200	8.27368	10.3685	0	2.03494e-07	9.08574e-07	0	0.931083	931083	
30300	8.29896	10.4814	0	2.03494e-07	9.08574e-07	0	0.931083	931083	
30400	8.32423	10.5943	0	2.03494e-07	9.08574e-07	0	0.931083	931083	
30500	8.34951	10.7071	0	2.03494e-07	9.08574e-07	0	0.931083	931083	
30600	8.74951	10.7999	0	3.22e-06	7.46286e-07	0	3.30535	3.30535e+06	
30700	9.14951	10.8926	0	3.22e-06	7.46286e-07	0	3.30535	3.30535e+06	
30800	9.54951	10.9853	0	3.22e-06	7.46286e-07	0	3.30535	3.30535e+06	
30900	9.94951	11.078	0	3.22e-06	7.46286e-07	0	3.30535	3.30535e+06	
31000	10.3495	11.1707	0	3.22e-06	7.46286e-07	0	3.30535	3.30535e+06	
31100	10.1021	10.8954	0	-1.99188e-06	-2.21594e-06	0	2.9796	2.9796e+06	
31200	9.85464	10.6201	0	-1.99188e-06	-2.21594e-06	0	2.9796	2.9796e+06	
31300	9.6072	10.3449	0	-1.99188e-06	-2.21594e-06	0	2.9796	2.9796e+06	
31400	9.35976	10.0696	0	-1.99188e-06	-2.21594e-06	0	2.9796	2.9796e+06	
31500	9.11232	9.79431	0	-1.99188e-06	-2.21594e-06	0	2.9796	2.9796e+06	
31600	9.11822	10.0091	0	4.75444e-08	1.72912e-06	0	1.72978	1.72978e+06	
31700	9.12413	10.2239	0	4.75444e-08	1.72912e-06	0	1.72978	1.72978e+06	
31800	9.13004	10.4387	0	4.75444e-08	1.72912e-06	0	1.72978	1.72978e+06	
31900	9.13594	10.6535	0	4.75444e-08	1.72912e-06	0	1.72978	1.72978e+06	
32000	9.14185	10.8683	0	4.75444e-08	1.72912e-06	0	1.72978	1.72978e+06	
32100	9.11262	11.0672	0	-2.35321e-07	1.60114e-06	0	1.61834	1.61834e+06	
32200	9.08338	11.2661	0	-2.35321e-07	1.60114e-06	0	1.61834	1.61834e+06	
32300	9.05415	11.465	0	-2.35321e-07	1.60114e-06	0	1.61834	1.61834e+06	
32400	9.02492	11.6639	0	-2.35321e-07	1.60114e-06	0	1.61834	1.61834e+06	
32500	8.99569	11.8628	0	-2.35321e-07	1.60114e-06	0	1.61834	1.61834e+06	
32600	8.62856	12.2264	0	-2.95538e-06	2.92698e-06	0	4.15951	4.15951e+06	
32700	8.26143	12.59	0	-2.95538e-06	2.92698e-06	0	4.15951	4.15951e+06	
32800	7.8943	12.9536	0	-2.95538e-06	2.92698e-06	0	4.15951	4.15951e+06	
32900	7.52717	13.3172	0	-2.95538e-06	2.92698e-06	0	4.15951	4.15951e+06	
33000	7.16005	13.6808	0	-2.95538e-06	2.92698e-06	0	4.15951	4.15951e+06	
33100	6.76005	13.8244	0	-3.22e-06	1.15582e-06	0	3.42116	3.42116e+06	
33200	6.36005	13.968	0	-3.22e-06	1.15582e-06	0	3.42116	3.42116e+06	
33300	5.96005	14.1115	0	-3.22e-06	1.15582e-06	0	3.42116	3.42116e+06	
33400	5.56005	14.2551	0	-3.22e-06	1.15582e-06	0	3.42116	3.42116e+06	
33500	5.16005	14.3987	0	-3.22e-06	1.15582e-06	0	3.42116	3.42116e+06	
33600	4.76005	14.62	0	-3.22e-06	1.78129e-06	0	3.67986	3.67986e+06	
33700	4.36005	14.8413	0	-3.22e-06	1.78129e-06	0	3.67986	3.67986e+06	
33800	3.96005	15.0625	0	-3.22e-06	1.78129e-06	0	3.67986	3.67986e+06	
33900	3.56005	15.2838	0	-3.22e-06	1.78129e-06	0	3.67986	3.67986e+06	
34000	3.16005	15.5051	0	-3.22e-06	1.78129e-06	0	3.67986	3.67986e+06	
34100	2.76005	15.6669	0	-3.22e-06	1.30261e-06	0	3.4735	3.4735e+06	
34200	2.36005	15.8287	0	-3.22e-06	1.30261e-06	0	3.4735	3.4735e+06	
34300	1.96005	15.9905	0	-3.22e-06	1.30261e-06	0	3.4735	3.4735e+06	
34400	1.56005	16.1523	0	-3.22e-06	1.30261e-06	0	3.4735	3.4735e+06	
34500	1.16159	16.3144	0	-3.22e-06	1.30261e-06	0	3.4735	3.4735e+06	
34600	1.11634	16.2609	0	-3.22e-06	-8.02655e-07	0	3.31853	3.31853e+06	
34700	1.12244	16.2056	0	-3.22e-06	-8.02655e-07	0	3.31853	3.31853e+06	
34800	1.12793	16.139	0	-3.22e-06	-8.02655e-07	0	3.31853	3.31853e+06	
34900	1.13181	16.0583	0	-3.22e-06	-8.02655e-07	0	3.31853	3.31853e+06	
35000	1.13246	15.9607	0	-3.22e-06	-8.02655e-07	0	3.31853	3.31853e+06	
35100	1.11731	15.7319	0	-3.22e-06	-1.62745e-06	0	3.60791	3.60791e+06	
35200	1.0871	15.4886	0	-3.22e-06	-1.62745e-06	0	3.60791	3.60791e+06	
35300	1.10475	15.3393	0	-3.22e-06	-1.62745e-06	0	3.60791	3.60791e+06	
35400	1.12357	15.1886	0	-3.22e-06	-1.62745e-06	0	3.60791	3.60791e+06	
35500	1.13266	15.006	0	-3.22e-06	-1.62745e-06	0	3.60791	3.60791e+06	
35600	1.11427	14.7034	0	-3.22e-06	-2.23964e-06	0	3.92229	3.92229e+06	
35700	1.09319	14.4116	0	-3.22e-06	-2.23964e-06	0	3.92229	3.92229e+06	
35800	1.12304	14.1906	0	-3.22e-06	-2.23964e-06	0	3.92229	3.92229e+06	
35900	1.13183	13.9249	0	-3.22e-06	-2.23964e-06	0	3.92229	3.92229e+06	
36000	1.1006	13.6092	0	-3.22e-06	-2.23964e-06	0	3.92229	3.92229e+06	
36100	1.09955	13.4227	0	-2.20075e-06	-1.48082e-06	0	2.65257	2.65257e+06	
36200	1.1203	13.2817	0	-2.20075e-06	-1.48082e-06	0	2.65257	2.65257e+06	
36300	1.13587	13.1255	0	-2.20075e-06	-1.48082e-06	0	2.65257	2.65257e+06	
36400	1.13995	12.9467	0	-2.20075e-06	-1.48082e-06	0	2.65257	2.65257e+06	
36500	1.12682	12.7445	0	-2.20075e-06	-1.48082e-06	0	2.65257	2.65257e+06	
36600	1.11537	12.362	0	-1.3044e-06	-3.05984e-06	0	3.32627	3.32627e+06	
36700	1.14996	11.9991	0	-1.3044e-06	-3.05984e-06	0	3.32627	3.32627e+06	
36800	1.12457	11.6081	0	-1.3044e-06	-3.05984e-06	0	3.32627	3.32627e+06	
36900	1.13212	11.2425	0	-1.3044e-06	-3.05984e-06	0	3.32627	3.32627e+06	
37000	1.14872	10.8683	0	-1.3044e-06	-3.05984e-06	0	3.32627	3.32627e+06	
37100	1.11728	10.5242	0	-1.08533e-06	-2.67667e-06	0	2.88834	2.88834e+06	
37200	1.13947	10.21	0	-1.08533e-06	-2.67667e-06	0	2.88834	2.88834e+06	
37300	1.15289	9.88147	0	-1.08533e-06	-2.67667e-06	0	2.88834	2.88834e+06	
37400	1.11898	9.53768	0	-1.08533e-06	-2.67667e-06	0	2.88834	2.88834e+06	
37500	1.13803	9.22249	0	-1.08533e-06	-2.67667e-06	0	2.88834	2.88834e+06	
37600	1.35681	9.09277	0	1.6533e-06	-1.05482e-06	0	1.96113	1.96113e+06	
37700	1.56219	8.96173	0	1.6533e-06	-1.05482e-06	0	1.96113	1.96113e+06	
37800	1.76757	8.8307	0	1.6533e-06	-1.05482e-06	0	1.96113	1.96113e+06	
37900	1.97295	8.69967	0	1.6533e-06	-1.05482e-06	0	1.96113	1.96113e+06	
38000	2.17833	8.56863	0	1.6533e-06	-1.05482e-06	0	1.96113	1.96113e+06	
38100	2.49649	8.3983	0	2.56117e-06	-1.3712e-06	0	2.90514	2.90514e+06	
38200	2.81465	8.22796	0	2.56117e-06	-1.3712e-06	0	2.90514	2.90514e+06	
38300	3.1328	8.05762	0	2.56117e-06	-1.3712e-06	0	2.90514	2.90514e+06	
38400	3.45096	7.88729	0	2.56117e-06	-1.3712e-06	0	2.90514	2.90514e+06	
38500	3.76912	7.71695	0	2.56117e-06	-1.3712e-06	0	2.90514	2.90514e+06	
38600	4.12997	7.76159	0	2.90486e-06	3.59313e-07	0	2.927	2.927e+06	
38700	4.49082	7.80622	0	2.90486e-06	3.59313e-07	0	2.927	2.927e+06	
38800	4.85168	7.85086	0	2.90486e-06	3.59313e-07	0	2.927	2.927e+06	
38900	5.21253	7.89549	0	2.90486e-06	3.59313e-07	0	2.927	2.927e+06	
39000	5.57338	7.94013	0	2.90486e-06	3.59313e-07	0	2.927	2.927e+06	
39100	5.48832	7.73421	0	-6.84759e-07	-1.65766e-06	0	1.79352	1.79352e+06	
39200	5.40325	7.52829	0	-6.84759e-07	-1.65766e-06	0	1.79352	1.79352e+06	
39300	5.31819	7.32237	0	-6.84759e-07	-1.65766e-06	0	1.79352	1.79352e+06	
39400	5.23313	7.11645	0	-6.84759e-07	-1.65766e-06	0	1.79352	1.79352e+06	
39500	5.14806	6.91053	0	-6.84759e-07	-1.65766e-06	0	1.79352	1.79352e+06	
39600	4.85607	6.69009	0	-2.35057e-06	-1.77449e-06	0	2.94516	2.94516e+06	
39700	4.56407	6.46966	0	-2.35057e-06	-1.77449e-06	0	2.94516	2.94516e+06	
39800	4.27208	6.24923	0	-2.35057e-06	-1.77449e-06	0	2.94516	2.94516e+06	
39900	3.98008	6.02879	0	-2.35057e-06	-1.77449e-06	0	2.94516	2.94516e+06	
40000	3.68808	5.80836	0	-2.35057e-06	-1.77449e-06	0	2.94516	2.94516e+06	
40100	3.73301	5.72285	0	3.61637e-07	-6.88347e-07	0	0.777562	777562	
40200	3.77793	5.63734	0	3.61637e-07	-6.88347e-07	0	0.777562	777562	
40300	3.82286	5.55183	0	3.61637e-07	-6.88347e-07	0	0.777562	777562	
40400	3.86778	5.46632	0	3.61637e-07	-6.88347e-07	0	0.777562	777562	
40500	3.9127	5.38081	0	3.61637e-07	-6.88347e-07	0	0.777562	777562	
40600	4.03926	5.27917	0	1.01874e-06	-8.18188e-07	0	1.30662	1.30662e+06	
40700	4.16581	5.17754	0	1.01874e-06	-8.18188e-07	0	1.30662	1.30662e+06	
40800	4.29236	5.0759	0	1.01874e-06	-8.18188e-07	0	1.30662	1.30662e+06	
40900	4.41891	4.97426	0	1.01874e-06	-8.18188e-07	0	1.30662	1.30662e+06	
41000	4.54546	4.87262	0	1.01874e-06	-8.18188e-07	0	1.30662	1.30662e+06	
41100	4.22587	5.21295	0	-2.57274e-06	2.7396e-06	0	3.75824	3.75824e+06	
41200	3.90627	5.55327	0	-2.57274e-06	2.7396e-06	0	3.75824	3.75824e+06	
41300	3.58668	5.89359	0	-2.57274e-06	2.7396e-06	0	3.75824	3.75824e+06	
41400	3.26708	6.23391	0	-2.57274e-06	2.7396e-06	0	3.75824	3.75824e+06	
41500	2.94749	6.57424	0	-2.57274e-06	2.7396e-06	0	3.75824	3.75824e+06	
41600	2.71703	6.696	0	-1.8552e-06	9.80199e-07	0	2.09823	2.09823e+06	
41700	2.48657	6.81777	0	-1.8552e-06	9.80199e-07	0	2.09823	2.09823e+06	
41800	2.25611	6.93953	0	-1.8552e-06	9.80199e-07	0	2.09823	2.09823e+06	
41900	2.02565	7.06129	0	-1.8552e-06	9.80199e-07	0	2.09823	2.09823e+06	
42000	1.79519	7.18306	0	-1.8552e-06	9.80199e-07	0	2.09823	2.09823e+06	
42100	1.39519	7.36845	0	-3.22e-06	1.49239e-06	0	3.54903	3.54903e+06	
42200	1.08905	7.54835	0	-3.22e-06	1.49239e-06	0	3.54903	3.54903e+06	
42300	1.10686	7.67389	0	-3.22e-06	1.49239e-06	0	3.54903	3.54903e+06	
42400	1.12342	7.80891	0	-3.22e-06	1.49239e-06	0	3.54903	3.54903e+06	
42500	1.13241	7.97261	0	-3.22e-06	1.49239e-06	0	3.54903	3.54903e+06	
42600	1.13471	8.14991	0	-2.33679e-06	1.36567e-06	0	2.70659	2.70659e+06	
42700	1.11298	8.34988	0	-2.33679e-06	1.36567e-06	0	2.70659	2.70659e+06	
42800	1.09459	8.53829	0	-2.33679e-06	1.36567e-06	0	2.70659	2.70659e+06	
42900	1.11173	8.66537	0	-2.33679e-06	1.36567e-06	0	2.70659	2.70659e+06	
43000	1.12847	8.79677	0	-2.33679e-06	1.36567e-06	0	2.70659	2.70659e+06	
43100	1.14721	9.09451	0	-1.47839e-06	2.44818e-06	0	2.85993	2.85993e+06	
43200	1.11623	9.41503	0	-1.47839e-06	2.44818e-06	0	2.85993	2.85993e+06	
43300	1.12382	9.70335	0	-1.47839e-06	2.44818e-06	0	2.85993	2.85993e+06	
43400	1.14773	9.99204	0	-1.47839e-06	2.44818e-06	0	2.85993	2.85993e+06	
43500	1.1312	10.3069	0	-1.47839e-06	2.44818e-06	0	2.85993	2.85993e+06	
43600	1.12261	10.6268	0	-8.20704e-07	2.56507e-06	0	2.69316	2.69316e+06	
43700	1.15591	10.9316	0	-8.20704e-07	2.56507e-06	0	2.69316	2.69316e+06	
43800	1.15126	11.2537	0	-8.20704e-07	2.56507e-06	0	2.69316	2.69316e+06	
43900	1.11935	11.5764	0	-8.20704e-07	2.56507e-06	0	2.69316	2.69316e+06	
44000	1.15245	11.8791	0	-8.20704e-07	2.56507e-06	0	2.69316	2.69316e+06	
44100	1.12509	11.5666	0	-9.77221e-07	-2.43067e-06	0	2.61975	2.61975e+06	
44200	1.13304	11.2775	0	-9.77221e-07	-2.43067e-06	0	2.61975	2.61975e+06	
44300	1.15588	10.985	0	-9.77221e-07	-2.43067e-06	0	2.61975	2.61975e+06	
44400	1.13951	10.6754	0	-9.77221e-07	-2.43067e-06	0	2.61975	2.61975e+06	
44500	1.11949	10.3743	0	-9.77221e-07	-2.43067e-06	0	2.61975	2.61975e+06	
44600	1.43065	9.99126	0	2.4194e-06	-3.09622e-06	0	3.92939	3.92939e+06	
44700	1.7312	9.60663	0	2.4194e-06	-3.09622e-06	0	3.92939	3.92939e+06	
44800	2.03174	9.22201	0	2.4194e-06	-3.09622e-06	0	3.92939	3.92939e+06	
44900	2.33229	8.83739	0	2.4194e-06	-3.09622e-06	0	3.92939	3.92939e+06	
45000	2.63284	8.45276	0	2.4194e-06	-3.09622e-06	0	3.92939	3.92939e+06	
45100	2.51502	8.05276	0	-9.48461e-07	-3.22e-06	0	3.35678	3.35678e+06	
45200	2.3972	7.65276	0	-9.48461e-07	-3.22e-06	0	3.35678	3.35678e+06	
45300	2.27937	7.25276	0	-9.48461e-07	-3.22e-06	0	3.35678	3.35678e+06	
45400	2.16155	6.85276	0	-9.48461e-07	-3.22e-06	0	3.35678	3.35678e+06	
45500	2.04373	6.45276	0	-9.48461e-07	-3.22e-06	0	3.35678	3.35678e+06	
45600	2.28447	6.05276	0	1.93791e-06	-3.22e-06	0	3.75818	3.75818e+06	
45700	2.5252	5.65276	0	1.93791e-06	-3.22e-06	0	3.75818	3.75818e+06	
45800	2.76594	5.25276	0	1.93791e-06	-3.22e-06	0	3.75818	3.75818e+06	
45900	3.00667	4.85276	0	1.93791e-06	-3.22e-06	0	3.75818	3.75818e+06	
46000	3.2474	4.45276	0	1.93791e-06	-3.22e-06	0	3.75818	3.75818e+06	
46100	3.4771	4.11533	0	1.84908e-06	-2.71632e-06	0	3.28596	3.28596e+06	
46200	3.7068	3.7779	0	1.84908e-06	-2.71632e-06	0	3.28596	3.28596e+06	
46300	3.9365	3.44047	0	1.84908e-06	-2.71632e-06	0	3.28596	3.28596e+06	
46400	4.1662	3.10304	0	1.84908e-06	-2.71632e-06	0	3.28596	3.28596e+06	
46500	4.3959	2.76561	0	1.84908e-06	-2.71632e-06	0	3.28596	3.28596e+06	
46600	4.55938	2.48863	0	1.31602e-06	-2.22966e-06	0	2.58907	2.58907e+06	
46700	4.72284	2.21186	0	1.31602e-06	-2.22966e-06	0	2.58907	2.58907e+06	
46800	4.86929	2.13538	0	1.31602e-06	-2.22966e-06	0	2.58907	2.58907e+06	
46900	5.02545	2.14002	0	1.31602e-06	-2.22966e-06	0	2.58907	2.58907e+06	
47000	5.20281	2.13164	0	1.31602e-06	-2.22966e-06	0	2.58907	2.58907e+06	
47100	5.25161	2.29775	0	3.76659e-07	1.1686e-06	0	1.2278	1.2278e+06	
47200	5.2984	2.44292	0	3.76659e-07	1.1686e-06	0	1.2278	1.2278e+06	
47300	5.34519	2.58809	0	3.76659e-07	1.1686e-06	0	1.2278	1.2278e+06	
47400	5.39198	2.73326	0	3.76659e-07	1.1686e-06	0	1.2278	1.2278e+06	
47500	5.43877	2.87843	0	3.76659e-07	1.1686e-06	0	1.2278	1.2278e+06	
47600	5.28036	2.96808	0	-1.27522e-06	7.21747e-07	0	1.4653	1.4653e+06	
47700	5.12195	3.05774	0	-1.27522e-06	7.21747e-07	0	1.4653	1.4653e+06	
47800	4.96353	3.1474	0	-1.27522e-06	7.21747e-07	0	1.4653	1.4653e+06	
47900	4.80512	3.23706	0	-1.27522e-06	7.21747e-07	0	1.4653	1.4653e+06	
48000	4.64671	3.32672	0	-1.27522e-06	7.21747e-07	0	1.4653	1.4653e+06	
48100	4.48329	3.4243	0	-1.3155e-06	7.85574e-07	0	1.53221	1.53221e+06	
48200	4.31988	3.52189	0	-1.3155e-06	7.85574e-07	0	1.53221	1.53221e+06	
48300	4.15646	3.61948	0	-1.3155e-06	7.85574e-07	0	1.53221	1.53221e+06	
48400	3.99305	3.71706	0	-1.3155e-06	7.85574e-07	0	1.53221	1.53221e+06	
48500	3.82963	3.81465	0	-1.3155e-06	7.85574e-07	0	1.53221	1.53221e+06	
48600	3.86358	3.99803	0	2.73276e-07	1.47621e-06	0	1.50129	1.50129e+06	
48700	3.89752	4.18141	0	2.73276e-07	1.47621e-06	0	1.50129	1.50129e+06	
48800	3.93147	4.36479	0	2.73276e-07	1.47621e-06	0	1.50129	1.50129e+06	
48900	3.96542	4.54817	0	2.73276e-07	1.47621e-06	0	1.50129	1.50129e+06	
49000	3.99937	4.73155	0	2.73276e-07	1.47621e-06	0	1.50129	1.50129e+06	
49100	3.59937	5.13155	0	-3.22e-06	3.22e-06	0	4.55377	4.55377e+06	
49200	3.19937	5.53155	0	-3.22e-06	3.22e-06	0	4.55377	4.55377e+06	
49300	2.79937	5.93155	0	-3.22e-06	3.22e-06	0	4.55377	4.55377e+06	
49400	2.39937	6.33155	0	-3.22e-06	3.22e-06	0	4.55377	4.55377e+06	
49500	1.99937	6.73155	0	-3.22e-06	3.22e-06	0	4.55377	4.55377e+06	
49600	1.59937	6.74395	0	-3.22e-06	9.98334e-08	0	3.22155	3.22155e+06	
49700	1.19969	6.75632	0	-3.22e-06	9.98334e-08	0	3.22155	3.22155e+06	
49800	1.11591	6.73127	0	-3.22e-06	9.98334e-08	0	3.22155	3.22155e+06	
49900	1.11061	6.69131	0	-3.22e-06	9.98334e-08	0	3.22155	3.22155e+06	
50000	1.10387	6.64572	0	-3.22e-06	9.98334e-08	0	3.22155	3.22155e+06	
