0	13	3	0	-5.4325e-07	1.29135e-06	0	1.40096	1.40096e+06	
100	12.7696	3.4	0	-1.85481e-06	3.22e-06	0	3.71601	3.71601e+06	
200	12.5392	3.8	0	-1.85481e-06	3.22e-06	0	3.71601	3.71601e+06	
300	12.3088	4.2	0	-1.85481e-06	3.22e-06	0	3.71601	3.71601e+06	
400	12.0784	4.6	0	-1.85481e-06	3.22e-06	0	3.71601	3.71601e+06	
500	11.8479	5	0	-1.85481e-06	3.22e-06	0	3.71601	3.71601e+06	
600	11.4479	5.4	0	-3.22e-06	3.22e-06	0	4.55377	4.55377e+06	
700	11.0479	5.8	0	-3.22e-06	3.22e-06	0	4.55377	4.55377e+06	
800	10.6479	6.2	0	-3.22e-06	3.22e-06	0	4.55377	4.55377e+06	
900	10.2479	6.6	0	-3.22e-06	3.22e-06	0	4.55377	4.55377e+06	
1000	9.84794	7	0	-3.22e-06	3.22e-06	0	4.55377	4.55377e+06	
1100	9.45479	7.4	0	-3.16492e-06	3.22e-06	0	4.51499	4.51499e+06	
1200	9.06163	7.8	0	-3.16492e-06	3.22e-06	0	4.51499	4.51499e+06	
1300	8.66847	8.2	0	-3.16492e-06	3.22e-06	0	4.51499	4.51499e+06	
1400	8.27531	8.6	0	-3.16492e-06	3.22e-06	0	4.51499	4.51499e+06	
1500	7.88215	9	0	-3.16492e-06	3.22e-06	0	4.51499	4.51499e+06	
1600	7.48215	9.4	0	-3.22e-06	3.22e-06	0	4.55377	4.55377e+06	
1700	7.08215	9.8	0	-3.22e-06	3.22e-06	0	4.55377	4.55377e+06	
1800	6.68215	10.2	0	-3.22e-06	3.22e-06	0	4.55377	4.55377e+06	
1900	6.28215	10.6	0	-3.22e-06	3.22e-06	0	4.55377	4.55377e+06	
2000	5.88215	11	0	-3.22e-06	3.22e-06	0	4.55377	4.55377e+06	
2100	5.48215	11.4	0	-3.22e-06	3.22e-06	0	4.55377	4.55377e+06	
2200	5.08215	11.8	0	-3.22e-06	3.22e-06	0	4.55377	4.55377e+06	
2300	4.68215	12.2	0	-3.22e-06	3.22e-06	0	4.55377	4.55377e+06	
2400	4.28215	12.6	0	-3.22e-06	3.22e-06	0	4.55377	4.55377e+06	
2500	3.88215	13	0	-3.22e-06	3.22e-06	0	4.55377	4.55377e+06	
2600	3.48215	13.3765	0	-3.22e-06	3.03093e-06	0	4.4221	4.4221e+06	
2700	3.08215	13.753	0	-3.22e-06	3.03093e-06	0	4.4221	4.4221e+06	
2800	2.68215	14.1295	0	-3.22e-06	3.03093e-06	0	4.4221	4.4221e+06	
2900	2.28215	14.5061	0	-3.22e-06	3.03093e-06	0	4.4221	4.4221e+06	
3000	1.88215	14.8826	0	-3.22e-06	3.03093e-06	0	4.4221	4.4221e+06	
3100	1.48215	14.7491	0	-3.22e-06	-1.07468e-06	0	3.3946	3.3946e+06	
3200	1.10607	14.6119	0	-3.22e-06	-1.07468e-06	0	3.3946	3.3946e+06	
3300	1.08829	14.4614	0	-3.22e-06	-1.07468e-06	0	3.3946	3.3946e+06	
3400	1.09863	14.3819	0	-3.22e-06	-1.07468e-06	0	3.3946	3.3946e+06	
3500	1.10955	14.3102	0	-3.22e-06	-1.07468e-06	0	3.3946	3.3946e+06	
3600	1.0953	14.4126	0	-3.22e-06	3.59105e-07	0	3.23996	3.23996e+06	
3700	1.08715	14.4912	0	-3.22e-06	3.59105e-07	0	3.23996	3.23996e+06	
3800	1.0877	14.5258	0	-3.22e-06	3.59105e-07	0	3.23996	3.23996e+06	
3900	1.08881	14.5405	0	-3.22e-06	3.59105e-07	0	3.23996	3.23996e+06	
4000	1.08951	14.5477	0	-3.22e-06	3.59105e-07	0	3.23996	3.23996e+06	
4100	1.08702	14.4933	0	-3.22e-06	-3.19763e-07	0	3.23584	3.23584e+06	
4200	1.08791	14.4711	0	-3.22e-06	-3.19763e-07	0	3.23584	3.23584e+06	
4300	1.08865	14.4615	0	-3.22e-06	-3.19763e-07	0	3.23584	3.23584e+06	
4400	1.08908	14.4568	0	-3.22e-06	-3.19763e-07	0	3.23584	3.23584e+06	
4500	1.08931	14.4545	0	-3.22e-06	-3.19763e-07	0	3.23584	3.23584e+06	
4600	1.12258	14.1934	0	-3.22e-06	-2.5611e-06	0	4.11432	4.11432e+06	
4700	1.13039	13.8845	0	-3.22e-06	-2.5611e-06	0	4.11432	4.11432e+06	
4800	1.08946	13.5258	0	-3.22e-06	-2.5611e-06	0	4.11432	4.11432e+06	
4900	1.11559	13.2564	0	-3.22e-06	-2.5611e-06	0	4.11432	4.11432e+06	
5000	1.13257	12.9612	0	-3.22e-06	-2.5611e-06	0	4.11432	4.11432e+06	
5100	1.11873	12.7448	0	-3.22e-06	-1.53582e-06	0	3.56751	3.56751e+06	
5200	1.08752	12.5082	0	-3.22e-06	-1.53582e-06	0	3.56751	3.56751e+06	
5300	1.1012	12.3627	0	-3.22e-06	-1.53582e-06	0	3.56751	3.56751e+06	
5400	1.11959	12.2285	0	-3.22e-06	-1.53582e-06	0	3.56751	3.56751e+06	
5500	1.13137	12.0669	0	-3.22e-06	-1.53582e-06	0	3.56751	3.56751e+06	
5600	1.13199	11.9371	0	-3.22e-06	-1.05249e-06	0	3.38764	3.38764e+06	
5700	1.12228	11.7813	0	-3.22e-06	-1.05249e-06	0	3.38764	3.38764e+06	
5800	1.09787	11.5997	0	-3.22e-06	-1.05249e-06	0	3.38764	3.38764e+06	
5900	1.08871	11.4565	0	-3.22e-06	-1.05249e-06	0	3.38764	3.38764e+06	
6000	1.09882	11.3809	0	-3.22e-06	-1.05249e-06	0	3.38764	3.38764e+06	
6100	1.13141	11.0558	0	-3.22e-06	-2.97566e-06	0	4.3844	4.3844e+06	
6200	1.10958	10.664	0	-3.22e-06	-2.97566e-06	0	4.3844	4.3844e+06	
6300	1.10789	10.3105	0	-3.22e-06	-2.97566e-06	0	4.3844	4.3844e+06	
6400	1.13265	9.97086	0	-3.22e-06	-2.97566e-06	0	4.3844	4.3844e+06	
6500	1.09499	9.56679	0	-3.22e-06	-2.97566e-06	0	4.3844	4.3844e+06	
6600	1.10183	9.39776	0	-2.34679e-06	-1.46613e-06	0	2.76712	2.76712e+06	
6700	1.12188	9.26037	0	-2.34679e-06	-1.46613e-06	0	2.76712	2.76712e+06	
6800	1.13587	9.10471	0	-2.34679e-06	-1.46613e-06	0	2.76712	2.76712e+06	
6900	1.13813	8.92514	0	-2.34679e-06	-1.46613e-06	0	2.76712	2.76712e+06	
7000	1.12264	8.7208	0	-2.34679e-06	-1.46613e-06	0	2.76712	2.76712e+06	
7100	1.12588	8.62943	0	-1.05463e-06	-5.82491e-07	0	1.2048	1.2048e+06	
7200	1.11335	8.5415	0	-1.05463e-06	-5.82491e-07	0	1.2048	1.2048e+06	
7300	1.11059	8.46835	0	-1.05463e-06	-5.82491e-07	0	1.2048	1.2048e+06	
7400	1.11641	8.41131	0	-1.05463e-06	-5.82491e-07	0	1.2048	1.2048e+06	
7500	1.12415	8.35965	0	-1.05463e-06	-5.82491e-07	0	1.2048	1.2048e+06	
7600	1.08869	8.49045	0	-3.00984e-06	7.50362e-07	0	3.10196	3.10196e+06	
7700	1.09199	8.56027	0	-3.00984e-06	7.50362e-07	0	3.10196	3.10196e+06	
7800	1.09772	8.60157	0	-3.00984e-06	7.50362e-07	0	3.10196	3.10196e+06	
7900	1.10318	8.63678	0	-3.00984e-06	7.50362e-07	0	3.10196	3.10196e+06	
8000	1.10866	8.67269	0	-3.00984e-06	7.50362e-07	0	3.10196	3.10196e+06	
8100	1.13225	8.9733	0	-3.22e-06	2.71227e-06	0	4.21009	4.21009e+06	
8200	1.10945	9.33516	0	-3.22e-06	2.71227e-06	0	4.21009	4.21009e+06	
8300	1.10382	9.66089	0	-3.22e-06	2.71227e-06	0	4.21009	4.21009e+06	
8400	1.1319	9.95841	0	-3.22e-06	2.71227e-06	0	4.21009	4.21009e+06	
8500	1.11188	10.3177	0	-3.22e-06	2.71227e-06	0	4.21009	4.21009e+06	
8600	1.08945	10.5551	0	-3.22e-06	1.72657e-06	0	3.65369	3.65369e+06	
8700	1.11165	10.7087	0	-3.22e-06	1.72657e-06	0	3.65369	3.65369e+06	
8800	1.12892	10.8826	0	-3.22e-06	1.72657e-06	0	3.65369	3.65369e+06	
8900	1.13111	11.0938	0	-3.22e-06	1.72657e-06	0	3.65369	3.65369e+06	
9000	1.107	11.3454	0	-3.22e-06	1.72657e-06	0	3.65369	3.65369e+06	
9100	1.1125	11.7236	0	-3.22e-06	3.22e-06	0	4.55377	4.55377e+06	
9200	1.13102	12.1042	0	-3.22e-06	3.22e-06	0	4.55377	4.55377e+06	
9300	1.08771	12.5363	0	-3.22e-06	3.22e-06	0	4.55377	4.55377e+06	
9400	1.12842	12.884	0	-3.22e-06	3.22e-06	0	4.55377	4.55377e+06	
9500	1.11495	13.2977	0	-3.22e-06	3.22e-06	0	4.55377	4.55377e+06	
9600	1.10739	13.6874	0	-3.22e-06	3.22e-06	0	4.55377	4.55377e+06	
9700	1.13229	14.0599	0	-3.22e-06	3.22e-06	0	4.55377	4.55377e+06	
9800	1.08828	14.495	0	-3.22e-06	3.22e-06	0	4.55377	4.55377e+06	
9900	1.12557	14.8443	0	-3.22e-06	3.22e-06	0	4.55377	4.55377e+06	
10000	1.12045	15.2503	0	-3.22e-06	3.22e-06	0	4.55377	4.55377e+06	
10100	1.10198	15.6518	0	-3.22e-06	3.22e-06	0	4.55377	4.55377e+06	
10200	1.13266	16.0165	0	-3.22e-06	3.22e-06	0	4.55377	4.55377e+06	
10300	1.09294	16.4499	0	-3.22e-06	3.22e-06	0	4.55377	4.55377e+06	
10400	1.12208	16.8054	0	-3.22e-06	3.22e-06	0	4.55377	4.55377e+06	
10500	1.12489	17.2035	0	-3.22e-06	3.22e-06	0	4.55377	4.55377e+06	
10600	1.09653	17.6165	0	-3.22e-06	3.22e-06	0	4.55377	4.55377e+06	
10700	1.13218	17.9739	0	-3.22e-06	3.22e-06	0	4.55377	4.55377e+06	
10800	1.09988	18.4025	0	-3.22e-06	3.22e-06	0	4.55377	4.55377e+06	
10900	1.118	18.7674	0	-3.22e-06	3.22e-06	0	4.55377	4.55377e+06	
11000	1.12829	19.1575	0	-3.22e-06	3.22e-06	0	4.55377	4.55377e+06	
11100	1.11821	19.5657	0	-8.94542e-07	3.22e-06	0	3.34195	3.34195e+06	
11200	1.1546	19.9502	0	-8.94542e-07	3.22e-06	0	3.34195	3.34195e+06	
11300	1.14033	20.3558	0	-8.94542e-07	3.22e-06	0	3.34195	3.34195e+06	
11400	1.13609	20.7473	0	-8.94542e-07	3.22e-06	0	3.34195	3.34195e+06	
11500	1.15617	21.1427	0	-8.94542e-07	3.22e-06	0	3.34195	3.34195e+06	
11600	1.1054	21.5535	0	-1.46634e-06	3.22e-06	0	3.53816	3.53816e+06	
11700	1.14525	21.9289	0	-1.46634e-06	3.22e-06	0	3.53816	3.53816e+06	
11800	1.129	22.3376	0	-1.46634e-06	3.22e-06	0	3.53816	3.53816e+06	
11900	1.12606	22.7269	0	-1.46634e-06	3.22e-06	0	3.53816	3.53816e+06	
12000	1.14681	23.1181	0	-1.46634e-06	3.22e-06	0	3.53816	3.53816e+06	
12100	1.18147	23.5207	0	3.54002e-08	3.22e-06	0	3.22019	3.22019e+06	
12200	1.19629	23.9198	0	3.54002e-08	3.22e-06	0	3.22019	3.22019e+06	
12300	1.20996	24.32	0	3.54002e-08	3.22e-06	0	3.22019	3.22019e+06	
12400	1.21584	24.72	0	3.54002e-08	3.22e-06	0	3.22019	3.22019e+06	
12500	1.22435	25.1199	0	3.54002e-08	3.22e-06	0	3.22019	3.22019e+06	
12600	1.09879	25.5306	0	-1.93582e-06	3.22e-06	0	3.7571	3.7571e+06	
12700	1.13864	25.8984	0	-1.93582e-06	3.22e-06	0	3.7571	3.7571e+06	
12800	1.12572	26.3075	0	-1.93582e-06	3.22e-06	0	3.7571	3.7571e+06	
12900	1.11771	26.699	0	-1.93582e-06	3.22e-06	0	3.7571	3.7571e+06	
13000	1.1421	27.0839	0	-1.93582e-06	3.22e-06	0	3.7571	3.7571e+06	
13100	1.1139	27.4956	0	-1.19666e-06	3.22e-06	0	3.43517	3.43517e+06	
13200	1.14524	27.8753	0	-1.19666e-06	3.22e-06	0	3.43517	3.43517e+06	
13300	1.14076	28.2791	0	-1.19666e-06	3.22e-06	0	3.43517	3.43517e+06	
13400	1.12191	28.6758	0	-1.19666e-06	3.22e-06	0	3.43517	3.43517e+06	
13500	1.15195	29.0638	0	-1.19666e-06	3.22e-06	0	3.43517	3.43517e+06	
13600	1.12753	29.4714	0	-8.53035e-07	3.22e-06	0	3.33108	3.33108e+06	
13700	1.1489	29.8573	0	-8.53035e-07	3.22e-06	0	3.33108	3.33108e+06	
13800	1.15084	30.259	0	-8.53035e-07	3.22e-06	0	3.33108	3.33108e+06	
13900	1.12526	30.658	0	-8.53035e-07	3.22e-06	0	3.33108	3.33108e+06	
14000	1.1582	31.0476	0	-8.53035e-07	3.22e-06	0	3.33108	3.33108e+06	
14100	1.29202	31.4481	0	9.81394e-07	3.22e-06	0	3.36623	3.36623e+06	
14200	1.41394	31.8481	0	9.81394e-07	3.22e-06	0	3.36623	3.36623e+06	
14300	1.53585	32.2481	0	9.81394e-07	3.22e-06	0	3.36623	3.36623e+06	
14400	1.65776	32.6481	0	9.81394e-07	3.22e-06	0	3.36623	3.36623e+06	
14500	1.77967	33.0481	0	9.81394e-07	3.22e-06	0	3.36623	3.36623e+06	
14600	1.91041	33.4481	0	1.05246e-06	3.22e-06	0	3.38763	3.38763e+06	
14700	2.04115	33.8481	0	1.05246e-06	3.22e-06	0	3.38763	3.38763e+06	
14800	2.17189	34.2481	0	1.05246e-06	3.22e-06	0	3.38763	3.38763e+06	
14900	2.30263	34.6481	0	1.05246e-06	3.22e-06	0	3.38763	3.38763e+06	
15000	2.45991	34.9155	0	1.05246e-06	3.22e-06	0	3.38763	3.38763e+06	
15100	2.86148	35.0385	0	2.52509e-06	3.22e-06	0	4.092	4.092e+06	
15200	3.27292	35.2644	0	2.52509e-06	3.22e-06	0	4.092	4.092e+06	
15300	3.65337	35.5895	0	2.52509e-06	3.22e-06	0	4.092	4.092e+06	
15400	3.98012	35.8675	0	2.52509e-06	3.22e-06	0	4.092	4.092e+06	
15500	4.31858	35.8886	0	2.52509e-06	3.22e-06	0	4.092	4.092e+06	
15600	4.45315	35.9148	0	5.33794e-07	3.22e-06	0	3.26394	3.26394e+06	
15700	4.61157	35.9549	0	5.33794e-07	3.22e-06	0	3.26394	3.26394e+06	
15800	4.79479	36.0179	0	5.33794e-07	3.22e-06	0	3.26394	3.26394e+06	
15900	5.00195	36.1125	0	5.33794e-07	3.22e-06	0	3.26394	3.26394e+06	
16000	5.22863	36.249	0	5.33794e-07	3.22e-06	0	3.26394	3.26394e+06	
16100	5.37319	36.365	0	-5.87974e-07	3.22e-06	0	3.27324	3.27324e+06	
16200	5.53382	36.5128	0	-5.87974e-07	3.22e-06	0	3.27324	3.27324e+06	
16300	5.70131	36.7046	0	-5.87974e-07	3.22e-06	0	3.27324	3.27324e+06	
16400	5.83179	36.8692	0	-5.87974e-07	3.22e-06	0	3.27324	3.27324e+06	
16500	5.83793	36.8702	0	-5.87974e-07	3.22e-06	0	3.27324	3.27324e+06	
16600	5.79503	36.8558	0	-3.22e-06	3.22e-06	0	4.55377	4.55377e+06	
16700	5.79492	36.8556	0	-3.22e-06	3.22e-06	0	4.55377	4.55377e+06	
16800	5.79492	36.8556	0	-3.22e-06	3.22e-06	0	4.55377	4.55377e+06	
16900	5.79492	36.8556	0	-3.22e-06	3.22e-06	0	4.55377	4.55377e+06	
17000	5.79492	36.8556	0	-3.22e-06	3.22e-06	0	4.55377	4.55377e+06	
17100	5.78256	36.8356	0	-3.22e-06	2.44583e-06	0	4.04357	4.04357e+06	
17200	5.78051	36.8328	0	-3.22e-06	2.44583e-06	0	4.04357	4.04357e+06	
17300	5.78	36.832	0	-3.22e-06	2.44583e-06	0	4.04357	4.04357e+06	
17400	5.77987	36.8319	0	-3.22e-06	2.44583e-06	0	4.04357	4.04357e+06	
17500	5.77983	36.8318	0	-3.22e-06	2.44583e-06	0	4.04357	4.04357e+06	
17600	5.79467	36.8553	0	-3.22e-06	3.22e-06	0	4.55377	4.55377e+06	
17700	5.79492	36.8556	0	-3.22e-06	3.22e-06	0	4.55377	4.55377e+06	
17800	5.79492	36.8556	0	-3.22e-06	3.22e-06	0	4.55377	4.55377e+06	
17900	5.79492	36.8556	0	-3.22e-06	3.22e-06	0	4.55377	4.55377e+06	
18000	5.79492	36.8556	0	-3.22e-06	3.22e-06	0	4.55377	4.55377e+06	
18100	5.79492	36.8556	0	-3.22e-06	3.22e-06	0	4.55377	4.55377e+06	
18200	5.79492	36.8556	0	-3.22e-06	3.22e-06	0	4.55377	4.55377e+06	
18300	5.79492	36.8556	0	-3.22e-06	3.22e-06	0	4.55377	4.55377e+06	
18400	5.79492	36.8556	0	-3.22e-06	3.22e-06	0	4.55377	4.55377e+06	
18500	5.79492	36.8556	0	-3.22e-06	3.22e-06	0	4.55377	4.55377e+06	
18600	5.79492	36.8556	0	-3.22e-06	3.22e-06	0	4.55377	4.55377e+06	
18700	5.79492	36.8556	0	-3.22e-06	3.22e-06	0	4.55377	4.55377e+06	
18800	5.79492	36.8556	0	-3.22e-06	3.22e-06	0	4.55377	4.55377e+06	
18900	5.79492	36.8556	0	-3.22e-06	3.22e-06	0	4.55377	4.55377e+06	
19000	5.79492	36.8556	0	-3.22e-06	3.22e-06	0	4.55377	4.55377e+06	
19100	5.79492	36.8556	0	-3.22e-06	3.22e-06	0	4.55377	4.55377e+06	
19200	5.79492	36.8556	0	-3.22e-06	3.22e-06	0	4.55377	4.55377e+06	
19300	5.79492	36.8556	0	-3.22e-06	3.22e-06	0	4.55377	4.55377e+06	
19400	5.79492	36.8556	0	-3.22e-06	3.22e-06	0	4.55377	4.55377e+06	
19500	5.79492	36.8556	0	-3.22e-06	3.22e-06	0	4.55377	4.55377e+06	
19600	5.79492	36.8556	0	-3.22e-06	3.22e-06	0	4.55377	4.55377e+06	
19700	5.79492	36.8556	0	-3.22e-06	3.22e-06	0	4.55377	4.55377e+06	
19800	5.79492	36.8556	0	-3.22e-06	3.22e-06	0	4.55377	4.55377e+06	
19900	5.79492	36.8556	0	-3.22e-06	3.22e-06	0	4.55377	4.55377e+06	
20000	5.79492	36.8556	0	-3.22e-06	3.22e-06	0	4.55377	4.55377e+06	
20100	5.78498	36.8395	0	-3.22e-06	2.55254e-06	0	4.109	4.109e+06	
20200	5.78386	36.838	0	-3.22e-06	2.55254e-06	0	4.109	4.109e+06	
20300	5.78369	36.8377	0	-3.22e-06	2.55254e-06	0	4.109	4.109e+06	
20400	5.78366	36.8377	0	-3.22e-06	2.55254e-06	0	4.109	4.109e+06	
20500	5.78366	36.8377	0	-3.22e-06	2.55254e-06	0	4.109	4.109e+06	
20600	5.79477	36.8555	0	-3.22e-06	3.22e-06	0	4.55377	4.55377e+06	
20700	5.79492	36.8556	0	-3.22e-06	3.22e-06	0	4.55377	4.55377e+06	
20800	5.79492	36.8556	0	-3.22e-06	3.22e-06	0	4.55377	4.55377e+06	
20900	5.79492	36.8556	0	-3.22e-06	3.22e-06	0	4.55377	4.55377e+06	
21000	5.79492	36.8556	0	-3.22e-06	3.22e-06	0	4.55377	4.55377e+06	
21100	5.79492	36.8556	0	-3.22e-06	3.22e-06	0	4.55377	4.55377e+06	
21200	5.79492	36.8556	0	-3.22e-06	3.22e-06	0	4.55377	4.55377e+06	
21300	5.79492	36.8556	0	-3.22e-06	3.22e-06	0	4.55377	4.55377e+06	
21400	5.79492	36.8556	0	-3.22e-06	3.22e-06	0	4.55377	4.55377e+06	
21500	5.79492	36.8556	0	-3.22e-06	3.22e-06	0	4.55377	4.55377e+06	
21600	5.66962	36.6664	0	-3.22e-06	1.5126e-07	0	3.22355	3.22355e+06	
21700	5.50184	36.4773	0	-3.22e-06	1.5126e-07	0	3.22355	3.22355e+06	
21800	5.28395	36.2861	0	-3.22e-06	1.5126e-07	0	3.22355	3.22355e+06	
21900	5.01091	36.1074	0	-3.22e-06	1.5126e-07	0	3.22355	3.22355e+06	
22000	4.684	35.9596	0	-3.22e-06	1.5126e-07	0	3.22355	3.22355e+06	
22100	4.29192	35.6061	0	-3.18436e-06	-2.75696e-06	0	4.21201	4.21201e+06	
22200	3.89635	35.2636	0	-3.18436e-06	-2.75696e-06	0	4.21201	4.21201e+06	
22300	3.50077	34.9211	0	-3.18436e-06	-2.75696e-06	0	4.21201	4.21201e+06	
22400	3.1052	34.5786	0	-3.18436e-06	-2.75696e-06	0	4.21201	4.21201e+06	
22500	2.70963	34.2362	0	-3.18436e-06	-2.75696e-06	0	4.21201	4.21201e+06	
22600	2.5042	34.1148	0	-1.65368e-06	-9.76827e-07	0	1.92064	1.92064e+06	
22700	2.29877	33.9935	0	-1.65368e-06	-9.76827e-07	0	1.92064	1.92064e+06	
22800	2.09335	33.8721	0	-1.65368e-06	-9.76827e-07	0	1.92064	1.92064e+06	
22900	1.88792	33.7508	0	-1.65368e-06	-9.76827e-07	0	1.92064	1.92064e+06	
23000	1.6825	33.6294	0	-1.65368e-06	-9.76827e-07	0	1.92064	1.92064e+06	
23100	1.547	33.4706	0	-1.09077e-06	-1.27853e-06	0	1.6806	1.6806e+06	
23200	1.4115	33.3118	0	-1.09077e-06	-1.27853e-06	0	1.6806	1.6806e+06	
23300	1.27603	33.153	0	-1.09077e-06	-1.27853e-06	0	1.6806	1.6806e+06	
23400	1.16211	32.9944	0	-1.09077e-06	-1.27853e-06	0	1.6806	1.6806e+06	
23500	1.14942	32.8305	0	-1.09077e-06	-1.27853e-06	0	1.6806	1.6806e+06	
23600	1.15359	32.8644	0	-8.97178e-07	3.38863e-07	0	0.959039	959039	
23700	1.15565	32.9003	0	-8.97178e-07	3.38863e-07	0	0.959039	959039	
23800	1.15718	32.9382	0	-8.97178e-07	3.38863e-07	0	0.959039	959039	
23900	1.15809	32.9781	0	-8.97178e-07	3.38863e-07	0	0.959039	959039	
24000	1.15825	33.0201	0	-8.97178e-07	3.38863e-07	0	0.959039	959039	
24100	1.2228	32.8033	0	3.2839e-07	-1.74229e-06	0	1.77297	1.77297e+06	
24200	1.26445	32.5868	0	3.2839e-07	-1.74229e-06	0	1.77297	1.77297e+06	
24300	1.30528	32.3704	0	3.2839e-07	-1.74229e-06	0	1.77297	1.77297e+06	
24400	1.34609	32.1539	0	3.2839e-07	-1.74229e-06	0	1.77297	1.77297e+06	
24500	1.38689	31.9375	0	3.2839e-07	-1.74229e-06	0	1.77297	1.77297e+06	
24600	1.18329	31.8801	0	-1.6608e-06	-4.60926e-07	0	1.72357	1.72357e+06	
24700	1.13821	31.811	0	-1.6608e-06	-4.60926e-07	0	1.72357	1.72357e+06	
24800	1.1302	31.7328	0	-1.6608e-06	-4.60926e-07	0	1.72357	1.72357e+06	
24900	1.11869	31.6485	0	-1.6608e-06	-4.60926e-07	0	1.72357	1.72357e+06	
25000	1.10594	31.5633	0	-1.6608e-06	-4.60926e-07	0	1.72357	1.72357e+06	
25100	1.11342	31.67	0	-2.24141e-06	1.19755e-06	0	2.54127	2.54127e+06	
25200	1.12786	31.7817	0	-2.24141e-06	1.19755e-06	0	2.54127	2.54127e+06	
25300	1.13759	31.9093	0	-2.24141e-06	1.19755e-06	0	2.54127	2.54127e+06	
25400	1.1395	32.0554	0	-2.24141e-06	1.19755e-06	0	2.54127	2.54127e+06	
25500	1.12973	32.2211	0	-2.24141e-06	1.19755e-06	0	2.54127	2.54127e+06	
25600	1.1047	32.4717	0	-1.62743e-06	1.83386e-06	0	2.45186	2.45186e+06	
25700	1.11929	32.6767	0	-1.62743e-06	1.83386e-06	0	2.45186	2.45186e+06	
25800	1.14174	32.8812	0	-1.62743e-06	1.83386e-06	0	2.45186	2.45186e+06	
25900	1.1446	33.108	0	-1.62743e-06	1.83386e-06	0	2.45186	2.45186e+06	
26000	1.12141	33.3542	0	-1.62743e-06	1.83386e-06	0	2.45186	2.45186e+06	
26100	1.1207	33.6409	0	-1.03077e-06	2.32514e-06	0	2.54337	2.54337e+06	
26200	1.15138	33.9132	0	-1.03077e-06	2.32514e-06	0	2.54337	2.54337e+06	
26300	1.14936	34.2049	0	-1.03077e-06	2.32514e-06	0	2.54337	2.54337e+06	
26400	1.1146	34.5044	0	-1.03077e-06	2.32514e-06	0	2.54337	2.54337e+06	
26500	1.13908	34.7739	0	-1.03077e-06	2.32514e-06	0	2.54337	2.54337e+06	
26600	1.26654	34.8833	0	5.82276e-07	3.22e-06	0	3.27222	3.27222e+06	
26700	1.39388	34.9016	0	5.82276e-07	3.22e-06	0	3.27222	3.27222e+06	
26800	1.50026	34.913	0	5.82276e-07	3.22e-06	0	3.27222	3.27222e+06	
26900	1.5485	34.9106	0	5.82276e-07	3.22e-06	0	3.27222	3.27222e+06	
27000	1.57327	34.9076	0	5.82276e-07	3.22e-06	0	3.27222	3.27222e+06	
27100	1.21341	34.8798	0	-3.22e-06	3.22e-06	0	4.55377	4.55377e+06	
27200	1.12993	34.8701	0	-3.22e-06	3.22e-06	0	4.55377	4.55377e+06	
27300	1.12993	34.8701	0	-3.22e-06	3.22e-06	0	4.55377	4.55377e+06	
27400	1.12993	34.8701	0	-3.22e-06	3.22e-06	0	4.55377	4.55377e+06	
27500	1.12993	34.8701	0	-3.22e-06	3.22e-06	0	4.55377	4.55377e+06	
27600	1.32826	34.8911	0	1.06015e-06	3.22e-06	0	3.39003	3.39003e+06	
27700	1.50182	34.9129	0	1.06015e-06	3.22e-06	0	3.39003	3.39003e+06	
27800	1.59372	34.9051	0	1.06015e-06	3.22e-06	0	3.39003	3.39003e+06	
27900	1.66293	34.8944	0	1.06015e-06	3.22e-06	0	3.39003	3.39003e+06	
28000	1.73828	34.884	0	1.06015e-06	3.22e-06	0	3.39003	3.39003e+06	
28100	1.53773	34.8979	0	-1.38042e-06	1.83998e-06	0	2.30023	2.30023e+06	
28200	1.38407	34.8915	0	-1.38042e-06	1.83998e-06	0	2.30023	2.30023e+06	
28300	1.24751	34.8719	0	-1.38042e-06	1.83998e-06	0	2.30023	2.30023e+06	
28400	1.14853	34.8607	0	-1.38042e-06	1.83998e-06	0	2.30023	2.30023e+06	
28500	1.14692	34.8602	0	-1.38042e-06	1.83998e-06	0	2.30023	2.30023e+06	
28600	1.35345	34.8947	0	1.21034e-06	3.22e-06	0	3.43996	3.43996e+06	
28700	1.53146	34.9122	0	1.21034e-06	3.22e-06	0	3.43996	3.43996e+06	
28800	1.62797	34.9	0	1.21034e-06	3.22e-06	0	3.43996	3.43996e+06	
28900	1.71809	34.8867	0	1.21034e-06	3.22e-06	0	3.43996	3.43996e+06	
29000	1.82403	34.8751	0	1.21034e-06	3.22e-06	0	3.43996	3.43996e+06	
29100	1.62829	34.8975	0	-1.20278e-06	3.22e-06	0	3.43731	3.43731e+06	
29200	1.45875	34.9116	0	-1.20278e-06	3.22e-06	0	3.43731	3.43731e+06	
29300	1.36574	34.899	0	-1.20278e-06	3.22e-06	0	3.43731	3.43731e+06	
29400	1.2759	34.8859	0	-1.20278e-06	3.22e-06	0	3.43731	3.43731e+06	
29500	1.1774	34.875	0	-1.20278e-06	3.22e-06	0	3.43731	3.43731e+06	
29600	1.59788	34.9062	0	3.22e-06	3.22e-06	0	4.55377	4.55377e+06	
29700	1.9519	34.8684	0	3.22e-06	3.22e-06	0	4.55377	4.55377e+06	
29800	2.37796	34.897	0	3.22e-06	3.22e-06	0	4.55377	4.55377e+06	
29900	2.85469	35.0328	0	3.22e-06	3.22e-06	0	4.55377	4.55377e+06	
30000	3.33183	35.2972	0	3.22e-06	3.22e-06	0	4.55377	4.55377e+06	
30100	3.72693	35.6525	0	2.83971e-06	3.22e-06	0	4.29329	4.29329e+06	
30200	4.08434	35.8684	0	2.83971e-06	3.22e-06	0	4.29329	4.29329e+06	
30300	4.4818	35.9175	0	2.83971e-06	3.22e-06	0	4.29329	4.29329e+06	
30400	4.9206	36.0628	0	2.83971e-06	3.22e-06	0	4.29329	4.29329e+06	
30500	5.35877	36.3224	0	2.83971e-06	3.22e-06	0	4.29329	4.29329e+06	
30600	5.55593	36.5059	0	8.91615e-07	2.23617e-06	0	2.40737	2.40737e+06	
30700	5.74365	36.7183	0	8.91615e-07	2.23617e-06	0	2.40737	2.40737e+06	
30800	5.8923	36.8625	0	8.91615e-07	2.23617e-06	0	2.40737	2.40737e+06	
30900	5.99753	36.86	0	8.91615e-07	2.23617e-06	0	2.40737	2.40737e+06	
31000	6.11529	36.8626	0	8.91615e-07	2.23617e-06	0	2.40737	2.40737e+06	
31100	6.00753	36.8561	0	-9.23751e-07	1.83537e-06	0	2.05472	2.05472e+06	
31200	5.88904	36.8581	0	-9.23751e-07	1.83537e-06	0	2.05472	2.05472e+06	
31300	5.82484	36.8558	0	-9.23751e-07	1.83537e-06	0	2.05472	2.05472e+06	
31400	5.82245	36.8548	0	-9.23751e-07	1.83537e-06	0	2.05472	2.05472e+06	
31500	5.82241	36.8548	0	-9.23751e-07	1.83537e-06	0	2.05472	2.05472e+06	
31600	5.82246	36.8127	0	-3.86826e-07	2.49396e-07	0	0.460253	460253	
31700	5.81457	36.8027	0	-3.86826e-07	2.49396e-07	0	0.460253	460253	
31800	5.80915	36.796	0	-3.86826e-07	2.49396e-07	0	0.460253	460253	
31900	5.80511	36.7907	0	-3.86826e-07	2.49396e-07	0	0.460253	460253	
32000	5.80184	36.7863	0	-3.86826e-07	2.49396e-07	0	0.460253	460253	
32100	5.74088	36.5466	0	-5.60612e-07	-1.87729e-06	0	1.95921	1.95921e+06	
32200	5.67132	36.3133	0	-5.60612e-07	-1.87729e-06	0	1.95921	1.95921e+06	
32300	5.60167	36.0801	0	-5.60612e-07	-1.87729e-06	0	1.95921	1.95921e+06	
32400	5.53203	35.8469	0	-5.60612e-07	-1.87729e-06	0	1.95921	1.95921e+06	
32500	5.46239	35.6137	0	-5.60612e-07	-1.87729e-06	0	1.95921	1.95921e+06	
32600	5.26604	35.3313	0	-1.58064e-06	-2.27297e-06	0	2.76854	2.76854e+06	
32700	5.06969	35.049	0	-1.58064e-06	-2.27297e-06	0	2.76854	2.76854e+06	
32800	4.87333	34.7666	0	-1.58064e-06	-2.27297e-06	0	2.76854	2.76854e+06	
32900	4.67698	34.4843	0	-1.58064e-06	-2.27297e-06	0	2.76854	2.76854e+06	
33000	4.48063	34.2019	0	-1.58064e-06	-2.27297e-06	0	2.76854	2.76854e+06	
33100	4.57412	33.8723	0	7.52592e-07	-2.65322e-06	0	2.75789	2.75789e+06	
33200	4.66761	33.5427	0	7.52592e-07	-2.65322e-06	0	2.75789	2.75789e+06	
33300	4.7611	33.2131	0	7.52592e-07	-2.65322e-06	0	2.75789	2.75789e+06	
33400	4.85459	32.8835	0	7.52592e-07	-2.65322e-06	0	2.75789	2.75789e+06	
33500	4.94808	32.554	0	7.52592e-07	-2.65322e-06	0	2.75789	2.75789e+06	
33600	4.93235	32.4997	0	-1.26579e-07	-4.36696e-07	0	0.454671	454671	
33700	4.91663	32.4455	0	-1.26579e-07	-4.36696e-07	0	0.454671	454671	
33800	4.9009	32.3912	0	-1.26579e-07	-4.36696e-07	0	0.454671	454671	
33900	4.88518	32.337	0	-1.26579e-07	-4.36696e-07	0	0.454671	454671	
34000	4.86946	32.2827	0	-1.26579e-07	-4.36696e-07	0	0.454671	454671	
34100	4.65172	32.3883	0	-1.75274e-06	8.50318e-07	0	1.94811	1.94811e+06	
34200	4.43399	32.494	0	-1.75274e-06	8.50318e-07	0	1.94811	1.94811e+06	
34300	4.21626	32.5996	0	-1.75274e-06	8.50318e-07	0	1.94811	1.94811e+06	
34400	3.99853	32.7052	0	-1.75274e-06	8.50318e-07	0	1.94811	1.94811e+06	
34500	3.7808	32.8109	0	-1.75274e-06	8.50318e-07	0	1.94811	1.94811e+06	
34600	3.51336	32.7797	0	-2.15291e-06	-2.51209e-07	0	2.16751	2.16751e+06	
34700	3.24592	32.7485	0	-2.15291e-06	-2.51209e-07	0	2.16751	2.16751e+06	
34800	2.97847	32.7172	0	-2.15291e-06	-2.51209e-07	0	2.16751	2.16751e+06	
34900	2.71103	32.686	0	-2.15291e-06	-2.51209e-07	0	2.16751	2.16751e+06	
35000	2.44359	32.6548	0	-2.15291e-06	-2.51209e-07	0	2.16751	2.16751e+06	
35100	2.04359	32.8366	0	-3.22e-06	1.46324e-06	0	3.53687	3.53687e+06	
35200	1.64359	33.0184	0	-3.22e-06	1.46324e-06	0	3.53687	3.53687e+06	
35300	1.24364	33.2001	0	-3.22e-06	1.46324e-06	0	3.53687	3.53687e+06	
35400	1.09565	33.4177	0	-3.22e-06	1.46324e-06	0	3.53687	3.53687e+06	
35500	1.09382	33.5885	0	-3.22e-06	1.46324e-06	0	3.53687	3.53687e+06	
35600	1.12967	33.9039	0	-3.22e-06	2.94386e-06	0	4.36288	4.36288e+06	
35700	1.11638	34.2843	0	-3.22e-06	2.94386e-06	0	4.36288	4.36288e+06	
35800	1.10172	34.6486	0	-3.22e-06	2.94386e-06	0	4.36288	4.36288e+06	
35900	1.12964	34.868	0	-3.22e-06	2.94386e-06	0	4.36288	4.36288e+06	
36000	1.12969	34.8681	0	-3.22e-06	2.94386e-06	0	4.36288	4.36288e+06	
36100	1.15356	34.8583	0	-1.00803e-06	1.6155e-06	0	1.9042	1.9042e+06	
36200	1.15361	34.8583	0	-1.00803e-06	1.6155e-06	0	1.9042	1.9042e+06	
36300	1.15361	34.8583	0	-1.00803e-06	1.6155e-06	0	1.9042	1.9042e+06	
36400	1.15361	34.8583	0	-1.00803e-06	1.6155e-06	0	1.9042	1.9042e+06	
36500	1.15361	34.8583	0	-1.00803e-06	1.6155e-06	0	1.9042	1.9042e+06	
36600	1.15671	34.8728	0	-1.0356e-06	3.22e-06	0	3.38244	3.38244e+06	
36700	1.15675	34.8728	0	-1.0356e-06	3.22e-06	0	3.38244	3.38244e+06	
36800	1.15675	34.8728	0	-1.0356e-06	3.22e-06	0	3.38244	3.38244e+06	
36900	1.15675	34.8728	0	-1.0356e-06	3.22e-06	0	3.38244	3.38244e+06	
37000	1.15675	34.8728	0	-1.0356e-06	3.22e-06	0	3.38244	3.38244e+06	
37100	1.16096	34.8732	0	-8.88521e-07	3.22e-06	0	3.34034	3.34034e+06	
37200	1.16105	34.8732	0	-8.88521e-07	3.22e-06	0	3.34034	3.34034e+06	
37300	1.16105	34.8732	0	-8.88521e-07	3.22e-06	0	3.34034	3.34034e+06	
37400	1.16105	34.8732	0	-8.88521e-07	3.22e-06	0	3.34034	3.34034e+06	
37500	1.16105	34.8732	0	-8.88521e-07	3.22e-06	0	3.34034	3.34034e+06	
37600	1.18542	34.8738	0	-3.64604e-07	2.98874e-06	0	3.01089	3.01089e+06	
37700	1.19259	34.8745	0	-3.64604e-07	2.98874e-06	0	3.01089	3.01089e+06	
37800	1.19622	34.8748	0	-3.64604e-07	2.98874e-06	0	3.01089	3.01089e+06	
37900	1.19836	34.875	0	-3.64604e-07	2.98874e-06	0	3.01089	3.01089e+06	
38000	1.19973	34.8752	0	-3.64604e-07	2.98874e-06	0	3.01089	3.01089e+06	
38100	1.13482	34.8706	0	-2.57648e-06	3.22e-06	0	4.12391	4.12391e+06	
38200	1.13482	34.8706	0	-2.57648e-06	3.22e-06	0	4.12391	4.12391e+06	
38300	1.13482	34.8706	0	-2.57648e-06	3.22e-06	0	4.12391	4.12391e+06	
38400	1.13482	34.8706	0	-2.57648e-06	3.22e-06	0	4.12391	4.12391e+06	
38500	1.13482	34.8706	0	-2.57648e-06	3.22e-06	0	4.12391	4.12391e+06	
38600	1.12993	34.8701	0	-3.22e-06	3.22e-06	0	4.55377	4.55377e+06	
38700	1.12993	34.8701	0	-3.22e-06	3.22e-06	0	4.55377	4.55377e+06	
38800	1.12993	34.8701	0	-3.22e-06	3.22e-06	0	4.55377	4.55377e+06	
38900	1.12993	34.8701	0	-3.22e-06	3.22e-06	0	4.55377	4.55377e+06	
39000	1.12993	34.8701	0	-3.22e-06	3.22e-06	0	4.55377	4.55377e+06	
39100	1.14349	34.8715	0	-1.75963e-06	3.22e-06	0	3.66943	3.66943e+06	
39200	1.14349	34.8715	0	-1.75963e-06	3.22e-06	0	3.66943	3.66943e+06	
39300	1.14349	34.8715	0	-1.75963e-06	3.22e-06	0	3.66943	3.66943e+06	
39400	1.14349	34.8715	0	-1.75963e-06	3.22e-06	0	3.66943	3.66943e+06	
39500	1.14349	34.8715	0	-1.75963e-06	3.22e-06	0	3.66943	3.66943e+06	
39600	1.14444	34.8716	0	-1.69025e-06	3.22e-06	0	3.63667	3.63667e+06	
39700	1.14444	34.8716	0	-1.69025e-06	3.22e-06	0	3.63667	3.63667e+06	
39800	1.14444	34.8716	0	-1.69025e-06	3.22e-06	0	3.63667	3.63667e+06	
39900	1.14444	34.8716	0	-1.69025e-06	3.22e-06	0	3.63667	3.63667e+06	
40000	1.14444	34.8716	0	-1.69025e-06	3.22e-06	0	3.63667	3.63667e+06	
40100	1.15149	34.871	0	-1.24674e-06	3.01506e-06	0	3.26266	3.26266e+06	
40200	1.1515	34.871	0	-1.24674e-06	3.01506e-06	0	3.26266	3.26266e+06	
40300	1.1515	34.871	0	-1.24674e-06	3.01506e-06	0	3.26266	3.26266e+06	
40400	1.1515	34.871	0	-1.24674e-06	3.01506e-06	0	3.26266	3.26266e+06	
40500	1.1515	34.871	0	-1.24674e-06	3.01506e-06	0	3.26266	3.26266e+06	
40600	1.23818	34.852	0	4.45212e-07	8.32235e-07	0	0.943838	943838	
40700	1.30576	34.8601	0	4.45212e-07	8.32235e-07	0	0.943838	943838	
40800	1.37476	34.87	0	4.45212e-07	8.32235e-07	0	0.943838	943838	
40900	1.44292	34.88	0	4.45212e-07	8.32235e-07	0	0.943838	943838	
41000	1.50352	34.885	0	4.45212e-07	8.32235e-07	0	0.943838	943838	
41100	1.57746	34.8845	0	6.80281e-07	1.0107e-06	0	1.21832	1.21832e+06	
41200	1.64212	34.8751	0	6.80281e-07	1.0107e-06	0	1.21832	1.21832e+06	
41300	1.70718	34.8655	0	6.80281e-07	1.0107e-06	0	1.21832	1.21832e+06	
41400	1.77573	34.857	0	6.80281e-07	1.0107e-06	0	1.21832	1.21832e+06	
41500	1.84866	34.8503	0	6.80281e-07	1.0107e-06	0	1.21832	1.21832e+06	
41600	1.72713	34.7671	0	-9.65045e-07	-5.03429e-07	0	1.08846	1.08846e+06	
41700	1.60721	34.7042	0	-9.65045e-07	-5.03429e-07	0	1.08846	1.08846e+06	
41800	1.48733	34.6417	0	-9.65045e-07	-5.03429e-07	0	1.08846	1.08846e+06	
41900	1.36745	34.5791	0	-9.65045e-07	-5.03429e-07	0	1.08846	1.08846e+06	
42000	1.24759	34.5166	0	-9.65045e-07	-5.03429e-07	0	1.08846	1.08846e+06	
42100	1.42907	34.6086	0	1.46076e-06	7.40172e-07	0	1.63758	1.63758e+06	
42200	1.61053	34.7005	0	1.46076e-06	7.40172e-07	0	1.63758	1.63758e+06	
42300	1.79189	34.7914	0	1.46076e-06	7.40172e-07	0	1.63758	1.63758e+06	
42400	1.9715	34.8373	0	1.46076e-06	7.40172e-07	0	1.63758	1.63758e+06	
42500	2.15542	34.8412	0	1.46076e-06	7.40172e-07	0	1.63758	1.63758e+06	
42600	2.2268	34.8532	0	5.00303e-07	9.30844e-07	0	1.05677	1.05677e+06	
42700	2.30209	34.862	0	5.00303e-07	9.30844e-07	0	1.05677	1.05677e+06	
42800	2.38078	34.874	0	5.00303e-07	9.30844e-07	0	1.05677	1.05677e+06	
42900	2.46279	34.8897	0	5.00303e-07	9.30844e-07	0	1.05677	1.05677e+06	
43000	2.54795	34.9095	0	5.00303e-07	9.30844e-07	0	1.05677	1.05677e+06	
43100	2.55417	34.9241	0	-2.97405e-07	1.43081e-06	0	1.46139	1.46139e+06	
43200	2.56439	34.9269	0	-2.97405e-07	1.43081e-06	0	1.46139	1.46139e+06	
43300	2.5755	34.9299	0	-2.97405e-07	1.43081e-06	0	1.46139	1.46139e+06	
43400	2.58756	34.9333	0	-2.97405e-07	1.43081e-06	0	1.46139	1.46139e+06	
43500	2.60066	34.9371	0	-2.97405e-07	1.43081e-06	0	1.46139	1.46139e+06	
43600	2.34471	34.8838	0	-2.48228e-06	1.42308e-06	0	2.86127	2.86127e+06	
43700	2.0567	34.853	0	-2.48228e-06	1.42308e-06	0	2.86127	2.86127e+06	
43800	1.74132	34.8625	0	-2.48228e-06	1.42308e-06	0	2.86127	2.86127e+06	
43900	1.42444	34.8931	0	-2.48228e-06	1.42308e-06	0	2.86127	2.86127e+06	
44000	1.15211	34.8581	0	-2.48228e-06	1.42308e-06	0	2.86127	2.86127e+06	
44100	1.1354	34.8707	0	-2.51006e-06	3.22e-06	0	4.08274	4.08274e+06	
44200	1.1354	34.8707	0	-2.51006e-06	3.22e-06	0	4.08274	4.08274e+06	
44300	1.1354	34.8707	0	-2.51006e-06	3.22e-06	0	4.08274	4.08274e+06	
44400	1.1354	34.8707	0	-2.51006e-06	3.22e-06	0	4.08274	4.08274e+06	
44500	1.1354	34.8707	0	-2.51006e-06	3.22e-06	0	4.08274	4.08274e+06	
44600	1.14715	34.8706	0	-1.49033e-06	3.02719e-06	0	3.37416	3.37416e+06	
44700	1.14716	34.8706	0	-1.49033e-06	3.02719e-06	0	3.37416	3.37416e+06	
44800	1.14716	34.8706	0	-1.49033e-06	3.02719e-06	0	3.37416	3.37416e+06	
44900	1.14716	34.8706	0	-1.49033e-06	3.02719e-06	0	3.37416	3.37416e+06	
45000	1.14716	34.8706	0	-1.49033e-06	3.02719e-06	0	3.37416	3.37416e+06	
45100	1.13798	34.871	0	-2.23695e-06	3.22e-06	0	3.92076	3.92076e+06	
45200	1.13798	34.871	0	-2.23695e-06	3.22e-06	0	3.92076	3.92076e+06	
45300	1.13798	34.871	0	-2.23695e-06	3.22e-06	0	3.92076	3.92076e+06	
45400	1.13798	34.871	0	-2.23695e-06	3.22e-06	0	3.92076	3.92076e+06	
45500	1.13798	34.871	0	-2.23695e-06	3.22e-06	0	3.92076	3.92076e+06	
45600	1.13083	34.8702	0	-3.08916e-06	3.22e-06	0	4.46221	4.46221e+06	
45700	1.13083	34.8702	0	-3.08916e-06	3.22e-06	0	4.46221	4.46221e+06	
45800	1.13083	34.8702	0	-3.08916e-06	3.22e-06	0	4.46221	4.46221e+06	
45900	1.13083	34.8702	0	-3.08916e-06	3.22e-06	0	4.46221	4.46221e+06	
46000	1.13083	34.8702	0	-3.08916e-06	3.22e-06	0	4.46221	4.46221e+06	
46100	1.14017	34.869	0	-1.99725e-06	2.8957e-06	0	3.51768	3.51768e+06	
46200	1.14017	34.869	0	-1.99725e-06	2.8957e-06	0	3.51768	3.51768e+06	
46300	1.14017	34.869	0	-1.99725e-06	2.8957e-06	0	3.51768	3.51768e+06	
46400	1.14017	34.869	0	-1.99725e-06	2.8957e-06	0	3.51768	3.51768e+06	
46500	1.14017	34.869	0	-1.99725e-06	2.8957e-06	0	3.51768	3.51768e+06	
46600	1.23325	34.8797	0	2.07181e-07	3.22e-06	0	3.22666	3.22666e+06	
46700	1.30836	34.8891	0	2.07181e-07	3.22e-06	0	3.22666	3.22666e+06	
46800	1.39224	34.9017	0	2.07181e-07	3.22e-06	0	3.22666	3.22666e+06	
46900	1.46538	34.9114	0	2.07181e-07	3.22e-06	0	3.22666	3.22666e+06	
47000	1.50302	34.913	0	2.07181e-07	3.22e-06	0	3.22666	3.22666e+06	
47100	1.56902	34.9083	0	7.96119e-07	3.22e-06	0	3.31696	3.31696e+06	
47200	1.60999	34.9024	0	7.96119e-07	3.22e-06	0	3.31696	3.31696e+06	
47300	1.64655	34.8967	0	7.96119e-07	3.22e-06	0	3.31696	3.31696e+06	
47400	1.68513	34.8909	0	7.96119e-07	3.22e-06	0	3.31696	3.31696e+06	
47500	1.72926	34.8849	0	7.96119e-07	3.22e-06	0	3.31696	3.31696e+06	
47600	2.11136	34.8693	0	3.22e-06	3.22e-06	0	4.55377	4.55377e+06	
47700	2.56184	34.9358	0	3.22e-06	3.22e-06	0	4.55377	4.55377e+06	
47800	3.04574	35.1215	0	3.22e-06	3.22e-06	0	4.55377	4.55377e+06	
47900	3.50761	35.4332	0	3.22e-06	3.22e-06	0	4.55377	4.55377e+06	
48000	3.92034	35.82	0	3.22e-06	3.22e-06	0	4.55377	4.55377e+06	
48100	4.33079	35.8743	0	3.22e-06	1.71383e-06	0	3.64768	3.64768e+06	
48200	4.75932	35.9722	0	3.22e-06	1.71383e-06	0	3.64768	3.64768e+06	
48300	5.178	36.145	0	3.22e-06	1.71383e-06	0	3.64768	3.64768e+06	
48400	5.58076	36.354	0	3.22e-06	1.71383e-06	0	3.64768	3.64768e+06	
48500	5.98078	36.5669	0	3.22e-06	1.71383e-06	0	3.64768	3.64768e+06	
48600	6.33884	36.5159	0	2.88237e-06	-4.10077e-07	0	2.91139	2.91139e+06	
48700	6.6969	36.465	0	2.88237e-06	-4.10077e-07	0	2.91139	2.91139e+06	
48800	7.05495	36.414	0	2.88237e-06	-4.10077e-07	0	2.91139	2.91139e+06	
48900	7.41301	36.3631	0	2.88237e-06	-4.10077e-07	0	2.91139	2.91139e+06	
49000	7.77107	36.3122	0	2.88237e-06	-4.10077e-07	0	2.91139	2.91139e+06	
49100	7.95773	36.2525	0	1.50258e-06	-4.80195e-07	0	1.57744	1.57744e+06	
49200	8.14438	36.1929	0	1.50258e-06	-4.80195e-07	0	1.57744	1.57744e+06	
49300	8.33104	36.1332	0	1.50258e-06	-4.80195e-07	0	1.57744	1.57744e+06	
49400	8.51769	36.0736	0	1.50258e-06	-4.80195e-07	0	1.57744	1.57744e+06	
49500	8.70435	36.0139	0	1.50258e-06	-4.80195e-07	0	1.57744	1.57744e+06	
49600	8.98147	35.9751	0	2.2308e-06	-3.12615e-07	0	2.25259	2.25259e+06	
49700	9.25858	35.9362	0	2.2308e-06	-3.12615e-07	0	2.25259	2.25259e+06	
49800	9.5357	35.8974	0	2.2308e-06	-3.12615e-07	0	2.25259	2.25259e+06	
49900	9.81282	35.8586	0	2.2308e-06	-3.12615e-07	0	2.25259	2.25259e+06	
50000	10.0899	35.8197	0	2.2308e-06	-3.12615e-07	0	2.25259	2.25259e+06	
