0	32	52	0	-2.27683e-06	1.75e-06	0	2.87166	2.87166e+06	
100	31.6	51.9224	0	-3.22e-06	-6.24571e-07	0	3.28001	3.28001e+06	
200	31.2	51.8448	0	-3.22e-06	-6.24571e-07	0	3.28001	3.28001e+06	
300	30.8	51.7672	0	-3.22e-06	-6.24571e-07	0	3.28001	3.28001e+06	
400	30.4	51.6897	0	-3.22e-06	-6.24571e-07	0	3.28001	3.28001e+06	
500	30	51.6121	0	-3.22e-06	-6.24571e-07	0	3.28001	3.28001e+06	
600	29.6371	51.3323	0	-2.92106e-06	-2.25184e-06	0	3.68828	3.68828e+06	
700	29.2743	51.0526	0	-2.92106e-06	-2.25184e-06	0	3.68828	3.68828e+06	
800	28.9114	50.7729	0	-2.92106e-06	-2.25184e-06	0	3.68828	3.68828e+06	
900	28.5485	50.4931	0	-2.92106e-06	-2.25184e-06	0	3.68828	3.68828e+06	
1000	28.1857	50.2134	0	-2.92106e-06	-2.25184e-06	0	3.68828	3.68828e+06	
1100	28.15	50.141	0	-2.87203e-07	-5.82907e-07	0	0.64982	649820	
1200	28.1143	50.0686	0	-2.87203e-07	-5.82907e-07	0	0.64982	649820	
1300	28.0786	49.9962	0	-2.87203e-07	-5.82907e-07	0	0.64982	649820	
1400	28.043	49.9238	0	-2.87203e-07	-5.82907e-07	0	0.64982	649820	
1500	28.0073	49.8514	0	-2.87203e-07	-5.82907e-07	0	0.64982	649820	
1600	27.9894	50.2514	0	-1.44238e-07	3.22e-06	0	3.22323	3.22323e+06	
1700	27.9715	50.6514	0	-1.44238e-07	3.22e-06	0	3.22323	3.22323e+06	
1800	27.9535	51.0514	0	-1.44238e-07	3.22e-06	0	3.22323	3.22323e+06	
1900	27.9356	51.4514	0	-1.44238e-07	3.22e-06	0	3.22323	3.22323e+06	
2000	27.9177	51.8514	0	-1.44238e-07	3.22e-06	0	3.22323	3.22323e+06	
2100	27.8607	52.2514	0	-4.58605e-07	3.22e-06	0	3.25249	3.25249e+06	
2200	27.8038	52.6514	0	-4.58605e-07	3.22e-06	0	3.25249	3.25249e+06	
2300	27.7468	53.0514	0	-4.58605e-07	3.22e-06	0	3.25249	3.25249e+06	
2400	27.6898	53.4514	0	-4.58605e-07	3.22e-06	0	3.25249	3.25249e+06	
2500	27.6329	53.8514	0	-4.58605e-07	3.22e-06	0	3.25249	3.25249e+06	
2600	28.0329	53.9437	0	3.22e-06	7.43401e-07	0	3.3047	3.3047e+06	
2700	28.4329	54.036	0	3.22e-06	7.43401e-07	0	3.3047	3.3047e+06	
2800	28.8329	54.1284	0	3.22e-06	7.43401e-07	0	3.3047	3.3047e+06	
2900	29.2329	54.2207	0	3.22e-06	7.43401e-07	0	3.3047	3.3047e+06	
3000	29.6329	54.3131	0	3.22e-06	7.43401e-07	0	3.3047	3.3047e+06	
3100	30.0329	54.1906	0	3.22e-06	-9.86469e-07	0	3.36772	3.36772e+06	
3200	30.4329	54.068	0	3.22e-06	-9.86469e-07	0	3.36772	3.36772e+06	
3300	30.8329	53.9455	0	3.22e-06	-9.86469e-07	0	3.36772	3.36772e+06	
3400	31.2329	53.8229	0	3.22e-06	-9.86469e-07	0	3.36772	3.36772e+06	
3500	31.6329	53.7004	0	3.22e-06	-9.86469e-07	0	3.36772	3.36772e+06	
3600	32.0329	53.3212	0	3.22e-06	-3.05256e-06	0	4.43695	4.43695e+06	
3700	32.4329	52.942	0	3.22e-06	-3.05256e-06	0	4.43695	4.43695e+06	
3800	32.8329	52.5628	0	3.22e-06	-3.05256e-06	0	4.43695	4.43695e+06	
3900	33.2329	52.1836	0	3.22e-06	-3.05256e-06	0	4.43695	4.43695e+06	
4000	33.6329	51.8044	0	3.22e-06	-3.05256e-06	0	4.43695	4.43695e+06	
4100	34.0329	51.766	0	3.22e-06	-3.08974e-07	0	3.23479	3.23479e+06	
4200	34.4329	51.7276	0	3.22e-06	-3.08974e-07	0	3.23479	3.23479e+06	
4300	34.8329	51.6892	0	3.22e-06	-3.08974e-07	0	3.23479	3.23479e+06	
4400	35.2329	51.6509	0	3.22e-06	-3.08974e-07	0	3.23479	3.23479e+06	
4500	35.6329	51.6125	0	3.22e-06	-3.08974e-07	0	3.23479	3.23479e+06	
4600	36.0329	51.2125	0	3.22e-06	-3.22e-06	0	4.55377	4.55377e+06	
4700	36.4329	50.8125	0	3.22e-06	-3.22e-06	0	4.55377	4.55377e+06	
4800	36.8329	50.4125	0	3.22e-06	-3.22e-06	0	4.55377	4.55377e+06	
4900	37.2329	50.0125	0	3.22e-06	-3.22e-06	0	4.55377	4.55377e+06	
5000	37.6329	49.6125	0	3.22e-06	-3.22e-06	0	4.55377	4.55377e+06	
5100	37.9971	49.7276	0	2.93212e-06	9.26757e-07	0	3.07509	3.07509e+06	
5200	38.3613	49.8427	0	2.93212e-06	9.26757e-07	0	3.07509	3.07509e+06	
5300	38.7256	49.9578	0	2.93212e-06	9.26757e-07	0	3.07509	3.07509e+06	
5400	39.0898	50.073	0	2.93212e-06	9.26757e-07	0	3.07509	3.07509e+06	
5500	39.454	50.1881	0	2.93212e-06	9.26757e-07	0	3.07509	3.07509e+06	
5600	39.854	50.2261	0	3.22e-06	3.05716e-07	0	3.23448	3.23448e+06	
5700	40.254	50.264	0	3.22e-06	3.05716e-07	0	3.23448	3.23448e+06	
5800	40.654	50.302	0	3.22e-06	3.05716e-07	0	3.23448	3.23448e+06	
5900	41.054	50.34	0	3.22e-06	3.05716e-07	0	3.23448	3.23448e+06	
6000	41.454	50.378	0	3.22e-06	3.05716e-07	0	3.23448	3.23448e+06	
6100	41.8231	50.6749	0	2.97097e-06	2.3906e-06	0	3.81335	3.81335e+06	
6200	42.1922	50.9719	0	2.97097e-06	2.3906e-06	0	3.81335	3.81335e+06	
6300	42.5612	51.2689	0	2.97097e-06	2.3906e-06	0	3.81335	3.81335e+06	
6400	42.9303	51.5659	0	2.97097e-06	2.3906e-06	0	3.81335	3.81335e+06	
6500	43.2994	51.8628	0	2.97097e-06	2.3906e-06	0	3.81335	3.81335e+06	
6600	43.373	52.2628	0	5.92945e-07	3.22e-06	0	3.27414	3.27414e+06	
6700	43.4467	52.6628	0	5.92945e-07	3.22e-06	0	3.27414	3.27414e+06	
6800	43.5203	53.0628	0	5.92945e-07	3.22e-06	0	3.27414	3.27414e+06	
6900	43.594	53.4628	0	5.92945e-07	3.22e-06	0	3.27414	3.27414e+06	
7000	43.6677	53.8628	0	5.92945e-07	3.22e-06	0	3.27414	3.27414e+06	
7100	43.4828	54.2628	0	-1.48847e-06	3.22e-06	0	3.54739	3.54739e+06	
7200	43.2979	54.6628	0	-1.48847e-06	3.22e-06	0	3.54739	3.54739e+06	
7300	43.1129	55.0628	0	-1.48847e-06	3.22e-06	0	3.54739	3.54739e+06	
7400	42.928	55.4628	0	-1.48847e-06	3.22e-06	0	3.54739	3.54739e+06	
7500	42.7431	55.8628	0	-1.48847e-06	3.22e-06	0	3.54739	3.54739e+06	
7600	42.6389	55.94	0	-8.39556e-07	6.21549e-07	0	1.04459	1.04459e+06	
7700	42.5346	56.0173	0	-8.39556e-07	6.21549e-07	0	1.04459	1.04459e+06	
7800	42.4303	56.0945	0	-8.39556e-07	6.21549e-07	0	1.04459	1.04459e+06	
7900	42.326	56.1717	0	-8.39556e-07	6.21549e-07	0	1.04459	1.04459e+06	
8000	42.2217	56.2489	0	-8.39556e-07	6.21549e-07	0	1.04459	1.04459e+06	
8100	42.3924	56.3377	0	1.37437e-06	7.15073e-07	0	1.54926	1.54926e+06	
8200	42.5631	56.4265	0	1.37437e-06	7.15073e-07	0	1.54926	1.54926e+06	
8300	42.7339	56.5154	0	1.37437e-06	7.15073e-07	0	1.54926	1.54926e+06	
8400	42.9046	56.6042	0	1.37437e-06	7.15073e-07	0	1.54926	1.54926e+06	
8500	43.0753	56.693	0	1.37437e-06	7.15073e-07	0	1.54926	1.54926e+06	
8600	43.1301	56.9116	0	4.40692e-07	1.75976e-06	0	1.8141	1.8141e+06	
8700	43.1848	57.1302	0	4.40692e-07	1.75976e-06	0	1.8141	1.8141e+06	
8800	43.2396	57.3488	0	4.40692e-07	1.75976e-06	0	1.8141	1.8141e+06	
8900	43.2943	57.5674	0	4.40692e-07	1.75976e-06	0	1.8141	1.8141e+06	
9000	43.349	57.786	0	4.40692e-07	1.75976e-06	0	1.8141	1.8141e+06	
9100	43.3407	58.0395	0	-6.69443e-08	2.04019e-06	0	2.04129	2.04129e+06	
9200	43.3324	58.2929	0	-6.69443e-08	2.04019e-06	0	2.04129	2.04129e+06	
9300	43.3241	58.5464	0	-6.69443e-08	2.04019e-06	0	2.04129	2.04129e+06	
9400	43.3158	58.7998	0	-6.69443e-08	2.04019e-06	0	2.04129	2.04129e+06	
9500	43.3075	59.0532	0	-6.69443e-08	2.04019e-06	0	2.04129	2.04129e+06	
9600	43.2248	59.3451	0	-6.65789e-07	2.34925e-06	0	2.44177	2.44177e+06	
9700	43.1421	59.6369	0	-6.65789e-07	2.34925e-06	0	2.44177	2.44177e+06	
9800	43.0593	59.9287	0	-6.65789e-07	2.34925e-06	0	2.44177	2.44177e+06	
9900	42.9766	60.2206	0	-6.65789e-07	2.34925e-06	0	2.44177	2.44177e+06	
10000	42.8939	60.5124	0	-6.65789e-07	2.34925e-06	0	2.44177	2.44177e+06	
10100	42.5692	60.9124	0	-2.6138e-06	3.22e-06	0	4.14733	4.14733e+06	
10200	42.2445	61.3124	0	-2.6138e-06	3.22e-06	0	4.14733	4.14733e+06	
10300	41.9198	61.7124	0	-2.6138e-06	3.22e-06	0	4.14733	4.14733e+06	
10400	41.5951	62.1124	0	-2.6138e-06	3.22e-06	0	4.14733	4.14733e+06	
10500	41.2704	62.5124	0	-2.6138e-06	3.22e-06	0	4.14733	4.14733e+06	
10600	40.9312	62.9124	0	-2.73107e-06	3.22e-06	0	4.22222	4.22222e+06	
10700	40.5919	63.3124	0	-2.73107e-06	3.22e-06	0	4.22222	4.22222e+06	
10800	40.2527	63.7124	0	-2.73107e-06	3.22e-06	0	4.22222	4.22222e+06	
10900	39.9134	64.1124	0	-2.73107e-06	3.22e-06	0	4.22222	4.22222e+06	
11000	39.5741	64.5124	0	-2.73107e-06	3.22e-06	0	4.22222	4.22222e+06	
11100	39.1741	64.5626	0	-3.22e-06	4.03818e-07	0	3.24522	3.24522e+06	
11200	38.7741	64.6127	0	-3.22e-06	4.03818e-07	0	3.24522	3.24522e+06	
11300	38.3741	64.6629	0	-3.22e-06	4.03818e-07	0	3.24522	3.24522e+06	
11400	37.9741	64.7131	0	-3.22e-06	4.03818e-07	0	3.24522	3.24522e+06	
11500	37.5741	64.7632	0	-3.22e-06	4.03818e-07	0	3.24522	3.24522e+06	
11600	37.1741	64.9072	0	-3.22e-06	1.15889e-06	0	3.42219	3.42219e+06	
11700	36.7741	65.0511	0	-3.22e-06	1.15889e-06	0	3.42219	3.42219e+06	
11800	36.3741	65.1951	0	-3.22e-06	1.15889e-06	0	3.42219	3.42219e+06	
11900	35.9741	65.3391	0	-3.22e-06	1.15889e-06	0	3.42219	3.42219e+06	
12000	35.5741	65.483	0	-3.22e-06	1.15889e-06	0	3.42219	3.42219e+06	
12100	35.1741	65.5932	0	-3.22e-06	8.86513e-07	0	3.33981	3.33981e+06	
12200	34.7741	65.7033	0	-3.22e-06	8.86513e-07	0	3.33981	3.33981e+06	
12300	34.3742	65.8126	0	-3.22e-06	8.86513e-07	0	3.33981	3.33981e+06	
12400	33.9786	65.8425	0	-3.22e-06	8.86513e-07	0	3.33981	3.33981e+06	
12500	33.5713	65.8683	0	-3.22e-06	8.86513e-07	0	3.33981	3.33981e+06	
12600	33.4001	65.8844	0	-1.42616e-06	1.08918e-06	0	1.7945	1.7945e+06	
12700	33.2451	65.8623	0	-1.42616e-06	1.08918e-06	0	1.7945	1.7945e+06	
12800	33.1455	65.8494	0	-1.42616e-06	1.08918e-06	0	1.7945	1.7945e+06	
12900	33.1446	65.8486	0	-1.42616e-06	1.08918e-06	0	1.7945	1.7945e+06	
13000	33.1446	65.8486	0	-1.42616e-06	1.08918e-06	0	1.7945	1.7945e+06	
13100	33.1242	65.7628	0	-2.60115e-06	-2.7847e-07	0	2.61601	2.61601e+06	
13200	33.1149	65.6881	0	-2.60115e-06	-2.7847e-07	0	2.61601	2.61601e+06	
13300	33.1026	65.6068	0	-2.60115e-06	-2.7847e-07	0	2.61601	2.61601e+06	
13400	33.0931	65.5343	0	-2.60115e-06	-2.7847e-07	0	2.61601	2.61601e+06	
13500	33.0914	65.4919	0	-2.60115e-06	-2.7847e-07	0	2.61601	2.61601e+06	
13600	33.1061	65.3299	0	-3.22e-06	-1.72841e-06	0	3.65456	3.65456e+06	
13700	33.1257	65.1639	0	-3.22e-06	-1.72841e-06	0	3.65456	3.65456e+06	
13800	33.1325	64.9621	0	-3.22e-06	-1.72841e-06	0	3.65456	3.65456e+06	
13900	33.116	64.7201	0	-3.22e-06	-1.72841e-06	0	3.65456	3.65456e+06	
14000	33.0876	64.4701	0	-3.22e-06	-1.72841e-06	0	3.65456	3.65456e+06	
14100	33.0975	64.3892	0	-3.22e-06	-1.06246e-06	0	3.39075	3.39075e+06	
14200	33.1082	64.3195	0	-3.22e-06	-1.06246e-06	0	3.39075	3.39075e+06	
14300	33.1185	64.2408	0	-3.22e-06	-1.06246e-06	0	3.39075	3.39075e+06	
14400	33.1273	64.1462	0	-3.22e-06	-1.06246e-06	0	3.39075	3.39075e+06	
14500	33.1324	64.0316	0	-3.22e-06	-1.06246e-06	0	3.39075	3.39075e+06	
14600	33.1059	63.6419	0	-3.22e-06	-2.92517e-06	0	4.35029	4.35029e+06	
14700	32.9883	63.2015	0	-3.22e-06	-2.92517e-06	0	4.35029	4.35029e+06	
14800	32.7553	62.75	0	-3.22e-06	-2.92517e-06	0	4.35029	4.35029e+06	
14900	32.4144	62.3354	0	-3.22e-06	-2.92517e-06	0	4.35029	4.35029e+06	
15000	32.0199	61.9647	0	-3.22e-06	-2.92517e-06	0	4.35029	4.35029e+06	
15100	31.6844	61.6624	0	-3.22e-06	-2.06536e-06	0	3.82546	3.82546e+06	
15200	31.3708	61.3231	0	-3.22e-06	-2.06536e-06	0	3.82546	3.82546e+06	
15300	30.9937	61.0336	0	-3.22e-06	-2.06536e-06	0	3.82546	3.82546e+06	
15400	30.595	60.7742	0	-3.22e-06	-2.06536e-06	0	3.82546	3.82546e+06	
15500	30.195	60.5176	0	-3.22e-06	-2.06536e-06	0	3.82546	3.82546e+06	
15600	29.795	60.5636	0	-3.22e-06	3.70183e-07	0	3.24121	3.24121e+06	
15700	29.395	60.6096	0	-3.22e-06	3.70183e-07	0	3.24121	3.24121e+06	
15800	28.995	60.6556	0	-3.22e-06	3.70183e-07	0	3.24121	3.24121e+06	
15900	28.595	60.7015	0	-3.22e-06	3.70183e-07	0	3.24121	3.24121e+06	
16000	28.195	60.7474	0	-3.22e-06	3.70183e-07	0	3.24121	3.24121e+06	
16100	28.121	60.8377	0	-6.06735e-07	8.97799e-07	0	1.08359	1.08359e+06	
16200	28.0498	60.8426	0	-6.06735e-07	8.97799e-07	0	1.08359	1.08359e+06	
16300	27.9751	60.8418	0	-6.06735e-07	8.97799e-07	0	1.08359	1.08359e+06	
16400	27.8965	60.8436	0	-6.06735e-07	8.97799e-07	0	1.08359	1.08359e+06	
16500	27.814	60.8486	0	-6.06735e-07	8.97799e-07	0	1.08359	1.08359e+06	
16600	28.0363	60.7431	0	1.79891e-06	-7.05756e-07	0	1.9324	1.9324e+06	
16700	28.2598	60.6553	0	1.79891e-06	-7.05756e-07	0	1.9324	1.9324e+06	
16800	28.4833	60.5676	0	1.79891e-06	-7.05756e-07	0	1.9324	1.9324e+06	
16900	28.7067	60.4799	0	1.79891e-06	-7.05756e-07	0	1.9324	1.9324e+06	
17000	28.9302	60.3922	0	1.79891e-06	-7.05756e-07	0	1.9324	1.9324e+06	
17100	28.5302	60.2322	0	-3.22e-06	-1.28873e-06	0	3.46832	3.46832e+06	
17200	28.1302	60.0721	0	-3.22e-06	-1.28873e-06	0	3.46832	3.46832e+06	
17300	27.7302	59.912	0	-3.22e-06	-1.28873e-06	0	3.46832	3.46832e+06	
17400	27.3302	59.7519	0	-3.22e-06	-1.28873e-06	0	3.46832	3.46832e+06	
17500	26.9302	59.5918	0	-3.22e-06	-1.28873e-06	0	3.46832	3.46832e+06	
17600	26.8165	59.4483	0	-9.1501e-07	-1.15477e-06	0	1.47335	1.47335e+06	
17700	26.7029	59.3049	0	-9.1501e-07	-1.15477e-06	0	1.47335	1.47335e+06	
17800	26.5892	59.1614	0	-9.1501e-07	-1.15477e-06	0	1.47335	1.47335e+06	
17900	26.4755	59.018	0	-9.1501e-07	-1.15477e-06	0	1.47335	1.47335e+06	
18000	26.3619	58.8745	0	-9.1501e-07	-1.15477e-06	0	1.47335	1.47335e+06	
18100	26.4265	58.7974	0	5.20117e-07	-6.21046e-07	0	0.810074	810074	
18200	26.4911	58.7202	0	5.20117e-07	-6.21046e-07	0	0.810074	810074	
18300	26.5557	58.6431	0	5.20117e-07	-6.21046e-07	0	0.810074	810074	
18400	26.6203	58.5659	0	5.20117e-07	-6.21046e-07	0	0.810074	810074	
18500	26.6849	58.4888	0	5.20117e-07	-6.21046e-07	0	0.810074	810074	
18600	26.9239	58.6807	0	1.92363e-06	1.54487e-06	0	2.46718	2.46718e+06	
18700	27.1628	58.8726	0	1.92363e-06	1.54487e-06	0	2.46718	2.46718e+06	
18800	27.4018	59.0645	0	1.92363e-06	1.54487e-06	0	2.46718	2.46718e+06	
18900	27.6408	59.2564	0	1.92363e-06	1.54487e-06	0	2.46718	2.46718e+06	
19000	27.8797	59.4483	0	1.92363e-06	1.54487e-06	0	2.46718	2.46718e+06	
19100	27.7993	59.8483	0	-6.47294e-07	3.22e-06	0	3.28442	3.28442e+06	
19200	27.7189	60.2483	0	-6.47294e-07	3.22e-06	0	3.28442	3.28442e+06	
19300	27.6385	60.6483	0	-6.47294e-07	3.22e-06	0	3.28442	3.28442e+06	
19400	27.5416	60.9104	0	-6.47294e-07	3.22e-06	0	3.28442	3.28442e+06	
19500	27.4638	60.9117	0	-6.47294e-07	3.22e-06	0	3.28442	3.28442e+06	
19600	27.6606	60.8596	0	1.62505e-06	3.55047e-07	0	1.66338	1.66338e+06	
19700	27.8548	60.835	0	1.62505e-06	3.55047e-07	0	1.66338	1.66338e+06	
19800	28.0554	60.8247	0	1.62505e-06	3.55047e-07	0	1.66338	1.66338e+06	
19900	28.2598	60.8309	0	1.62505e-06	3.55047e-07	0	1.66338	1.66338e+06	
20000	28.4648	60.8512	0	1.62505e-06	3.55047e-07	0	1.66338	1.66338e+06	
20100	28.6165	60.8412	0	1.23071e-06	6.81008e-08	0	1.23259	1.23259e+06	
20200	28.7661	60.8251	0	1.23071e-06	6.81008e-08	0	1.23259	1.23259e+06	
20300	28.9172	60.8098	0	1.23071e-06	6.81008e-08	0	1.23259	1.23259e+06	
20400	29.07	60.8009	0	1.23071e-06	6.81008e-08	0	1.23259	1.23259e+06	
20500	29.2236	60.7989	0	1.23071e-06	6.81008e-08	0	1.23259	1.23259e+06	
20600	28.8236	60.5395	0	-3.22e-06	-2.08257e-06	0	3.83478	3.83478e+06	
20700	28.4236	60.2808	0	-3.22e-06	-2.08257e-06	0	3.83478	3.83478e+06	
20800	28.0236	60.0221	0	-3.22e-06	-2.08257e-06	0	3.83478	3.83478e+06	
20900	27.6236	59.7634	0	-3.22e-06	-2.08257e-06	0	3.83478	3.83478e+06	
21000	27.2236	59.5047	0	-3.22e-06	-2.08257e-06	0	3.83478	3.83478e+06	
21100	27.1442	59.1047	0	-6.3958e-07	-3.22e-06	0	3.2829	3.2829e+06	
21200	27.0647	58.7047	0	-6.3958e-07	-3.22e-06	0	3.2829	3.2829e+06	
21300	26.9853	58.3047	0	-6.3958e-07	-3.22e-06	0	3.2829	3.2829e+06	
21400	26.9058	57.9047	0	-6.3958e-07	-3.22e-06	0	3.2829	3.2829e+06	
21500	26.8264	57.5047	0	-6.3958e-07	-3.22e-06	0	3.2829	3.2829e+06	
21600	27.1701	57.3211	0	2.76713e-06	-1.47769e-06	0	3.13697	3.13697e+06	
21700	27.5139	57.1376	0	2.76713e-06	-1.47769e-06	0	3.13697	3.13697e+06	
21800	27.8576	56.954	0	2.76713e-06	-1.47769e-06	0	3.13697	3.13697e+06	
21900	28.2013	56.7704	0	2.76713e-06	-1.47769e-06	0	3.13697	3.13697e+06	
22000	28.5451	56.5869	0	2.76713e-06	-1.47769e-06	0	3.13697	3.13697e+06	
22100	28.5823	56.1869	0	2.99666e-07	-3.22e-06	0	3.23391	3.23391e+06	
22200	28.6195	55.7869	0	2.99666e-07	-3.22e-06	0	3.23391	3.23391e+06	
22300	28.6568	55.3869	0	2.99666e-07	-3.22e-06	0	3.23391	3.23391e+06	
22400	28.694	54.9869	0	2.99666e-07	-3.22e-06	0	3.23391	3.23391e+06	
22500	28.7312	54.5869	0	2.99666e-07	-3.22e-06	0	3.23391	3.23391e+06	
22600	28.7675	54.1869	0	2.92006e-07	-3.22e-06	0	3.23321	3.23321e+06	
22700	28.8038	53.7869	0	2.92006e-07	-3.22e-06	0	3.23321	3.23321e+06	
22800	28.84	53.3869	0	2.92006e-07	-3.22e-06	0	3.23321	3.23321e+06	
22900	28.8763	52.9869	0	2.92006e-07	-3.22e-06	0	3.23321	3.23321e+06	
23000	28.9126	52.5869	0	2.92006e-07	-3.22e-06	0	3.23321	3.23321e+06	
23100	28.9263	52.1869	0	1.10451e-07	-3.22e-06	0	3.22189	3.22189e+06	
23200	28.94	51.7869	0	1.10451e-07	-3.22e-06	0	3.22189	3.22189e+06	
23300	28.9537	51.3869	0	1.10451e-07	-3.22e-06	0	3.22189	3.22189e+06	
23400	28.9675	50.9869	0	1.10451e-07	-3.22e-06	0	3.22189	3.22189e+06	
23500	28.9812	50.5869	0	1.10451e-07	-3.22e-06	0	3.22189	3.22189e+06	
23600	28.8799	50.1869	0	-8.15682e-07	-3.22e-06	0	3.32171	3.32171e+06	
23700	28.7785	49.7869	0	-8.15682e-07	-3.22e-06	0	3.32171	3.32171e+06	
23800	28.6772	49.3869	0	-8.15682e-07	-3.22e-06	0	3.32171	3.32171e+06	
23900	28.5759	48.9869	0	-8.15682e-07	-3.22e-06	0	3.32171	3.32171e+06	
24000	28.4769	48.5894	0	-8.15682e-07	-3.22e-06	0	3.32171	3.32171e+06	
24100	28.8674	48.2087	0	2.97437e-06	-3.22e-06	0	4.38352	4.38352e+06	
24200	29.2375	47.8091	0	2.97437e-06	-3.22e-06	0	4.38352	4.38352e+06	
24300	29.607	47.4091	0	2.97437e-06	-3.22e-06	0	4.38352	4.38352e+06	
24400	29.9765	47.0091	0	2.97437e-06	-3.22e-06	0	4.38352	4.38352e+06	
24500	30.3459	46.6091	0	2.97437e-06	-3.22e-06	0	4.38352	4.38352e+06	
24600	30.7459	46.3182	0	3.22e-06	-2.34161e-06	0	3.9814	3.9814e+06	
24700	31.1459	46.0273	0	3.22e-06	-2.34161e-06	0	3.9814	3.9814e+06	
24800	31.5459	45.7365	0	3.22e-06	-2.34161e-06	0	3.9814	3.9814e+06	
24900	31.9459	45.4456	0	3.22e-06	-2.34161e-06	0	3.9814	3.9814e+06	
25000	32.3459	45.1547	0	3.22e-06	-2.34161e-06	0	3.9814	3.9814e+06	
25100	32.5529	44.8931	0	1.66624e-06	-2.10577e-06	0	2.68526	2.68526e+06	
25200	32.7599	44.6315	0	1.66624e-06	-2.10577e-06	0	2.68526	2.68526e+06	
25300	32.9669	44.3699	0	1.66624e-06	-2.10577e-06	0	2.68526	2.68526e+06	
25400	33.1739	44.1083	0	1.66624e-06	-2.10577e-06	0	2.68526	2.68526e+06	
25500	33.3809	43.8468	0	1.66624e-06	-2.10577e-06	0	2.68526	2.68526e+06	
25600	33.7555	43.6219	0	3.0154e-06	-1.81003e-06	0	3.51694	3.51694e+06	
25700	34.13	43.3971	0	3.0154e-06	-1.81003e-06	0	3.51694	3.51694e+06	
25800	34.5046	43.1722	0	3.0154e-06	-1.81003e-06	0	3.51694	3.51694e+06	
25900	34.8792	42.9474	0	3.0154e-06	-1.81003e-06	0	3.51694	3.51694e+06	
26000	35.2538	42.7225	0	3.0154e-06	-1.81003e-06	0	3.51694	3.51694e+06	
26100	35.6373	42.5012	0	3.08738e-06	-1.78163e-06	0	3.56456	3.56456e+06	
26200	36.0208	42.2799	0	3.08738e-06	-1.78163e-06	0	3.56456	3.56456e+06	
26300	36.4044	42.0586	0	3.08738e-06	-1.78163e-06	0	3.56456	3.56456e+06	
26400	36.7879	41.8372	0	3.08738e-06	-1.78163e-06	0	3.56456	3.56456e+06	
26500	37.1714	41.6159	0	3.08738e-06	-1.78163e-06	0	3.56456	3.56456e+06	
26600	37.5714	41.321	0	3.22e-06	-2.37403e-06	0	4.00055	4.00055e+06	
26700	37.9714	41.0261	0	3.22e-06	-2.37403e-06	0	4.00055	4.00055e+06	
26800	38.3714	40.7312	0	3.22e-06	-2.37403e-06	0	4.00055	4.00055e+06	
26900	38.7714	40.4363	0	3.22e-06	-2.37403e-06	0	4.00055	4.00055e+06	
27000	39.1714	40.1414	0	3.22e-06	-2.37403e-06	0	4.00055	4.00055e+06	
27100	39.5714	39.7414	0	3.22e-06	-3.22e-06	0	4.55377	4.55377e+06	
27200	39.9714	39.3414	0	3.22e-06	-3.22e-06	0	4.55377	4.55377e+06	
27300	40.3714	38.9414	0	3.22e-06	-3.22e-06	0	4.55377	4.55377e+06	
27400	40.7714	38.5414	0	3.22e-06	-3.22e-06	0	4.55377	4.55377e+06	
27500	41.1714	38.1414	0	3.22e-06	-3.22e-06	0	4.55377	4.55377e+06	
27600	41.4209	37.7414	0	2.00792e-06	-3.22e-06	0	3.79475	3.79475e+06	
27700	41.6703	37.3414	0	2.00792e-06	-3.22e-06	0	3.79475	3.79475e+06	
27800	41.9197	36.9414	0	2.00792e-06	-3.22e-06	0	3.79475	3.79475e+06	
27900	42.1691	36.5414	0	2.00792e-06	-3.22e-06	0	3.79475	3.79475e+06	
28000	42.4186	36.1414	0	2.00792e-06	-3.22e-06	0	3.79475	3.79475e+06	
28100	42.8186	35.7414	0	3.22e-06	-3.22e-06	0	4.55377	4.55377e+06	
28200	43.2186	35.3414	0	3.22e-06	-3.22e-06	0	4.55377	4.55377e+06	
28300	43.6186	34.9414	0	3.22e-06	-3.22e-06	0	4.55377	4.55377e+06	
28400	44.0186	34.5414	0	3.22e-06	-3.22e-06	0	4.55377	4.55377e+06	
28500	44.4186	34.1414	0	3.22e-06	-3.22e-06	0	4.55377	4.55377e+06	
28600	44.6703	33.7414	0	2.02648e-06	-3.22e-06	0	3.80461	3.80461e+06	
28700	44.9221	33.3414	0	2.02648e-06	-3.22e-06	0	3.80461	3.80461e+06	
28800	45.1738	32.9414	0	2.02648e-06	-3.22e-06	0	3.80461	3.80461e+06	
28900	45.4255	32.5414	0	2.02648e-06	-3.22e-06	0	3.80461	3.80461e+06	
29000	45.6773	32.1414	0	2.02648e-06	-3.22e-06	0	3.80461	3.80461e+06	
29100	45.9295	31.7414	0	2.03055e-06	-3.22e-06	0	3.80677	3.80677e+06	
29200	46.1817	31.3414	0	2.03055e-06	-3.22e-06	0	3.80677	3.80677e+06	
29300	46.434	30.9414	0	2.03055e-06	-3.22e-06	0	3.80677	3.80677e+06	
29400	46.6862	30.5414	0	2.03055e-06	-3.22e-06	0	3.80677	3.80677e+06	
29500	46.9385	30.1414	0	2.03055e-06	-3.22e-06	0	3.80677	3.80677e+06	
29600	47.1605	29.7414	0	1.78771e-06	-3.22e-06	0	3.68298	3.68298e+06	
29700	47.3826	29.3414	0	1.78771e-06	-3.22e-06	0	3.68298	3.68298e+06	
29800	47.6047	28.9414	0	1.78771e-06	-3.22e-06	0	3.68298	3.68298e+06	
29900	47.8268	28.5414	0	1.78771e-06	-3.22e-06	0	3.68298	3.68298e+06	
30000	48.0489	28.1414	0	1.78771e-06	-3.22e-06	0	3.68298	3.68298e+06	
30100	47.8578	28.0628	0	-1.53763e-06	-6.32791e-07	0	1.66274	1.66274e+06	
30200	47.6668	27.9841	0	-1.53763e-06	-6.32791e-07	0	1.66274	1.66274e+06	
30300	47.4758	27.9055	0	-1.53763e-06	-6.32791e-07	0	1.66274	1.66274e+06	
30400	47.2848	27.8269	0	-1.53763e-06	-6.32791e-07	0	1.66274	1.66274e+06	
30500	47.0938	27.7483	0	-1.53763e-06	-6.32791e-07	0	1.66274	1.66274e+06	
30600	46.7717	27.5411	0	-2.59316e-06	-1.66777e-06	0	3.08317	3.08317e+06	
30700	46.4495	27.334	0	-2.59316e-06	-1.66777e-06	0	3.08317	3.08317e+06	
30800	46.1274	27.1268	0	-2.59316e-06	-1.66777e-06	0	3.08317	3.08317e+06	
30900	45.8053	26.9196	0	-2.59316e-06	-1.66777e-06	0	3.08317	3.08317e+06	
31000	45.4831	26.7124	0	-2.59316e-06	-1.66777e-06	0	3.08317	3.08317e+06	
31100	45.0831	26.3124	0	-3.22e-06	-3.22e-06	0	4.55377	4.55377e+06	
31200	44.6831	25.9124	0	-3.22e-06	-3.22e-06	0	4.55377	4.55377e+06	
31300	44.2831	25.5124	0	-3.22e-06	-3.22e-06	0	4.55377	4.55377e+06	
31400	43.8831	25.1124	0	-3.22e-06	-3.22e-06	0	4.55377	4.55377e+06	
31500	43.4831	24.7124	0	-3.22e-06	-3.22e-06	0	4.55377	4.55377e+06	
31600	43.0831	24.5116	0	-3.22e-06	-1.61643e-06	0	3.60295	3.60295e+06	
31700	42.6926	24.3181	0	-3.22e-06	-1.61643e-06	0	3.60295	3.60295e+06	
31800	42.6201	24.3844	0	-3.22e-06	-1.61643e-06	0	3.60295	3.60295e+06	
31900	42.5408	24.4727	0	-3.22e-06	-1.61643e-06	0	3.60295	3.60295e+06	
32000	42.4374	24.5744	0	-3.22e-06	-1.61643e-06	0	3.60295	3.60295e+06	
32100	42.3629	24.6353	0	-3.185e-06	-2.46743e-06	0	4.02895	4.02895e+06	
32200	42.268	24.7102	0	-3.185e-06	-2.46743e-06	0	4.02895	4.02895e+06	
32300	42.1435	24.7964	0	-3.185e-06	-2.46743e-06	0	4.02895	4.02895e+06	
32400	41.9855	24.89	0	-3.185e-06	-2.46743e-06	0	4.02895	4.02895e+06	
32500	41.9176	24.9414	0	-3.185e-06	-2.46743e-06	0	4.02895	4.02895e+06	
32600	41.9261	24.9283	0	-3.22e-06	-3.19413e-06	0	4.53551	4.53551e+06	
32700	41.9266	24.9277	0	-3.22e-06	-3.19413e-06	0	4.53551	4.53551e+06	
32800	41.9266	24.9277	0	-3.22e-06	-3.19413e-06	0	4.53551	4.53551e+06	
32900	41.9266	24.9277	0	-3.22e-06	-3.19413e-06	0	4.53551	4.53551e+06	
33000	41.9266	24.9277	0	-3.22e-06	-3.19413e-06	0	4.53551	4.53551e+06	
33100	41.9748	24.8967	0	-1.7896e-06	-3.22e-06	0	3.68389	3.68389e+06	
33200	41.9905	24.8873	0	-1.7896e-06	-3.22e-06	0	3.68389	3.68389e+06	
33300	41.9998	24.882	0	-1.7896e-06	-3.22e-06	0	3.68389	3.68389e+06	
33400	42.0066	24.8781	0	-1.7896e-06	-3.22e-06	0	3.68389	3.68389e+06	
33500	42.0121	24.875	0	-1.7896e-06	-3.22e-06	0	3.68389	3.68389e+06	
33600	42.0866	24.8346	0	-1.07235e-06	-3.22e-06	0	3.39387	3.39387e+06	
33700	42.1703	24.7825	0	-1.07235e-06	-3.22e-06	0	3.39387	3.39387e+06	
33800	42.2681	24.7147	0	-1.07235e-06	-3.22e-06	0	3.39387	3.39387e+06	
33900	42.3809	24.6259	0	-1.07235e-06	-3.22e-06	0	3.39387	3.39387e+06	
34000	42.5081	24.5096	0	-1.07235e-06	-3.22e-06	0	3.39387	3.39387e+06	
34100	42.6574	24.3473	0	-9.07646e-07	-3.22e-06	0	3.34548	3.34548e+06	
34200	42.8094	24.1385	0	-9.07646e-07	-3.22e-06	0	3.34548	3.34548e+06	
34300	42.9527	23.8769	0	-9.07646e-07	-3.22e-06	0	3.34548	3.34548e+06	
34400	43.0703	23.5605	0	-9.07646e-07	-3.22e-06	0	3.34548	3.34548e+06	
34500	43.1426	23.195	0	-9.07646e-07	-3.22e-06	0	3.34548	3.34548e+06	
34600	43.1439	22.8302	0	-1.49312e-06	-2.9516e-06	0	3.30777	3.30777e+06	
34700	43.1046	22.4509	0	-1.49312e-06	-2.9516e-06	0	3.30777	3.30777e+06	
34800	43.1429	22.1105	0	-1.49312e-06	-2.9516e-06	0	3.30777	3.30777e+06	
34900	43.1367	21.7388	0	-1.49312e-06	-2.9516e-06	0	3.30777	3.30777e+06	
35000	43.0642	21.3489	0	-1.49312e-06	-2.9516e-06	0	3.30777	3.30777e+06	
35100	42.8546	20.8931	0	-2.70294e-06	-3.22e-06	0	4.20408	4.20408e+06	
35200	42.5645	20.4601	0	-2.70294e-06	-3.22e-06	0	4.20408	4.20408e+06	
35300	42.2319	20.0567	0	-2.70294e-06	-3.22e-06	0	4.20408	4.20408e+06	
35400	41.8961	19.6567	0	-2.70294e-06	-3.22e-06	0	4.20408	4.20408e+06	
35500	41.5604	19.2567	0	-2.70294e-06	-3.22e-06	0	4.20408	4.20408e+06	
35600	41.3346	18.8567	0	-1.81766e-06	-3.22e-06	0	3.6976	3.6976e+06	
35700	41.1088	18.4567	0	-1.81766e-06	-3.22e-06	0	3.6976	3.6976e+06	
35800	40.883	18.0567	0	-1.81766e-06	-3.22e-06	0	3.6976	3.6976e+06	
35900	40.6572	17.6567	0	-1.81766e-06	-3.22e-06	0	3.6976	3.6976e+06	
36000	40.4314	17.2567	0	-1.81766e-06	-3.22e-06	0	3.6976	3.6976e+06	
36100	40.428	16.8567	0	-2.68742e-08	-3.22e-06	0	3.22011	3.22011e+06	
36200	40.4247	16.4567	0	-2.68742e-08	-3.22e-06	0	3.22011	3.22011e+06	
36300	40.4214	16.0567	0	-2.68742e-08	-3.22e-06	0	3.22011	3.22011e+06	
36400	40.418	15.6567	0	-2.68742e-08	-3.22e-06	0	3.22011	3.22011e+06	
36500	40.4147	15.2567	0	-2.68742e-08	-3.22e-06	0	3.22011	3.22011e+06	
36600	40.5663	14.8567	0	1.22061e-06	-3.22e-06	0	3.44358	3.44358e+06	
36700	40.7179	14.4567	0	1.22061e-06	-3.22e-06	0	3.44358	3.44358e+06	
36800	40.8696	14.0567	0	1.22061e-06	-3.22e-06	0	3.44358	3.44358e+06	
36900	41.0212	13.6567	0	1.22061e-06	-3.22e-06	0	3.44358	3.44358e+06	
37000	41.1728	13.2567	0	1.22061e-06	-3.22e-06	0	3.44358	3.44358e+06	
37100	41.5728	12.8567	0	3.22e-06	-3.22e-06	0	4.55377	4.55377e+06	
37200	41.9728	12.4567	0	3.22e-06	-3.22e-06	0	4.55377	4.55377e+06	
37300	42.3728	12.0567	0	3.22e-06	-3.22e-06	0	4.55377	4.55377e+06	
37400	42.7728	11.6567	0	3.22e-06	-3.22e-06	0	4.55377	4.55377e+06	
37500	43.1728	11.2567	0	3.22e-06	-3.22e-06	0	4.55377	4.55377e+06	
37600	43.4795	10.8567	0	2.46844e-06	-3.22e-06	0	4.05729	4.05729e+06	
37700	43.7861	10.4567	0	2.46844e-06	-3.22e-06	0	4.05729	4.05729e+06	
37800	44.0927	10.0567	0	2.46844e-06	-3.22e-06	0	4.05729	4.05729e+06	
37900	44.3994	9.65668	0	2.46844e-06	-3.22e-06	0	4.05729	4.05729e+06	
38000	44.706	9.25668	0	2.46844e-06	-3.22e-06	0	4.05729	4.05729e+06	
38100	44.306	8.85668	0	-3.22e-06	-3.22e-06	0	4.55377	4.55377e+06	
38200	43.906	8.45668	0	-3.22e-06	-3.22e-06	0	4.55377	4.55377e+06	
38300	43.506	8.05668	0	-3.22e-06	-3.22e-06	0	4.55377	4.55377e+06	
38400	43.106	7.65668	0	-3.22e-06	-3.22e-06	0	4.55377	4.55377e+06	
38500	42.706	7.25668	0	-3.22e-06	-3.22e-06	0	4.55377	4.55377e+06	
38600	42.306	7.15815	0	-3.22e-06	-7.93118e-07	0	3.31624	3.31624e+06	
38700	41.906	7.05963	0	-3.22e-06	-7.93118e-07	0	3.31624	3.31624e+06	
38800	41.506	6.9611	0	-3.22e-06	-7.93118e-07	0	3.31624	3.31624e+06	
38900	41.106	6.86258	0	-3.22e-06	-7.93118e-07	0	3.31624	3.31624e+06	
39000	40.706	6.76406	0	-3.22e-06	-7.93118e-07	0	3.31624	3.31624e+06	
39100	40.306	6.59536	0	-3.22e-06	-1.35802e-06	0	3.49466	3.49466e+06	
39200	39.906	6.42666	0	-3.22e-06	-1.35802e-06	0	3.49466	3.49466e+06	
39300	39.506	6.25796	0	-3.22e-06	-1.35802e-06	0	3.49466	3.49466e+06	
39400	39.106	6.08926	0	-3.22e-06	-1.35802e-06	0	3.49466	3.49466e+06	
39500	38.706	5.92056	0	-3.22e-06	-1.35802e-06	0	3.49466	3.49466e+06	
39600	38.3923	5.86707	0	-2.52551e-06	-4.30596e-07	0	2.56195	2.56195e+06	
39700	38.0786	5.81358	0	-2.52551e-06	-4.30596e-07	0	2.56195	2.56195e+06	
39800	37.7648	5.76009	0	-2.52551e-06	-4.30596e-07	0	2.56195	2.56195e+06	
39900	37.4511	5.7066	0	-2.52551e-06	-4.30596e-07	0	2.56195	2.56195e+06	
40000	37.1374	5.65311	0	-2.52551e-06	-4.30596e-07	0	2.56195	2.56195e+06	
40100	36.7374	5.58194	0	-3.22e-06	-5.72939e-07	0	3.27057	3.27057e+06	
40200	36.3374	5.51077	0	-3.22e-06	-5.72939e-07	0	3.27057	3.27057e+06	
40300	35.9374	5.4396	0	-3.22e-06	-5.72939e-07	0	3.27057	3.27057e+06	
40400	35.5374	5.36842	0	-3.22e-06	-5.72939e-07	0	3.27057	3.27057e+06	
40500	35.1374	5.29725	0	-3.22e-06	-5.72939e-07	0	3.27057	3.27057e+06	
40600	34.7374	5.15815	0	-3.22e-06	-1.1198e-06	0	3.40916	3.40916e+06	
40700	34.3374	5.01904	0	-3.22e-06	-1.1198e-06	0	3.40916	3.40916e+06	
40800	33.9374	4.87993	0	-3.22e-06	-1.1198e-06	0	3.40916	3.40916e+06	
40900	33.5374	4.74083	0	-3.22e-06	-1.1198e-06	0	3.40916	3.40916e+06	
41000	33.1374	4.60172	0	-3.22e-06	-1.1198e-06	0	3.40916	3.40916e+06	
41100	32.7374	4.55854	0	-3.22e-06	-3.47654e-07	0	3.23871	3.23871e+06	
41200	32.3374	4.51535	0	-3.22e-06	-3.47654e-07	0	3.23871	3.23871e+06	
41300	31.9374	4.47216	0	-3.22e-06	-3.47654e-07	0	3.23871	3.23871e+06	
41400	31.5374	4.42898	0	-3.22e-06	-3.47654e-07	0	3.23871	3.23871e+06	
41500	31.1374	4.38579	0	-3.22e-06	-3.47654e-07	0	3.23871	3.23871e+06	
41600	30.7374	4.36462	0	-3.22e-06	-1.70378e-07	0	3.2245	3.2245e+06	
41700	30.3374	4.34346	0	-3.22e-06	-1.70378e-07	0	3.2245	3.2245e+06	
41800	29.9374	4.3223	0	-3.22e-06	-1.70378e-07	0	3.2245	3.2245e+06	
41900	29.5374	4.30113	0	-3.22e-06	-1.70378e-07	0	3.2245	3.2245e+06	
42000	29.1425	4.28061	0	-3.22e-06	-1.70378e-07	0	3.2245	3.2245e+06	
42100	29.1327	3.98498	0	-3.22e-06	-2.57125e-06	0	4.12064	4.12064e+06	
42200	29.1049	3.6349	0	-3.22e-06	-2.57125e-06	0	4.12064	4.12064e+06	
42300	29.1048	3.33326	0	-3.22e-06	-2.57125e-06	0	4.12064	4.12064e+06	
42400	29.1316	3.05366	0	-3.22e-06	-2.57125e-06	0	4.12064	4.12064e+06	
42500	29.116	2.7154	0	-3.22e-06	-2.57125e-06	0	4.12064	4.12064e+06	
42600	29.102	2.63164	0	-3.22e-06	-2.23748e-07	0	3.22776	3.22776e+06	
42700	29.0902	2.55022	0	-3.22e-06	-2.23748e-07	0	3.22776	3.22776e+06	
42800	29.087	2.50225	0	-3.22e-06	-2.23748e-07	0	3.22776	3.22776e+06	
42900	29.0873	2.48271	0	-3.22e-06	-2.23748e-07	0	3.22776	3.22776e+06	
43000	29.0877	2.47476	0	-3.22e-06	-2.23748e-07	0	3.22776	3.22776e+06	
43100	29.1002	2.37106	0	-3.22e-06	-1.25838e-06	0	3.45715	3.45715e+06	
43200	29.1143	2.27461	0	-3.22e-06	-1.25838e-06	0	3.45715	3.45715e+06	
43300	29.1256	2.17107	0	-3.22e-06	-1.25838e-06	0	3.45715	3.45715e+06	
43400	29.1277	2.15171	0	-3.22e-06	-1.25838e-06	0	3.45715	3.45715e+06	
43500	29.1277	2.15165	0	-3.22e-06	-1.25838e-06	0	3.45715	3.45715e+06	
43600	29.1244	2.18948	0	-3.22e-06	-3.06857e-07	0	3.23459	3.23459e+06	
43700	29.1231	2.20218	0	-3.22e-06	-3.06857e-07	0	3.23459	3.23459e+06	
43800	29.1223	2.21106	0	-3.22e-06	-3.06857e-07	0	3.23459	3.23459e+06	
43900	29.1215	2.21866	0	-3.22e-06	-3.06857e-07	0	3.23459	3.23459e+06	
44000	29.1207	2.22591	0	-3.22e-06	-3.06857e-07	0	3.23459	3.23459e+06	
44100	29.0986	2.39478	0	-3.22e-06	9.41094e-07	0	3.35471	3.35471e+06	
44200	29.0878	2.53126	0	-3.22e-06	9.41094e-07	0	3.35471	3.35471e+06	
44300	29.0958	2.59893	0	-3.22e-06	9.41094e-07	0	3.35471	3.35471e+06	
44400	29.1043	2.65341	0	-3.22e-06	9.41094e-07	0	3.35471	3.35471e+06	
44500	29.1127	2.71165	0	-3.22e-06	9.41094e-07	0	3.35471	3.35471e+06	
44600	29.1108	2.69395	0	-3.22e-06	2.94248e-07	0	3.23342	3.23342e+06	
44700	29.1079	2.67365	0	-3.22e-06	2.94248e-07	0	3.23342	3.23342e+06	
44800	29.1045	2.65092	0	-3.22e-06	2.94248e-07	0	3.23342	3.23342e+06	
44900	29.1007	2.62663	0	-3.22e-06	2.94248e-07	0	3.23342	3.23342e+06	
45000	29.097	2.6027	0	-3.22e-06	2.94248e-07	0	3.23342	3.23342e+06	
45100	29.1014	2.63375	0	-3.22e-06	7.48236e-07	0	3.30579	3.30579e+06	
45200	29.1062	2.66509	0	-3.22e-06	7.48236e-07	0	3.30579	3.30579e+06	
45300	29.1112	2.69978	0	-3.22e-06	7.48236e-07	0	3.30579	3.30579e+06	
45400	29.1165	2.74014	0	-3.22e-06	7.48236e-07	0	3.30579	3.30579e+06	
45500	29.1219	2.78826	0	-3.22e-06	7.48236e-07	0	3.30579	3.30579e+06	
45600	29.1177	2.7456	0	-3.22e-06	2.33825e-09	0	3.22	3.22e+06	
45700	29.1112	2.69521	0	-3.22e-06	2.33825e-09	0	3.22	3.22e+06	
45800	29.1027	2.63767	0	-3.22e-06	2.33825e-09	0	3.22	3.22e+06	
45900	29.0938	2.57953	0	-3.22e-06	2.33825e-09	0	3.22	3.22e+06	
46000	29.0887	2.53656	0	-3.22e-06	2.33825e-09	0	3.22	3.22e+06	
46100	29.1105	2.43444	0	-1.20327e-06	-8.56984e-07	0	1.47725	1.47725e+06	
46200	29.1223	2.35136	0	-1.20327e-06	-8.56984e-07	0	1.47725	1.47725e+06	
46300	29.1343	2.26743	0	-1.20327e-06	-8.56984e-07	0	1.47725	1.47725e+06	
46400	29.1438	2.18361	0	-1.20327e-06	-8.56984e-07	0	1.47725	1.47725e+06	
46500	29.1475	2.15673	0	-1.20327e-06	-8.56984e-07	0	1.47725	1.47725e+06	
46600	29.1766	2.30181	0	-1.00323e-07	1.05243e-06	0	1.0572	1.0572e+06	
46700	29.1745	2.43401	0	-1.00323e-07	1.05243e-06	0	1.0572	1.0572e+06	
46800	29.1691	2.56472	0	-1.00323e-07	1.05243e-06	0	1.0572	1.0572e+06	
46900	29.171	2.69343	0	-1.00323e-07	1.05243e-06	0	1.0572	1.0572e+06	
47000	29.1816	2.82165	0	-1.00323e-07	1.05243e-06	0	1.0572	1.0572e+06	
47100	29.4762	2.85197	0	2.35771e-06	2.45206e-07	0	2.37043	2.37043e+06	
47200	29.7691	2.88243	0	2.35771e-06	2.45206e-07	0	2.37043	2.37043e+06	
47300	30.062	2.91289	0	2.35771e-06	2.45206e-07	0	2.37043	2.37043e+06	
47400	30.3549	2.94335	0	2.35771e-06	2.45206e-07	0	2.37043	2.37043e+06	
47500	30.6477	2.97381	0	2.35771e-06	2.45206e-07	0	2.37043	2.37043e+06	
47600	30.7807	3.37381	0	1.07002e-06	3.22e-06	0	3.39313	3.39313e+06	
47700	30.9136	3.77381	0	1.07002e-06	3.22e-06	0	3.39313	3.39313e+06	
47800	31.0465	4.17381	0	1.07002e-06	3.22e-06	0	3.39313	3.39313e+06	
47900	31.1794	4.57381	0	1.07002e-06	3.22e-06	0	3.39313	3.39313e+06	
48000	31.3123	4.97381	0	1.07002e-06	3.22e-06	0	3.39313	3.39313e+06	
48100	31.1916	5.37381	0	-9.71876e-07	3.22e-06	0	3.36347	3.36347e+06	
48200	31.0709	5.77381	0	-9.71876e-07	3.22e-06	0	3.36347	3.36347e+06	
48300	30.9502	6.17381	0	-9.71876e-07	3.22e-06	0	3.36347	3.36347e+06	
48400	30.8294	6.57381	0	-9.71876e-07	3.22e-06	0	3.36347	3.36347e+06	
48500	30.7087	6.97381	0	-9.71876e-07	3.22e-06	0	3.36347	3.36347e+06	
48600	30.778	7.37381	0	5.57934e-07	3.22e-06	0	3.26798	3.26798e+06	
48700	30.8473	7.77381	0	5.57934e-07	3.22e-06	0	3.26798	3.26798e+06	
48800	30.9166	8.17381	0	5.57934e-07	3.22e-06	0	3.26798	3.26798e+06	
48900	30.9859	8.57381	0	5.57934e-07	3.22e-06	0	3.26798	3.26798e+06	
49000	31.0552	8.97381	0	5.57934e-07	3.22e-06	0	3.26798	3.26798e+06	
49100	31.093	9.37381	0	3.04051e-07	3.22e-06	0	3.23432	3.23432e+06	
49200	31.1308	9.77381	0	3.04051e-07	3.22e-06	0	3.23432	3.23432e+06	
49300	31.1685	10.1738	0	3.04051e-07	3.22e-06	0	3.23432	3.23432e+06	
49400	31.2063	10.5738	0	3.04051e-07	3.22e-06	0	3.23432	3.23432e+06	
49500	31.2441	10.9738	0	3.04051e-07	3.22e-06	0	3.23432	3.23432e+06	
49600	31.4951	11.3738	0	2.02063e-06	3.22e-06	0	3.80149	3.80149e+06	
49700	31.7461	11.7738	0	2.02063e-06	3.22e-06	0	3.80149	3.80149e+06	
49800	31.9971	12.1738	0	2.02063e-06	3.22e-06	0	3.80149	3.80149e+06	
49900	32.2481	12.5738	0	2.02063e-06	3.22e-06	0	3.80149	3.80149e+06	
50000	32.4991	12.9738	0	2.02063e-06	3.22e-06	0	3.80149	3.80149e+06	
