0	63	38	0	-3.22e-06	9.98334e-08	0	3.22155	3.22155e+06	
100	62.6	37.9612	0	-3.22e-06	-3.12432e-07	0	3.23512	3.23512e+06	
200	62.2	37.9224	0	-3.22e-06	-3.12432e-07	0	3.23512	3.23512e+06	
300	61.8	37.8836	0	-3.22e-06	-3.12432e-07	0	3.23512	3.23512e+06	
400	61.4	37.8448	0	-3.22e-06	-3.12432e-07	0	3.23512	3.23512e+06	
500	61	37.8059	0	-3.22e-06	-3.12432e-07	0	3.23512	3.23512e+06	
600	60.6	37.5873	0	-3.22e-06	-1.75975e-06	0	3.66949	3.66949e+06	
700	60.2	37.3687	0	-3.22e-06	-1.75975e-06	0	3.66949	3.66949e+06	
800	59.8	37.1501	0	-3.22e-06	-1.75975e-06	0	3.66949	3.66949e+06	
900	59.4	36.9315	0	-3.22e-06	-1.75975e-06	0	3.66949	3.66949e+06	
1000	59	36.7129	0	-3.22e-06	-1.75975e-06	0	3.66949	3.66949e+06	
1100	58.9486	36.3129	0	-4.14144e-07	-3.22e-06	0	3.24652	3.24652e+06	
1200	58.8971	35.9129	0	-4.14144e-07	-3.22e-06	0	3.24652	3.24652e+06	
1300	58.8457	35.5129	0	-4.14144e-07	-3.22e-06	0	3.24652	3.24652e+06	
1400	58.7942	35.1129	0	-4.14144e-07	-3.22e-06	0	3.24652	3.24652e+06	
1500	58.7428	34.7129	0	-4.14144e-07	-3.22e-06	0	3.24652	3.24652e+06	
1600	58.4781	34.5992	0	-2.13056e-06	-9.15243e-07	0	2.31883	2.31883e+06	
1700	58.2134	34.4855	0	-2.13056e-06	-9.15243e-07	0	2.31883	2.31883e+06	
1800	57.9488	34.3718	0	-2.13056e-06	-9.15243e-07	0	2.31883	2.31883e+06	
1900	57.6841	34.2581	0	-2.13056e-06	-9.15243e-07	0	2.31883	2.31883e+06	
2000	57.4194	34.1445	0	-2.13056e-06	-9.15243e-07	0	2.31883	2.31883e+06	
2100	57.7813	34.0261	0	2.91293e-06	-9.52569e-07	0	3.06473	3.06473e+06	
2200	58.1431	33.9078	0	2.91293e-06	-9.52569e-07	0	3.06473	3.06473e+06	
2300	58.505	33.7895	0	2.91293e-06	-9.52569e-07	0	3.06473	3.06473e+06	
2400	58.8669	33.6711	0	2.91293e-06	-9.52569e-07	0	3.06473	3.06473e+06	
2500	59.2287	33.5528	0	2.91293e-06	-9.52569e-07	0	3.06473	3.06473e+06	
2600	58.866	33.6353	0	-2.91995e-06	6.64088e-07	0	2.99451	2.99451e+06	
2700	58.5033	33.7178	0	-2.91995e-06	6.64088e-07	0	2.99451	2.99451e+06	
2800	58.1405	33.8003	0	-2.91995e-06	6.64088e-07	0	2.99451	2.99451e+06	
2900	57.7778	33.8828	0	-2.91995e-06	6.64088e-07	0	2.99451	2.99451e+06	
3000	57.4151	33.9653	0	-2.91995e-06	6.64088e-07	0	2.99451	2.99451e+06	
3100	57.314	34.1161	0	-8.13704e-07	1.21389e-06	0	1.46138	1.46138e+06	
3200	57.2129	34.2669	0	-8.13704e-07	1.21389e-06	0	1.46138	1.46138e+06	
3300	57.1118	34.4177	0	-8.13704e-07	1.21389e-06	0	1.46138	1.46138e+06	
3400	57.0108	34.5684	0	-8.13704e-07	1.21389e-06	0	1.46138	1.46138e+06	
3500	56.9097	34.7192	0	-8.13704e-07	1.21389e-06	0	1.46138	1.46138e+06	
3600	57.048	34.8007	0	1.11347e-06	6.55829e-07	0	1.29225	1.29225e+06	
3700	57.1863	34.8822	0	1.11347e-06	6.55829e-07	0	1.29225	1.29225e+06	
3800	57.3246	34.9637	0	1.11347e-06	6.55829e-07	0	1.29225	1.29225e+06	
3900	57.463	35.0451	0	1.11347e-06	6.55829e-07	0	1.29225	1.29225e+06	
4000	57.6013	35.1266	0	1.11347e-06	6.55829e-07	0	1.29225	1.29225e+06	
4100	57.6349	35.0776	0	2.70939e-07	-3.94164e-07	0	0.478302	478302	
4200	57.6686	35.0287	0	2.70939e-07	-3.94164e-07	0	0.478302	478302	
4300	57.7022	34.9797	0	2.70939e-07	-3.94164e-07	0	0.478302	478302	
4400	57.7359	34.9307	0	2.70939e-07	-3.94164e-07	0	0.478302	478302	
4500	57.7696	34.8818	0	2.70939e-07	-3.94164e-07	0	0.478302	478302	
4600	58.0207	34.7866	0	2.02188e-06	-7.66404e-07	0	2.16226	2.16226e+06	
4700	58.2719	34.6914	0	2.02188e-06	-7.66404e-07	0	2.16226	2.16226e+06	
4800	58.5231	34.5962	0	2.02188e-06	-7.66404e-07	0	2.16226	2.16226e+06	
4900	58.7742	34.5009	0	2.02188e-06	-7.66404e-07	0	2.16226	2.16226e+06	
5000	59.0254	34.4057	0	2.02188e-06	-7.66404e-07	0	2.16226	2.16226e+06	
5100	58.7848	34.2237	0	-1.93698e-06	-1.4656e-06	0	2.42896	2.42896e+06	
5200	58.5441	34.0416	0	-1.93698e-06	-1.4656e-06	0	2.42896	2.42896e+06	
5300	58.3035	33.8596	0	-1.93698e-06	-1.4656e-06	0	2.42896	2.42896e+06	
5400	58.0629	33.6775	0	-1.93698e-06	-1.4656e-06	0	2.42896	2.42896e+06	
5500	57.8223	33.4954	0	-1.93698e-06	-1.4656e-06	0	2.42896	2.42896e+06	
5600	57.6251	33.732	0	-1.58743e-06	1.90457e-06	0	2.47938	2.47938e+06	
5700	57.4279	33.9686	0	-1.58743e-06	1.90457e-06	0	2.47938	2.47938e+06	
5800	57.2307	34.2052	0	-1.58743e-06	1.90457e-06	0	2.47938	2.47938e+06	
5900	57.0335	34.4418	0	-1.58743e-06	1.90457e-06	0	2.47938	2.47938e+06	
6000	56.8363	34.6784	0	-1.58743e-06	1.90457e-06	0	2.47938	2.47938e+06	
6100	56.9797	34.3201	0	1.15412e-06	-2.88406e-06	0	3.10641	3.10641e+06	
6200	57.123	33.9619	0	1.15412e-06	-2.88406e-06	0	3.10641	3.10641e+06	
6300	57.2664	33.6036	0	1.15412e-06	-2.88406e-06	0	3.10641	3.10641e+06	
6400	57.4098	33.2453	0	1.15412e-06	-2.88406e-06	0	3.10641	3.10641e+06	
6500	57.5532	32.887	0	1.15412e-06	-2.88406e-06	0	3.10641	3.10641e+06	
6600	57.1532	33.2061	0	-3.22e-06	2.56862e-06	0	4.11901	4.11901e+06	
6700	56.7532	33.5252	0	-3.22e-06	2.56862e-06	0	4.11901	4.11901e+06	
6800	56.3532	33.8443	0	-3.22e-06	2.56862e-06	0	4.11901	4.11901e+06	
6900	55.9532	34.1634	0	-3.22e-06	2.56862e-06	0	4.11901	4.11901e+06	
7000	55.5532	34.4825	0	-3.22e-06	2.56862e-06	0	4.11901	4.11901e+06	
7100	55.9532	34.1928	0	3.22e-06	-2.33147e-06	0	3.97544	3.97544e+06	
7200	56.3532	33.9032	0	3.22e-06	-2.33147e-06	0	3.97544	3.97544e+06	
7300	56.7532	33.6136	0	3.22e-06	-2.33147e-06	0	3.97544	3.97544e+06	
7400	57.1532	33.324	0	3.22e-06	-2.33147e-06	0	3.97544	3.97544e+06	
7500	57.5532	33.0343	0	3.22e-06	-2.33147e-06	0	3.97544	3.97544e+06	
7600	57.6308	33.3982	0	6.24982e-07	2.92883e-06	0	2.99477	2.99477e+06	
7700	57.7084	33.762	0	6.24982e-07	2.92883e-06	0	2.99477	2.99477e+06	
7800	57.7861	34.1258	0	6.24982e-07	2.92883e-06	0	2.99477	2.99477e+06	
7900	57.8637	34.4897	0	6.24982e-07	2.92883e-06	0	2.99477	2.99477e+06	
8000	57.9413	34.8535	0	6.24982e-07	2.92883e-06	0	2.99477	2.99477e+06	
8100	58.3413	34.7288	0	3.22e-06	-1.0042e-06	0	3.37295	3.37295e+06	
8200	58.7413	34.604	0	3.22e-06	-1.0042e-06	0	3.37295	3.37295e+06	
8300	59.1413	34.4793	0	3.22e-06	-1.0042e-06	0	3.37295	3.37295e+06	
8400	59.5413	34.3545	0	3.22e-06	-1.0042e-06	0	3.37295	3.37295e+06	
8500	59.9413	34.2298	0	3.22e-06	-1.0042e-06	0	3.37295	3.37295e+06	
8600	59.9919	34.2538	0	4.06615e-07	1.93298e-07	0	0.450222	450222	
8700	60.0424	34.2778	0	4.06615e-07	1.93298e-07	0	0.450222	450222	
8800	60.0929	34.3018	0	4.06615e-07	1.93298e-07	0	0.450222	450222	
8900	60.1434	34.3258	0	4.06615e-07	1.93298e-07	0	0.450222	450222	
9000	60.1939	34.3498	0	4.06615e-07	1.93298e-07	0	0.450222	450222	
9100	60.0766	34.7236	0	-9.44206e-07	3.00911e-06	0	3.15377	3.15377e+06	
9200	59.9593	35.0974	0	-9.44206e-07	3.00911e-06	0	3.15377	3.15377e+06	
9300	59.842	35.4712	0	-9.44206e-07	3.00911e-06	0	3.15377	3.15377e+06	
9400	59.7247	35.845	0	-9.44206e-07	3.00911e-06	0	3.15377	3.15377e+06	
9500	59.6074	36.2188	0	-9.44206e-07	3.00911e-06	0	3.15377	3.15377e+06	
9600	59.7192	36.3043	0	8.99767e-07	6.877e-07	0	1.13248	1.13248e+06	
9700	59.831	36.3897	0	8.99767e-07	6.877e-07	0	1.13248	1.13248e+06	
9800	59.9427	36.4751	0	8.99767e-07	6.877e-07	0	1.13248	1.13248e+06	
9900	60.0545	36.5606	0	8.99767e-07	6.877e-07	0	1.13248	1.13248e+06	
10000	60.1663	36.646	0	8.99767e-07	6.877e-07	0	1.13248	1.13248e+06	
10100	60.5663	36.6164	0	3.22e-06	-2.38235e-07	0	3.2288	3.2288e+06	
10200	60.9663	36.5868	0	3.22e-06	-2.38235e-07	0	3.2288	3.2288e+06	
10300	61.3663	36.5572	0	3.22e-06	-2.38235e-07	0	3.2288	3.2288e+06	
10400	61.7663	36.5276	0	3.22e-06	-2.38235e-07	0	3.2288	3.2288e+06	
10500	62.1663	36.498	0	3.22e-06	-2.38235e-07	0	3.2288	3.2288e+06	
10600	61.8777	36.6513	0	-2.32278e-06	1.23416e-06	0	2.6303	2.6303e+06	
10700	61.5892	36.8046	0	-2.32278e-06	1.23416e-06	0	2.6303	2.6303e+06	
10800	61.3007	36.958	0	-2.32278e-06	1.23416e-06	0	2.6303	2.6303e+06	
10900	61.0121	37.1113	0	-2.32278e-06	1.23416e-06	0	2.6303	2.6303e+06	
11000	60.7236	37.2646	0	-2.32278e-06	1.23416e-06	0	2.6303	2.6303e+06	
11100	60.5366	37.2755	0	-1.50525e-06	8.77429e-08	0	1.5078	1.5078e+06	
11200	60.3496	37.2864	0	-1.50525e-06	8.77429e-08	0	1.5078	1.5078e+06	
11300	60.1626	37.2973	0	-1.50525e-06	8.77429e-08	0	1.5078	1.5078e+06	
11400	59.9756	37.3082	0	-1.50525e-06	8.77429e-08	0	1.5078	1.5078e+06	
11500	59.7886	37.3191	0	-1.50525e-06	8.77429e-08	0	1.5078	1.5078e+06	
11600	59.5685	37.1621	0	-1.77207e-06	-1.26362e-06	0	2.17646	2.17646e+06	
11700	59.3484	37.0051	0	-1.77207e-06	-1.26362e-06	0	2.17646	2.17646e+06	
11800	59.1282	36.8482	0	-1.77207e-06	-1.26362e-06	0	2.17646	2.17646e+06	
11900	58.9081	36.6912	0	-1.77207e-06	-1.26362e-06	0	2.17646	2.17646e+06	
12000	58.688	36.5342	0	-1.77207e-06	-1.26362e-06	0	2.17646	2.17646e+06	
12100	58.3963	36.3532	0	-2.34795e-06	-1.45726e-06	0	2.76342	2.76342e+06	
12200	58.1046	36.1722	0	-2.34795e-06	-1.45726e-06	0	2.76342	2.76342e+06	
12300	57.813	35.9911	0	-2.34795e-06	-1.45726e-06	0	2.76342	2.76342e+06	
12400	57.5213	35.8101	0	-2.34795e-06	-1.45726e-06	0	2.76342	2.76342e+06	
12500	57.2296	35.6291	0	-2.34795e-06	-1.45726e-06	0	2.76342	2.76342e+06	
12600	57.1531	35.2291	0	-6.15982e-07	-3.22e-06	0	3.27839	3.27839e+06	
12700	57.0766	34.8291	0	-6.15982e-07	-3.22e-06	0	3.27839	3.27839e+06	
12800	57.0001	34.4291	0	-6.15982e-07	-3.22e-06	0	3.27839	3.27839e+06	
12900	56.9235	34.0291	0	-6.15982e-07	-3.22e-06	0	3.27839	3.27839e+06	
13000	56.847	33.6291	0	-6.15982e-07	-3.22e-06	0	3.27839	3.27839e+06	
13100	57.1401	33.2291	0	2.3589e-06	-3.22e-06	0	3.99159	3.99159e+06	
13200	57.4331	32.8291	0	2.3589e-06	-3.22e-06	0	3.99159	3.99159e+06	
13300	57.7261	32.4291	0	2.3589e-06	-3.22e-06	0	3.99159	3.99159e+06	
13400	58.0191	32.0291	0	2.3589e-06	-3.22e-06	0	3.99159	3.99159e+06	
13500	58.3122	31.6291	0	2.3589e-06	-3.22e-06	0	3.99159	3.99159e+06	
13600	57.9122	31.2291	0	-3.22e-06	-3.22e-06	0	4.55377	4.55377e+06	
13700	57.5122	30.8291	0	-3.22e-06	-3.22e-06	0	4.55377	4.55377e+06	
13800	57.1122	30.4291	0	-3.22e-06	-3.22e-06	0	4.55377	4.55377e+06	
13900	56.7122	30.0291	0	-3.22e-06	-3.22e-06	0	4.55377	4.55377e+06	
14000	56.3122	29.6291	0	-3.22e-06	-3.22e-06	0	4.55377	4.55377e+06	
14100	55.9122	29.2291	0	-3.22e-06	-3.22e-06	0	4.55377	4.55377e+06	
14200	55.5122	28.8291	0	-3.22e-06	-3.22e-06	0	4.55377	4.55377e+06	
14300	55.1122	28.4291	0	-3.22e-06	-3.22e-06	0	4.55377	4.55377e+06	
14400	54.7122	28.0291	0	-3.22e-06	-3.22e-06	0	4.55377	4.55377e+06	
14500	54.3122	27.6291	0	-3.22e-06	-3.22e-06	0	4.55377	4.55377e+06	
14600	53.9122	27.2291	0	-3.22e-06	-3.22e-06	0	4.55377	4.55377e+06	
14700	53.5122	26.8291	0	-3.22e-06	-3.22e-06	0	4.55377	4.55377e+06	
14800	53.1122	26.4291	0	-3.22e-06	-3.22e-06	0	4.55377	4.55377e+06	
14900	52.7122	26.0291	0	-3.22e-06	-3.22e-06	0	4.55377	4.55377e+06	
15000	52.3122	25.6291	0	-3.22e-06	-3.22e-06	0	4.55377	4.55377e+06	
15100	51.9122	25.2291	0	-3.22e-06	-3.22e-06	0	4.55377	4.55377e+06	
15200	51.5122	24.8291	0	-3.22e-06	-3.22e-06	0	4.55377	4.55377e+06	
15300	51.1122	24.4291	0	-3.22e-06	-3.22e-06	0	4.55377	4.55377e+06	
15400	50.7122	24.0291	0	-3.22e-06	-3.22e-06	0	4.55377	4.55377e+06	
15500	50.3122	23.6291	0	-3.22e-06	-3.22e-06	0	4.55377	4.55377e+06	
15600	50.2067	23.2291	0	-8.48816e-07	-3.22e-06	0	3.33	3.33e+06	
15700	50.1013	22.8291	0	-8.48816e-07	-3.22e-06	0	3.33	3.33e+06	
15800	49.9958	22.4291	0	-8.48816e-07	-3.22e-06	0	3.33	3.33e+06	
15900	49.8904	22.0291	0	-8.48816e-07	-3.22e-06	0	3.33	3.33e+06	
16000	49.785	21.6291	0	-8.48816e-07	-3.22e-06	0	3.33	3.33e+06	
16100	49.385	21.4808	0	-3.22e-06	-1.19354e-06	0	3.43409	3.43409e+06	
16200	48.985	21.3325	0	-3.22e-06	-1.19354e-06	0	3.43409	3.43409e+06	
16300	48.585	21.1843	0	-3.22e-06	-1.19354e-06	0	3.43409	3.43409e+06	
16400	48.185	21.036	0	-3.22e-06	-1.19354e-06	0	3.43409	3.43409e+06	
16500	47.785	20.8878	0	-3.22e-06	-1.19354e-06	0	3.43409	3.43409e+06	
16600	47.385	20.6801	0	-3.22e-06	-1.67127e-06	0	3.62788	3.62788e+06	
16700	46.985	20.4725	0	-3.22e-06	-1.67127e-06	0	3.62788	3.62788e+06	
16800	46.585	20.2649	0	-3.22e-06	-1.67127e-06	0	3.62788	3.62788e+06	
16900	46.185	20.0573	0	-3.22e-06	-1.67127e-06	0	3.62788	3.62788e+06	
17000	45.785	19.8497	0	-3.22e-06	-1.67127e-06	0	3.62788	3.62788e+06	
17100	45.4397	19.4497	0	-2.77943e-06	-3.22e-06	0	4.25366	4.25366e+06	
17200	45.0944	19.0497	0	-2.77943e-06	-3.22e-06	0	4.25366	4.25366e+06	
17300	44.7491	18.6497	0	-2.77943e-06	-3.22e-06	0	4.25366	4.25366e+06	
17400	44.4039	18.2497	0	-2.77943e-06	-3.22e-06	0	4.25366	4.25366e+06	
17500	44.0586	17.8497	0	-2.77943e-06	-3.22e-06	0	4.25366	4.25366e+06	
17600	43.8068	17.7764	0	-2.02728e-06	-5.90141e-07	0	2.11143	2.11143e+06	
17700	43.5549	17.7031	0	-2.02728e-06	-5.90141e-07	0	2.11143	2.11143e+06	
17800	43.3031	17.6298	0	-2.02728e-06	-5.90141e-07	0	2.11143	2.11143e+06	
17900	43.0513	17.5565	0	-2.02728e-06	-5.90141e-07	0	2.11143	2.11143e+06	
18000	42.7994	17.4831	0	-2.02728e-06	-5.90141e-07	0	2.11143	2.11143e+06	
18100	42.3994	17.4759	0	-3.22e-06	-5.83425e-08	0	3.22053	3.22053e+06	
18200	41.9994	17.4687	0	-3.22e-06	-5.83425e-08	0	3.22053	3.22053e+06	
18300	41.5994	17.4614	0	-3.22e-06	-5.83425e-08	0	3.22053	3.22053e+06	
18400	41.1994	17.4542	0	-3.22e-06	-5.83425e-08	0	3.22053	3.22053e+06	
18500	40.7994	17.4469	0	-3.22e-06	-5.83425e-08	0	3.22053	3.22053e+06	
18600	40.6174	17.1938	0	-1.46494e-06	-2.03715e-06	0	2.50919	2.50919e+06	
18700	40.4355	16.9408	0	-1.46494e-06	-2.03715e-06	0	2.50919	2.50919e+06	
18800	40.2535	16.6877	0	-1.46494e-06	-2.03715e-06	0	2.50919	2.50919e+06	
18900	40.0715	16.4347	0	-1.46494e-06	-2.03715e-06	0	2.50919	2.50919e+06	
19000	39.8895	16.1816	0	-1.46494e-06	-2.03715e-06	0	2.50919	2.50919e+06	
19100	39.8827	15.7816	0	-5.46781e-08	-3.22e-06	0	3.22046	3.22046e+06	
19200	39.8759	15.3816	0	-5.46781e-08	-3.22e-06	0	3.22046	3.22046e+06	
19300	39.8691	14.9816	0	-5.46781e-08	-3.22e-06	0	3.22046	3.22046e+06	
19400	39.8624	14.5816	0	-5.46781e-08	-3.22e-06	0	3.22046	3.22046e+06	
19500	39.8556	14.1816	0	-5.46781e-08	-3.22e-06	0	3.22046	3.22046e+06	
19600	39.7786	13.7816	0	-6.1958e-07	-3.22e-06	0	3.27907	3.27907e+06	
19700	39.7016	13.3816	0	-6.1958e-07	-3.22e-06	0	3.27907	3.27907e+06	
19800	39.6247	12.9816	0	-6.1958e-07	-3.22e-06	0	3.27907	3.27907e+06	
19900	39.5477	12.5816	0	-6.1958e-07	-3.22e-06	0	3.27907	3.27907e+06	
20000	39.4707	12.1816	0	-6.1958e-07	-3.22e-06	0	3.27907	3.27907e+06	
20100	39.8707	11.7816	0	3.22e-06	-3.22e-06	0	4.55377	4.55377e+06	
20200	40.2707	11.3816	0	3.22e-06	-3.22e-06	0	4.55377	4.55377e+06	
20300	40.6707	10.9816	0	3.22e-06	-3.22e-06	0	4.55377	4.55377e+06	
20400	41.0707	10.5816	0	3.22e-06	-3.22e-06	0	4.55377	4.55377e+06	
20500	41.4707	10.1816	0	3.22e-06	-3.22e-06	0	4.55377	4.55377e+06	
20600	41.8707	9.7816	0	3.22e-06	-3.22e-06	0	4.55377	4.55377e+06	
20700	42.2707	9.3816	0	3.22e-06	-3.22e-06	0	4.55377	4.55377e+06	
20800	42.6707	8.9816	0	3.22e-06	-3.22e-06	0	4.55377	4.55377e+06	
20900	43.0707	8.5816	0	3.22e-06	-3.22e-06	0	4.55377	4.55377e+06	
21000	43.4707	8.1816	0	3.22e-06	-3.22e-06	0	4.55377	4.55377e+06	
21100	43.3782	8.05794	0	-7.44949e-07	-9.95447e-07	0	1.24333	1.24333e+06	
21200	43.2857	7.93428	0	-7.44949e-07	-9.95447e-07	0	1.24333	1.24333e+06	
21300	43.1931	7.81062	0	-7.44949e-07	-9.95447e-07	0	1.24333	1.24333e+06	
21400	43.1006	7.68697	0	-7.44949e-07	-9.95447e-07	0	1.24333	1.24333e+06	
21500	43.008	7.56331	0	-7.44949e-07	-9.95447e-07	0	1.24333	1.24333e+06	
21600	42.6641	7.16331	0	-2.76875e-06	-3.22e-06	0	4.24669	4.24669e+06	
21700	42.3201	6.76331	0	-2.76875e-06	-3.22e-06	0	4.24669	4.24669e+06	
21800	41.9762	6.36331	0	-2.76875e-06	-3.22e-06	0	4.24669	4.24669e+06	
21900	41.6323	5.96331	0	-2.76875e-06	-3.22e-06	0	4.24669	4.24669e+06	
22000	41.2883	5.56332	0	-2.76875e-06	-3.22e-06	0	4.24669	4.24669e+06	
22100	41.1056	5.51318	0	-1.47083e-06	-4.03623e-07	0	1.5252	1.5252e+06	
22200	40.9229	5.46304	0	-1.47083e-06	-4.03623e-07	0	1.5252	1.5252e+06	
22300	40.7402	5.41291	0	-1.47083e-06	-4.03623e-07	0	1.5252	1.5252e+06	
22400	40.5575	5.36277	0	-1.47083e-06	-4.03623e-07	0	1.5252	1.5252e+06	
22500	40.3747	5.31263	0	-1.47083e-06	-4.03623e-07	0	1.5252	1.5252e+06	
22600	40.1427	5.37721	0	-1.86799e-06	5.19922e-07	0	1.93899	1.93899e+06	
22700	39.9106	5.4418	0	-1.86799e-06	5.19922e-07	0	1.93899	1.93899e+06	
22800	39.6786	5.50639	0	-1.86799e-06	5.19922e-07	0	1.93899	1.93899e+06	
22900	39.4465	5.57097	0	-1.86799e-06	5.19922e-07	0	1.93899	1.93899e+06	
23000	39.2145	5.63556	0	-1.86799e-06	5.19922e-07	0	1.93899	1.93899e+06	
23100	38.898	5.65393	0	-2.54757e-06	1.47868e-07	0	2.55186	2.55186e+06	
23200	38.5816	5.6723	0	-2.54757e-06	1.47868e-07	0	2.55186	2.55186e+06	
23300	38.2651	5.69067	0	-2.54757e-06	1.47868e-07	0	2.55186	2.55186e+06	
23400	37.9486	5.70903	0	-2.54757e-06	1.47868e-07	0	2.55186	2.55186e+06	
23500	37.6322	5.7274	0	-2.54757e-06	1.47868e-07	0	2.55186	2.55186e+06	
23600	37.4326	5.47591	0	-1.60602e-06	-2.02454e-06	0	2.5842	2.5842e+06	
23700	37.2331	5.22441	0	-1.60602e-06	-2.02454e-06	0	2.5842	2.5842e+06	
23800	37.0336	4.97292	0	-1.60602e-06	-2.02454e-06	0	2.5842	2.5842e+06	
23900	36.8341	4.72142	0	-1.60602e-06	-2.02454e-06	0	2.5842	2.5842e+06	
24000	36.6346	4.46992	0	-1.60602e-06	-2.02454e-06	0	2.5842	2.5842e+06	
24100	36.6	4.18623	0	-2.78471e-07	-2.2837e-06	0	2.30062	2.30062e+06	
24200	36.5654	3.90255	0	-2.78471e-07	-2.2837e-06	0	2.30062	2.30062e+06	
24300	36.5308	3.61886	0	-2.78471e-07	-2.2837e-06	0	2.30062	2.30062e+06	
24400	36.4963	3.33517	0	-2.78471e-07	-2.2837e-06	0	2.30062	2.30062e+06	
24500	36.4617	3.05148	0	-2.78471e-07	-2.2837e-06	0	2.30062	2.30062e+06	
24600	36.6891	2.98036	0	1.83116e-06	-5.72476e-07	0	1.91856	1.91856e+06	
24700	36.9166	2.90925	0	1.83116e-06	-5.72476e-07	0	1.91856	1.91856e+06	
24800	37.1441	2.83813	0	1.83116e-06	-5.72476e-07	0	1.91856	1.91856e+06	
24900	37.3716	2.76702	0	1.83116e-06	-5.72476e-07	0	1.91856	1.91856e+06	
25000	37.599	2.6959	0	1.83116e-06	-5.72476e-07	0	1.91856	1.91856e+06	
25100	37.9373	2.89367	0	2.72324e-06	1.59206e-06	0	3.15447	3.15447e+06	
25200	38.2756	3.09144	0	2.72324e-06	1.59206e-06	0	3.15447	3.15447e+06	
25300	38.6139	3.28921	0	2.72324e-06	1.59206e-06	0	3.15447	3.15447e+06	
25400	38.9522	3.48699	0	2.72324e-06	1.59206e-06	0	3.15447	3.15447e+06	
25500	39.2905	3.68476	0	2.72324e-06	1.59206e-06	0	3.15447	3.15447e+06	
25600	39.481	4.08476	0	1.53372e-06	3.22e-06	0	3.56661	3.56661e+06	
25700	39.6715	4.48476	0	1.53372e-06	3.22e-06	0	3.56661	3.56661e+06	
25800	39.8621	4.88476	0	1.53372e-06	3.22e-06	0	3.56661	3.56661e+06	
25900	40.0526	5.28476	0	1.53372e-06	3.22e-06	0	3.56661	3.56661e+06	
26000	40.2431	5.68476	0	1.53372e-06	3.22e-06	0	3.56661	3.56661e+06	
26100	40.6177	6.08476	0	3.01578e-06	3.22e-06	0	4.41173	4.41173e+06	
26200	40.9924	6.48476	0	3.01578e-06	3.22e-06	0	4.41173	4.41173e+06	
26300	41.367	6.88476	0	3.01578e-06	3.22e-06	0	4.41173	4.41173e+06	
26400	41.7416	7.28476	0	3.01578e-06	3.22e-06	0	4.41173	4.41173e+06	
26500	42.1163	7.68476	0	3.01578e-06	3.22e-06	0	4.41173	4.41173e+06	
26600	42.4488	7.99391	0	2.67692e-06	2.48872e-06	0	3.65509	3.65509e+06	
26700	42.7813	8.30307	0	2.67692e-06	2.48872e-06	0	3.65509	3.65509e+06	
26800	43.1139	8.61223	0	2.67692e-06	2.48872e-06	0	3.65509	3.65509e+06	
26900	43.4464	8.92139	0	2.67692e-06	2.48872e-06	0	3.65509	3.65509e+06	
27000	43.7789	9.23055	0	2.67692e-06	2.48872e-06	0	3.65509	3.65509e+06	
27100	43.7603	9.52808	0	-1.49888e-07	2.39516e-06	0	2.39985	2.39985e+06	
27200	43.7417	9.82562	0	-1.49888e-07	2.39516e-06	0	2.39985	2.39985e+06	
27300	43.7231	10.1232	0	-1.49888e-07	2.39516e-06	0	2.39985	2.39985e+06	
27400	43.7045	10.4207	0	-1.49888e-07	2.39516e-06	0	2.39985	2.39985e+06	
27500	43.6858	10.7182	0	-1.49888e-07	2.39516e-06	0	2.39985	2.39985e+06	
27600	43.8335	11.0814	0	1.18855e-06	2.92378e-06	0	3.15613	3.15613e+06	
27700	43.9811	11.4446	0	1.18855e-06	2.92378e-06	0	3.15613	3.15613e+06	
27800	44.1288	11.8078	0	1.18855e-06	2.92378e-06	0	3.15613	3.15613e+06	
27900	44.2764	12.171	0	1.18855e-06	2.92378e-06	0	3.15613	3.15613e+06	
28000	44.4241	12.5342	0	1.18855e-06	2.92378e-06	0	3.15613	3.15613e+06	
28100	44.8241	12.6923	0	3.22e-06	1.27233e-06	0	3.46226	3.46226e+06	
28200	45.2241	12.8503	0	3.22e-06	1.27233e-06	0	3.46226	3.46226e+06	
28300	45.6241	13.0084	0	3.22e-06	1.27233e-06	0	3.46226	3.46226e+06	
28400	46.0241	13.1665	0	3.22e-06	1.27233e-06	0	3.46226	3.46226e+06	
28500	46.4241	13.3245	0	3.22e-06	1.27233e-06	0	3.46226	3.46226e+06	
28600	46.5097	13.7245	0	6.8929e-07	3.22e-06	0	3.29295	3.29295e+06	
28700	46.5953	14.1245	0	6.8929e-07	3.22e-06	0	3.29295	3.29295e+06	
28800	46.6809	14.5245	0	6.8929e-07	3.22e-06	0	3.29295	3.29295e+06	
28900	46.7666	14.9245	0	6.8929e-07	3.22e-06	0	3.29295	3.29295e+06	
29000	46.8522	15.3245	0	6.8929e-07	3.22e-06	0	3.29295	3.29295e+06	
29100	46.8195	15.7245	0	-2.63047e-07	3.22e-06	0	3.23073	3.23073e+06	
29200	46.7868	16.1245	0	-2.63047e-07	3.22e-06	0	3.23073	3.23073e+06	
29300	46.7542	16.5245	0	-2.63047e-07	3.22e-06	0	3.23073	3.23073e+06	
29400	46.7215	16.9245	0	-2.63047e-07	3.22e-06	0	3.23073	3.23073e+06	
29500	46.6888	17.3245	0	-2.63047e-07	3.22e-06	0	3.23073	3.23073e+06	
29600	46.7993	17.7245	0	8.89395e-07	3.22e-06	0	3.34057	3.34057e+06	
29700	46.9098	18.1245	0	8.89395e-07	3.22e-06	0	3.34057	3.34057e+06	
29800	47.0203	18.5245	0	8.89395e-07	3.22e-06	0	3.34057	3.34057e+06	
29900	47.1308	18.9245	0	8.89395e-07	3.22e-06	0	3.34057	3.34057e+06	
30000	47.2412	19.3245	0	8.89395e-07	3.22e-06	0	3.34057	3.34057e+06	
30100	47.0214	19.7245	0	-1.76984e-06	3.22e-06	0	3.67433	3.67433e+06	
30200	46.8015	20.1245	0	-1.76984e-06	3.22e-06	0	3.67433	3.67433e+06	
30300	46.5817	20.5245	0	-1.76984e-06	3.22e-06	0	3.67433	3.67433e+06	
30400	46.3618	20.9245	0	-1.76984e-06	3.22e-06	0	3.67433	3.67433e+06	
30500	46.142	21.3245	0	-1.76984e-06	3.22e-06	0	3.67433	3.67433e+06	
30600	45.7639	21.6109	0	-3.04364e-06	2.30548e-06	0	3.81824	3.81824e+06	
30700	45.3858	21.8973	0	-3.04364e-06	2.30548e-06	0	3.81824	3.81824e+06	
30800	45.0077	22.1837	0	-3.04364e-06	2.30548e-06	0	3.81824	3.81824e+06	
30900	44.6296	22.4701	0	-3.04364e-06	2.30548e-06	0	3.81824	3.81824e+06	
31000	44.2515	22.7565	0	-3.04364e-06	2.30548e-06	0	3.81824	3.81824e+06	
31100	43.8515	23.1565	0	-3.22e-06	3.22e-06	0	4.55377	4.55377e+06	
31200	43.4515	23.5565	0	-3.22e-06	3.22e-06	0	4.55377	4.55377e+06	
31300	43.0515	23.9565	0	-3.22e-06	3.22e-06	0	4.55377	4.55377e+06	
31400	42.6772	24.3747	0	-3.22e-06	3.22e-06	0	4.55377	4.55377e+06	
31500	42.3009	24.7978	0	-3.22e-06	3.22e-06	0	4.55377	4.55377e+06	
31600	41.9016	25.1974	0	-3.22e-06	3.20958e-06	0	4.54641	4.54641e+06	
31700	41.5089	25.6025	0	-3.22e-06	3.20958e-06	0	4.54641	4.54641e+06	
31800	41.1118	26.0046	0	-3.22e-06	3.20958e-06	0	4.54641	4.54641e+06	
31900	40.7131	26.4043	0	-3.22e-06	3.20958e-06	0	4.54641	4.54641e+06	
32000	40.318	26.8081	0	-3.22e-06	3.20958e-06	0	4.54641	4.54641e+06	
32100	39.986	26.9062	0	-3.22e-06	-1.43189e-07	0	3.22318	3.22318e+06	
32200	39.6547	27.0509	0	-3.22e-06	-1.43189e-07	0	3.22318	3.22318e+06	
32300	39.2809	27.1456	0	-3.22e-06	-1.43189e-07	0	3.22318	3.22318e+06	
32400	38.8841	27.1828	0	-3.22e-06	-1.43189e-07	0	3.22318	3.22318e+06	
32500	38.6833	27.3161	0	-3.22e-06	-1.43189e-07	0	3.22318	3.22318e+06	
32600	38.3334	27.7611	0	-3.22e-06	3.22e-06	0	4.55377	4.55377e+06	
32700	37.9345	28.1626	0	-3.22e-06	3.22e-06	0	4.55377	4.55377e+06	
32800	37.5413	28.5684	0	-3.22e-06	3.22e-06	0	4.55377	4.55377e+06	
32900	37.1449	28.9726	0	-3.22e-06	3.22e-06	0	4.55377	4.55377e+06	
33000	36.7449	29.3726	0	-3.22e-06	3.22e-06	0	4.55377	4.55377e+06	
33100	36.3449	29.7726	0	-3.22e-06	3.22e-06	0	4.55377	4.55377e+06	
33200	35.9449	30.1726	0	-3.22e-06	3.22e-06	0	4.55377	4.55377e+06	
33300	35.5449	30.5726	0	-3.22e-06	3.22e-06	0	4.55377	4.55377e+06	
33400	35.1449	30.9726	0	-3.22e-06	3.22e-06	0	4.55377	4.55377e+06	
33500	34.7449	31.3726	0	-3.22e-06	3.22e-06	0	4.55377	4.55377e+06	
33600	34.3449	31.6719	0	-3.22e-06	2.40946e-06	0	4.02168	4.02168e+06	
33700	33.9449	31.9712	0	-3.22e-06	2.40946e-06	0	4.02168	4.02168e+06	
33800	33.5449	32.2706	0	-3.22e-06	2.40946e-06	0	4.02168	4.02168e+06	
33900	33.1449	32.5699	0	-3.22e-06	2.40946e-06	0	4.02168	4.02168e+06	
34000	32.7449	32.8692	0	-3.22e-06	2.40946e-06	0	4.02168	4.02168e+06	
34100	32.3449	32.6821	0	-3.22e-06	-1.50579e-06	0	3.55469	3.55469e+06	
34200	31.9449	32.4951	0	-3.22e-06	-1.50579e-06	0	3.55469	3.55469e+06	
34300	31.5449	32.308	0	-3.22e-06	-1.50579e-06	0	3.55469	3.55469e+06	
34400	31.1449	32.121	0	-3.22e-06	-1.50579e-06	0	3.55469	3.55469e+06	
34500	30.7449	31.9339	0	-3.22e-06	-1.50579e-06	0	3.55469	3.55469e+06	
34600	30.421	31.5339	0	-2.60742e-06	-3.22e-06	0	4.14332	4.14332e+06	
34700	30.0971	31.1339	0	-2.60742e-06	-3.22e-06	0	4.14332	4.14332e+06	
34800	29.7732	30.7339	0	-2.60742e-06	-3.22e-06	0	4.14332	4.14332e+06	
34900	29.4493	30.3339	0	-2.60742e-06	-3.22e-06	0	4.14332	4.14332e+06	
35000	29.1254	29.9339	0	-2.60742e-06	-3.22e-06	0	4.14332	4.14332e+06	
35100	28.7254	30.0549	0	-3.22e-06	9.73613e-07	0	3.36397	3.36397e+06	
35200	28.3254	30.1758	0	-3.22e-06	9.73613e-07	0	3.36397	3.36397e+06	
35300	27.9254	30.2967	0	-3.22e-06	9.73613e-07	0	3.36397	3.36397e+06	
35400	27.5254	30.4177	0	-3.22e-06	9.73613e-07	0	3.36397	3.36397e+06	
35500	27.1254	30.5386	0	-3.22e-06	9.73613e-07	0	3.36397	3.36397e+06	
35600	27.4718	30.1386	0	2.78862e-06	-3.22e-06	0	4.25967	4.25967e+06	
35700	27.8182	29.7386	0	2.78862e-06	-3.22e-06	0	4.25967	4.25967e+06	
35800	28.1646	29.3386	0	2.78862e-06	-3.22e-06	0	4.25967	4.25967e+06	
35900	28.511	28.9386	0	2.78862e-06	-3.22e-06	0	4.25967	4.25967e+06	
36000	28.8575	28.5386	0	2.78862e-06	-3.22e-06	0	4.25967	4.25967e+06	
36100	28.5341	28.4952	0	-2.603e-06	-3.50031e-07	0	2.62643	2.62643e+06	
36200	28.2107	28.4517	0	-2.603e-06	-3.50031e-07	0	2.62643	2.62643e+06	
36300	27.8874	28.4082	0	-2.603e-06	-3.50031e-07	0	2.62643	2.62643e+06	
36400	27.564	28.3647	0	-2.603e-06	-3.50031e-07	0	2.62643	2.62643e+06	
36500	27.2407	28.3212	0	-2.603e-06	-3.50031e-07	0	2.62643	2.62643e+06	
36600	27.3994	28.4077	0	1.27802e-06	6.96445e-07	0	1.45546	1.45546e+06	
36700	27.5582	28.4943	0	1.27802e-06	6.96445e-07	0	1.45546	1.45546e+06	
36800	27.717	28.5808	0	1.27802e-06	6.96445e-07	0	1.45546	1.45546e+06	
36900	27.8757	28.6673	0	1.27802e-06	6.96445e-07	0	1.45546	1.45546e+06	
37000	28.0345	28.7538	0	1.27802e-06	6.96445e-07	0	1.45546	1.45546e+06	
37100	27.7174	28.8744	0	-2.55237e-06	9.70655e-07	0	2.73071	2.73071e+06	
37200	27.4004	28.995	0	-2.55237e-06	9.70655e-07	0	2.73071	2.73071e+06	
37300	27.0833	29.1155	0	-2.55237e-06	9.70655e-07	0	2.73071	2.73071e+06	
37400	26.7662	29.2361	0	-2.55237e-06	9.70655e-07	0	2.73071	2.73071e+06	
37500	26.4492	29.3567	0	-2.55237e-06	9.70655e-07	0	2.73071	2.73071e+06	
37600	26.4097	29.2122	0	-3.17671e-07	-1.1632e-06	0	1.2058	1.2058e+06	
37700	26.3702	29.0677	0	-3.17671e-07	-1.1632e-06	0	1.2058	1.2058e+06	
37800	26.3308	28.9232	0	-3.17671e-07	-1.1632e-06	0	1.2058	1.2058e+06	
37900	26.2913	28.7787	0	-3.17671e-07	-1.1632e-06	0	1.2058	1.2058e+06	
38000	26.2518	28.6342	0	-3.17671e-07	-1.1632e-06	0	1.2058	1.2058e+06	
38100	26.3942	28.5128	0	1.14587e-06	-9.7717e-07	0	1.50595	1.50595e+06	
38200	26.5365	28.3914	0	1.14587e-06	-9.7717e-07	0	1.50595	1.50595e+06	
38300	26.6789	28.27	0	1.14587e-06	-9.7717e-07	0	1.50595	1.50595e+06	
38400	26.8212	28.1487	0	1.14587e-06	-9.7717e-07	0	1.50595	1.50595e+06	
38500	26.9636	28.0273	0	1.14587e-06	-9.7717e-07	0	1.50595	1.50595e+06	
38600	27.2798	28.1586	0	2.54603e-06	1.05692e-06	0	2.75669	2.75669e+06	
38700	27.5961	28.2899	0	2.54603e-06	1.05692e-06	0	2.75669	2.75669e+06	
38800	27.9124	28.4212	0	2.54603e-06	1.05692e-06	0	2.75669	2.75669e+06	
38900	28.2287	28.5524	0	2.54603e-06	1.05692e-06	0	2.75669	2.75669e+06	
39000	28.545	28.6837	0	2.54603e-06	1.05692e-06	0	2.75669	2.75669e+06	
39100	28.945	28.3503	0	3.22e-06	-2.68448e-06	0	4.19223	4.19223e+06	
39200	29.345	28.0168	0	3.22e-06	-2.68448e-06	0	4.19223	4.19223e+06	
39300	29.745	27.6833	0	3.22e-06	-2.68448e-06	0	4.19223	4.19223e+06	
39400	30.145	27.3498	0	3.22e-06	-2.68448e-06	0	4.19223	4.19223e+06	
39500	30.545	27.0164	0	3.22e-06	-2.68448e-06	0	4.19223	4.19223e+06	
39600	30.7062	26.7203	0	1.29774e-06	-2.38359e-06	0	2.71397	2.71397e+06	
39700	30.8674	26.4242	0	1.29774e-06	-2.38359e-06	0	2.71397	2.71397e+06	
39800	31.0286	26.1281	0	1.29774e-06	-2.38359e-06	0	2.71397	2.71397e+06	
39900	31.1356	25.9535	0	1.29774e-06	-2.38359e-06	0	2.71397	2.71397e+06	
40000	31.163	25.9654	0	1.29774e-06	-2.38359e-06	0	2.71397	2.71397e+06	
40100	31.3569	26.0423	0	2.33516e-06	-1.46097e-06	0	2.75452	2.75452e+06	
40200	31.5846	26.1026	0	2.33516e-06	-1.46097e-06	0	2.75452	2.75452e+06	
40300	31.8384	26.1404	0	2.33516e-06	-1.46097e-06	0	2.75452	2.75452e+06	
40400	31.8652	26.1465	0	2.33516e-06	-1.46097e-06	0	2.75452	2.75452e+06	
40500	31.8652	26.1465	0	2.33516e-06	-1.46097e-06	0	2.75452	2.75452e+06	
40600	31.8716	26.1443	0	3.22e-06	-1.69737e-06	0	3.63998	3.63998e+06	
40700	31.8716	26.1443	0	3.22e-06	-1.69737e-06	0	3.63998	3.63998e+06	
40800	31.8716	26.1443	0	3.22e-06	-1.69737e-06	0	3.63998	3.63998e+06	
40900	31.8716	26.1443	0	3.22e-06	-1.69737e-06	0	3.63998	3.63998e+06	
41000	31.8716	26.1443	0	3.22e-06	-1.69737e-06	0	3.63998	3.63998e+06	
41100	31.8783	26.2182	0	3.22e-06	4.49718e-08	0	3.22031	3.22031e+06	
41200	31.8843	26.2708	0	3.22e-06	4.49718e-08	0	3.22031	3.22031e+06	
41300	31.893	26.3321	0	3.22e-06	4.49718e-08	0	3.22031	3.22031e+06	
41400	31.9057	26.4054	0	3.22e-06	4.49718e-08	0	3.22031	3.22031e+06	
41500	31.9244	26.4928	0	3.22e-06	4.49718e-08	0	3.22031	3.22031e+06	
41600	31.8753	26.1682	0	3.22e-06	-3.22e-06	0	4.55377	4.55377e+06	
41700	31.8701	26.1299	0	3.22e-06	-3.22e-06	0	4.55377	4.55377e+06	
41800	31.8701	26.1299	0	3.22e-06	-3.22e-06	0	4.55377	4.55377e+06	
41900	31.8701	26.1299	0	3.22e-06	-3.22e-06	0	4.55377	4.55377e+06	
42000	31.8701	26.1299	0	3.22e-06	-3.22e-06	0	4.55377	4.55377e+06	
42100	31.8745	26.1771	0	3.22e-06	-4.84235e-07	0	3.25621	3.25621e+06	
42200	31.875	26.182	0	3.22e-06	-4.84235e-07	0	3.25621	3.25621e+06	
42300	31.8752	26.1834	0	3.22e-06	-4.84235e-07	0	3.25621	3.25621e+06	
42400	31.8752	26.1839	0	3.22e-06	-4.84235e-07	0	3.25621	3.25621e+06	
42500	31.8752	26.184	0	3.22e-06	-4.84235e-07	0	3.25621	3.25621e+06	
42600	31.9002	26.4313	0	2.22875e-06	1.68662e-06	0	2.795	2.795e+06	
42700	31.9694	26.6968	0	2.22875e-06	1.68662e-06	0	2.795	2.795e+06	
42800	32.0822	26.9749	0	2.22875e-06	1.68662e-06	0	2.795	2.795e+06	
42900	32.2433	27.2538	0	2.22875e-06	1.68662e-06	0	2.795	2.795e+06	
43000	32.452	27.5195	0	2.22875e-06	1.68662e-06	0	2.795	2.795e+06	
43100	32.5784	27.7898	0	1.07685e-06	2.11481e-06	0	2.37319	2.37319e+06	
43200	32.7121	28.0525	0	1.07685e-06	2.11481e-06	0	2.37319	2.37319e+06	
43300	32.8459	28.3152	0	1.07685e-06	2.11481e-06	0	2.37319	2.37319e+06	
43400	32.9797	28.5779	0	1.07685e-06	2.11481e-06	0	2.37319	2.37319e+06	
43500	33.1134	28.8406	0	1.07685e-06	2.11481e-06	0	2.37319	2.37319e+06	
43600	32.9405	29.2406	0	-1.39252e-06	3.22e-06	0	3.50821	3.50821e+06	
43700	32.7675	29.6406	0	-1.39252e-06	3.22e-06	0	3.50821	3.50821e+06	
43800	32.5945	30.0406	0	-1.39252e-06	3.22e-06	0	3.50821	3.50821e+06	
43900	32.4215	30.4406	0	-1.39252e-06	3.22e-06	0	3.50821	3.50821e+06	
44000	32.2485	30.8406	0	-1.39252e-06	3.22e-06	0	3.50821	3.50821e+06	
44100	32.0745	31.2406	0	-1.40078e-06	3.22e-06	0	3.51149	3.51149e+06	
44200	31.9005	31.6406	0	-1.40078e-06	3.22e-06	0	3.51149	3.51149e+06	
44300	31.7265	32.0406	0	-1.40078e-06	3.22e-06	0	3.51149	3.51149e+06	
44400	31.5525	32.4406	0	-1.40078e-06	3.22e-06	0	3.51149	3.51149e+06	
44500	31.3785	32.8406	0	-1.40078e-06	3.22e-06	0	3.51149	3.51149e+06	
44600	31.261	33.0085	0	-9.45395e-07	1.35152e-06	0	1.64935	1.64935e+06	
44700	31.1436	33.1764	0	-9.45395e-07	1.35152e-06	0	1.64935	1.64935e+06	
44800	31.0261	33.3443	0	-9.45395e-07	1.35152e-06	0	1.64935	1.64935e+06	
44900	30.9087	33.5122	0	-9.45395e-07	1.35152e-06	0	1.64935	1.64935e+06	
45000	30.7913	33.6801	0	-9.45395e-07	1.35152e-06	0	1.64935	1.64935e+06	
45100	31.135	33.7299	0	2.76707e-06	4.01002e-07	0	2.79598	2.79598e+06	
45200	31.4787	33.7797	0	2.76707e-06	4.01002e-07	0	2.79598	2.79598e+06	
45300	31.8225	33.8295	0	2.76707e-06	4.01002e-07	0	2.79598	2.79598e+06	
45400	32.1662	33.8793	0	2.76707e-06	4.01002e-07	0	2.79598	2.79598e+06	
45500	32.5099	33.9292	0	2.76707e-06	4.01002e-07	0	2.79598	2.79598e+06	
45600	32.2044	34.1297	0	-2.45995e-06	1.61407e-06	0	2.94221	2.94221e+06	
45700	31.8988	34.3302	0	-2.45995e-06	1.61407e-06	0	2.94221	2.94221e+06	
45800	31.5932	34.5307	0	-2.45995e-06	1.61407e-06	0	2.94221	2.94221e+06	
45900	31.2876	34.7312	0	-2.45995e-06	1.61407e-06	0	2.94221	2.94221e+06	
46000	30.982	34.9317	0	-2.45995e-06	1.61407e-06	0	2.94221	2.94221e+06	
46100	31.382	34.9685	0	3.22e-06	2.96002e-07	0	3.23358	3.23358e+06	
46200	31.782	35.0052	0	3.22e-06	2.96002e-07	0	3.23358	3.23358e+06	
46300	32.182	35.042	0	3.22e-06	2.96002e-07	0	3.23358	3.23358e+06	
46400	32.582	35.0788	0	3.22e-06	2.96002e-07	0	3.23358	3.23358e+06	
46500	32.982	35.1155	0	3.22e-06	2.96002e-07	0	3.23358	3.23358e+06	
46600	33.1003	35.1583	0	9.52375e-07	3.44128e-07	0	1.01264	1.01264e+06	
46700	33.2186	35.201	0	9.52375e-07	3.44128e-07	0	1.01264	1.01264e+06	
46800	33.3369	35.2438	0	9.52375e-07	3.44128e-07	0	1.01264	1.01264e+06	
46900	33.4552	35.2865	0	9.52375e-07	3.44128e-07	0	1.01264	1.01264e+06	
47000	33.5736	35.3293	0	9.52375e-07	3.44128e-07	0	1.01264	1.01264e+06	
47100	33.4356	35.2217	0	-1.11054e-06	-8.6626e-07	0	1.40844	1.40844e+06	
47200	33.2976	35.1141	0	-1.11054e-06	-8.6626e-07	0	1.40844	1.40844e+06	
47300	33.1597	35.0064	0	-1.11054e-06	-8.6626e-07	0	1.40844	1.40844e+06	
47400	33.0217	34.8988	0	-1.11054e-06	-8.6626e-07	0	1.40844	1.40844e+06	
47500	32.8838	34.7912	0	-1.11054e-06	-8.6626e-07	0	1.40844	1.40844e+06	
47600	32.8429	34.4031	0	-3.29303e-07	-3.12457e-06	0	3.14187	3.14187e+06	
47700	32.802	34.0149	0	-3.29303e-07	-3.12457e-06	0	3.14187	3.14187e+06	
47800	32.7611	33.6268	0	-3.29303e-07	-3.12457e-06	0	3.14187	3.14187e+06	
47900	32.7202	33.2386	0	-3.29303e-07	-3.12457e-06	0	3.14187	3.14187e+06	
48000	32.6792	32.8505	0	-3.29303e-07	-3.12457e-06	0	3.14187	3.14187e+06	
48100	32.4959	32.5648	0	-1.47561e-06	-2.30012e-06	0	2.73276	2.73276e+06	
48200	32.3126	32.279	0	-1.47561e-06	-2.30012e-06	0	2.73276	2.73276e+06	
48300	32.1293	31.9933	0	-1.47561e-06	-2.30012e-06	0	2.73276	2.73276e+06	
48400	31.946	31.7076	0	-1.47561e-06	-2.30012e-06	0	2.73276	2.73276e+06	
48500	31.7627	31.4219	0	-1.47561e-06	-2.30012e-06	0	2.73276	2.73276e+06	
48600	31.6698	31.3667	0	-7.47826e-07	-4.44273e-07	0	0.86984	869840	
48700	31.5769	31.3115	0	-7.47826e-07	-4.44273e-07	0	0.86984	869840	
48800	31.484	31.2563	0	-7.47826e-07	-4.44273e-07	0	0.86984	869840	
48900	31.3911	31.2011	0	-7.47826e-07	-4.44273e-07	0	0.86984	869840	
49000	31.2982	31.1459	0	-7.47826e-07	-4.44273e-07	0	0.86984	869840	
49100	31.4253	31.3004	0	1.02269e-06	1.2436e-06	0	1.6101	1.6101e+06	
49200	31.5523	31.4549	0	1.02269e-06	1.2436e-06	0	1.6101	1.6101e+06	
49300	31.6794	31.6094	0	1.02269e-06	1.2436e-06	0	1.6101	1.6101e+06	
49400	31.8064	31.7638	0	1.02269e-06	1.2436e-06	0	1.6101	1.6101e+06	
49500	31.9334	31.9183	0	1.02269e-06	1.2436e-06	0	1.6101	1.6101e+06	
49600	31.6904	31.544	0	-1.95675e-06	-3.01356e-06	0	3.59311	3.59311e+06	
49700	31.4473	31.1696	0	-1.95675e-06	-3.01356e-06	0	3.59311	3.59311e+06	
49800	31.2042	30.7953	0	-1.95675e-06	-3.01356e-06	0	3.59311	3.59311e+06	
49900	30.9611	30.4209	0	-1.95675e-06	-3.01356e-06	0	3.59311	3.59311e+06	
50000	30.7181	30.0465	0	-1.95675e-06	-3.01356e-06	0	3.59311	3.59311e+06	
