0	24	52	0	-3.22e-06	-1.38224e-06	0	3.50414	3.50414e+06	
100	23.6	51.7158	0	-3.22e-06	-2.28811e-06	0	3.95017	3.95017e+06	
200	23.2	51.4315	0	-3.22e-06	-2.28811e-06	0	3.95017	3.95017e+06	
300	22.8	51.1473	0	-3.22e-06	-2.28811e-06	0	3.95017	3.95017e+06	
400	22.4	50.8631	0	-3.22e-06	-2.28811e-06	0	3.95017	3.95017e+06	
500	22	50.5788	0	-3.22e-06	-2.28811e-06	0	3.95017	3.95017e+06	
600	21.6	50.2771	0	-3.22e-06	-2.42893e-06	0	4.03337	4.03337e+06	
700	21.2	49.9754	0	-3.22e-06	-2.42893e-06	0	4.03337	4.03337e+06	
800	20.8	49.6736	0	-3.22e-06	-2.42893e-06	0	4.03337	4.03337e+06	
900	20.4	49.3719	0	-3.22e-06	-2.42893e-06	0	4.03337	4.03337e+06	
1000	20.0018	49.1386	0	-3.22e-06	-2.42893e-06	0	4.03337	4.03337e+06	
1100	19.5703	49.0958	0	-3.22e-06	-3.22e-06	0	4.55377	4.55377e+06	
1200	19.211	49.1204	0	-3.22e-06	-3.22e-06	0	4.55377	4.55377e+06	
1300	18.8162	49.1265	0	-3.22e-06	-3.22e-06	0	4.55377	4.55377e+06	
1400	18.3568	49.0417	0	-3.22e-06	-3.22e-06	0	4.55377	4.55377e+06	
1500	17.8726	48.8338	0	-3.22e-06	-3.22e-06	0	4.55377	4.55377e+06	
1600	17.4192	48.5038	0	-3.22e-06	-3.22e-06	0	4.55377	4.55377e+06	
1700	17.0114	48.1104	0	-3.22e-06	-3.22e-06	0	4.55377	4.55377e+06	
1800	16.6114	47.7104	0	-3.22e-06	-3.22e-06	0	4.55377	4.55377e+06	
1900	16.2114	47.3104	0	-3.22e-06	-3.22e-06	0	4.55377	4.55377e+06	
2000	15.8114	46.9104	0	-3.22e-06	-3.22e-06	0	4.55377	4.55377e+06	
2100	15.4114	46.5104	0	-3.22e-06	-3.22e-06	0	4.55377	4.55377e+06	
2200	15.0114	46.1104	0	-3.22e-06	-3.22e-06	0	4.55377	4.55377e+06	
2300	14.6114	45.7104	0	-3.22e-06	-3.22e-06	0	4.55377	4.55377e+06	
2400	14.2114	45.3104	0	-3.22e-06	-3.22e-06	0	4.55377	4.55377e+06	
2500	13.8114	44.9104	0	-3.22e-06	-3.22e-06	0	4.55377	4.55377e+06	
2600	13.4114	44.5104	0	-3.22e-06	-3.22e-06	0	4.55377	4.55377e+06	
2700	13.0114	44.1104	0	-3.22e-06	-3.22e-06	0	4.55377	4.55377e+06	
2800	12.6114	43.7104	0	-3.22e-06	-3.22e-06	0	4.55377	4.55377e+06	
2900	12.2114	43.3104	0	-3.22e-06	-3.22e-06	0	4.55377	4.55377e+06	
3000	11.8114	42.9104	0	-3.22e-06	-3.22e-06	0	4.55377	4.55377e+06	
3100	11.4114	42.5104	0	-3.22e-06	-3.22e-06	0	4.55377	4.55377e+06	
3200	11.0114	42.1104	0	-3.22e-06	-3.22e-06	0	4.55377	4.55377e+06	
3300	10.6114	41.7104	0	-3.22e-06	-3.22e-06	0	4.55377	4.55377e+06	
3400	10.2114	41.3104	0	-3.22e-06	-3.22e-06	0	4.55377	4.55377e+06	
3500	9.81141	40.9104	0	-3.22e-06	-3.22e-06	0	4.55377	4.55377e+06	
3600	9.57964	40.5104	0	-1.86578e-06	-3.22e-06	0	3.7215	3.7215e+06	
3700	9.34787	40.1104	0	-1.86578e-06	-3.22e-06	0	3.7215	3.7215e+06	
3800	9.13667	39.7082	0	-1.86578e-06	-3.22e-06	0	3.7215	3.7215e+06	
3900	9.0359	39.2774	0	-1.86578e-06	-3.22e-06	0	3.7215	3.7215e+06	
4000	8.86066	38.8519	0	-1.86578e-06	-3.22e-06	0	3.7215	3.7215e+06	
4100	8.59906	38.5621	0	-3.10703e-06	-1.56962e-06	0	3.481	3.481e+06	
4200	8.30113	38.2732	0	-3.10703e-06	-1.56962e-06	0	3.481	3.481e+06	
4300	7.9494	38.0279	0	-3.10703e-06	-1.56962e-06	0	3.481	3.481e+06	
4400	7.7287	37.7277	0	-3.10703e-06	-1.56962e-06	0	3.481	3.481e+06	
4500	7.46839	37.4226	0	-3.10703e-06	-1.56962e-06	0	3.481	3.481e+06	
4600	7.22277	37.0443	0	-2.06439e-06	-2.94723e-06	0	3.59832	3.59832e+06	
4700	6.96633	36.6781	0	-2.06439e-06	-2.94723e-06	0	3.59832	3.59832e+06	
4800	6.70988	36.312	0	-2.06439e-06	-2.94723e-06	0	3.59832	3.59832e+06	
4900	6.45344	35.9459	0	-2.06439e-06	-2.94723e-06	0	3.59832	3.59832e+06	
5000	6.19699	35.5798	0	-2.06439e-06	-2.94723e-06	0	3.59832	3.59832e+06	
5100	6.07748	35.5778	0	-9.62089e-07	-1.5857e-08	0	0.96222	962220	
5200	5.95796	35.5758	0	-9.62089e-07	-1.5857e-08	0	0.96222	962220	
5300	5.83845	35.5739	0	-9.62089e-07	-1.5857e-08	0	0.96222	962220	
5400	5.71893	35.5719	0	-9.62089e-07	-1.5857e-08	0	0.96222	962220	
5500	5.59942	35.5699	0	-9.62089e-07	-1.5857e-08	0	0.96222	962220	
5600	5.31226	35.649	0	-2.31167e-06	6.36594e-07	0	2.39772	2.39772e+06	
5700	5.02509	35.7281	0	-2.31167e-06	6.36594e-07	0	2.39772	2.39772e+06	
5800	4.73793	35.8072	0	-2.31167e-06	6.36594e-07	0	2.39772	2.39772e+06	
5900	4.45307	35.8764	0	-2.31167e-06	6.36594e-07	0	2.39772	2.39772e+06	
6000	4.18146	35.8489	0	-2.31167e-06	6.36594e-07	0	2.39772	2.39772e+06	
6100	4.01046	35.4434	0	-1.38011e-06	-3.22e-06	0	3.5033	3.5033e+06	
6200	3.83901	35.0434	0	-1.38011e-06	-3.22e-06	0	3.5033	3.5033e+06	
6300	3.66757	34.6434	0	-1.38011e-06	-3.22e-06	0	3.5033	3.5033e+06	
6400	3.49613	34.2434	0	-1.38011e-06	-3.22e-06	0	3.5033	3.5033e+06	
6500	3.32469	33.8434	0	-1.38011e-06	-3.22e-06	0	3.5033	3.5033e+06	
6600	3.26608	33.4434	0	-4.7181e-07	-3.22e-06	0	3.25438	3.25438e+06	
6700	3.20747	33.0434	0	-4.7181e-07	-3.22e-06	0	3.25438	3.25438e+06	
6800	3.14886	32.6434	0	-4.7181e-07	-3.22e-06	0	3.25438	3.25438e+06	
6900	3.09025	32.2434	0	-4.7181e-07	-3.22e-06	0	3.25438	3.25438e+06	
7000	3.03164	31.8434	0	-4.7181e-07	-3.22e-06	0	3.25438	3.25438e+06	
7100	2.96067	31.4434	0	-5.7127e-07	-3.22e-06	0	3.27028	3.27028e+06	
7200	2.88971	31.0434	0	-5.7127e-07	-3.22e-06	0	3.27028	3.27028e+06	
7300	2.81874	30.6434	0	-5.7127e-07	-3.22e-06	0	3.27028	3.27028e+06	
7400	2.74778	30.2434	0	-5.7127e-07	-3.22e-06	0	3.27028	3.27028e+06	
7500	2.67681	29.8434	0	-5.7127e-07	-3.22e-06	0	3.27028	3.27028e+06	
7600	2.49372	29.4434	0	-1.47385e-06	-3.22e-06	0	3.54128	3.54128e+06	
7700	2.31064	29.0434	0	-1.47385e-06	-3.22e-06	0	3.54128	3.54128e+06	
7800	2.12755	28.6434	0	-1.47385e-06	-3.22e-06	0	3.54128	3.54128e+06	
7900	1.94446	28.2434	0	-1.47385e-06	-3.22e-06	0	3.54128	3.54128e+06	
8000	1.76138	27.8434	0	-1.47385e-06	-3.22e-06	0	3.54128	3.54128e+06	
8100	1.48038	27.4434	0	-2.26201e-06	-3.22e-06	0	3.93511	3.93511e+06	
8200	1.20025	27.0434	0	-2.26201e-06	-3.22e-06	0	3.93511	3.93511e+06	
8300	1.11291	26.6264	0	-2.26201e-06	-3.22e-06	0	3.93511	3.93511e+06	
8400	1.1224	26.2473	0	-2.26201e-06	-3.22e-06	0	3.93511	3.93511e+06	
8500	1.1366	25.8564	0	-2.26201e-06	-3.22e-06	0	3.93511	3.93511e+06	
8600	1.09017	25.4309	0	-3.22e-06	-3.22e-06	0	4.55377	4.55377e+06	
8700	1.13033	25.0809	0	-3.22e-06	-3.22e-06	0	4.55377	4.55377e+06	
8800	1.10939	24.661	0	-3.22e-06	-3.22e-06	0	4.55377	4.55377e+06	
8900	1.11182	24.2814	0	-3.22e-06	-3.22e-06	0	4.55377	4.55377e+06	
9000	1.13125	23.902	0	-3.22e-06	-3.22e-06	0	4.55377	4.55377e+06	
9100	1.10237	23.4845	0	-1.70386e-06	-3.22e-06	0	3.64301	3.64301e+06	
9200	1.14016	23.1131	0	-1.70386e-06	-3.22e-06	0	3.64301	3.64301e+06	
9300	1.13047	22.7063	0	-1.70386e-06	-3.22e-06	0	3.64301	3.64301e+06	
9400	1.11813	22.3122	0	-1.70386e-06	-3.22e-06	0	3.64301	3.64301e+06	
9500	1.14489	21.927	0	-1.70386e-06	-3.22e-06	0	3.64301	3.64301e+06	
9600	1.11597	21.6635	0	-2.30781e-06	-1.92824e-06	0	3.00735	3.00735e+06	
9700	1.09904	21.4164	0	-2.30781e-06	-1.92824e-06	0	3.00735	3.00735e+06	
9800	1.12645	21.2201	0	-2.30781e-06	-1.92824e-06	0	3.00735	3.00735e+06	
9900	1.13931	20.9965	0	-2.30781e-06	-1.92824e-06	0	3.00735	3.00735e+06	
10000	1.12584	20.741	0	-2.30781e-06	-1.92824e-06	0	3.00735	3.00735e+06	
10100	1.12848	20.7942	0	-2.37224e-06	6.87698e-07	0	2.46991	2.46991e+06	
10200	1.13357	20.8549	0	-2.37224e-06	6.87698e-07	0	2.46991	2.46991e+06	
10300	1.13733	20.9248	0	-2.37224e-06	6.87698e-07	0	2.46991	2.46991e+06	
10400	1.13884	21.0051	0	-2.37224e-06	6.87698e-07	0	2.46991	2.46991e+06	
10500	1.1369	21.0974	0	-2.37224e-06	6.87698e-07	0	2.46991	2.46991e+06	
10600	1.13651	20.8609	0	-2.23852e-06	-1.8872e-06	0	2.92788	2.92788e+06	
10700	1.10667	20.5972	0	-2.23852e-06	-1.8872e-06	0	2.92788	2.92788e+06	
10800	1.10577	20.3743	0	-2.23852e-06	-1.8872e-06	0	2.92788	2.92788e+06	
10900	1.13122	20.1781	0	-2.23852e-06	-1.8872e-06	0	2.92788	2.92788e+06	
11000	1.13975	19.9532	0	-2.23852e-06	-1.8872e-06	0	2.92788	2.92788e+06	
11100	1.15758	19.6099	0	-3.75647e-07	-2.7279e-06	0	2.75364	2.75364e+06	
11200	1.1483	19.2745	0	-3.75647e-07	-2.7279e-06	0	2.75364	2.75364e+06	
11300	1.17238	18.9395	0	-3.75647e-07	-2.7279e-06	0	2.75364	2.75364e+06	
11400	1.15946	18.5977	0	-3.75647e-07	-2.7279e-06	0	2.75364	2.75364e+06	
11500	1.14982	18.2625	0	-3.75647e-07	-2.7279e-06	0	2.75364	2.75364e+06	
11600	1.20908	18.1436	0	2.83969e-07	-9.77117e-07	0	1.01754	1.01754e+06	
11700	1.24773	18.0224	0	2.83969e-07	-9.77117e-07	0	1.01754	1.01754e+06	
11800	1.28359	17.901	0	2.83969e-07	-9.77117e-07	0	1.01754	1.01754e+06	
11900	1.31895	17.7796	0	2.83969e-07	-9.77117e-07	0	1.01754	1.01754e+06	
12000	1.35423	17.6583	0	2.83969e-07	-9.77117e-07	0	1.01754	1.01754e+06	
12100	1.21858	17.5975	0	-1.09323e-06	-4.88731e-07	0	1.1975	1.1975e+06	
12200	1.11572	17.5337	0	-1.09323e-06	-4.88731e-07	0	1.1975	1.1975e+06	
12300	1.10971	17.4727	0	-1.09323e-06	-4.88731e-07	0	1.1975	1.1975e+06	
12400	1.11397	17.426	0	-1.09323e-06	-4.88731e-07	0	1.1975	1.1975e+06	
12500	1.11975	17.3855	0	-1.09323e-06	-4.88731e-07	0	1.1975	1.1975e+06	
12600	1.09478	17.5435	0	-2.36753e-06	1.18263e-06	0	2.64647	2.64647e+06	
12700	1.109	17.6476	0	-2.36753e-06	1.18263e-06	0	2.64647	2.64647e+06	
12800	1.12355	17.7524	0	-2.36753e-06	1.18263e-06	0	2.64647	2.64647e+06	
12900	1.13449	17.8722	0	-2.36753e-06	1.18263e-06	0	2.64647	2.64647e+06	
13000	1.13887	18.0106	0	-2.36753e-06	1.18263e-06	0	2.64647	2.64647e+06	
13100	1.13642	17.844	0	-2.10611e-06	-1.27434e-06	0	2.46164	2.46164e+06	
13200	1.11637	17.6584	0	-2.10611e-06	-1.27434e-06	0	2.46164	2.46164e+06	
13300	1.09599	17.4784	0	-2.10611e-06	-1.27434e-06	0	2.46164	2.46164e+06	
13400	1.11061	17.3553	0	-2.10611e-06	-1.27434e-06	0	2.46164	2.46164e+06	
13500	1.1272	17.2344	0	-2.10611e-06	-1.27434e-06	0	2.46164	2.46164e+06	
13600	1.14089	17.1473	0	-1.60611e-06	-8.56046e-07	0	1.82	1.82e+06	
13700	1.14577	17.0505	0	-1.60611e-06	-8.56046e-07	0	1.82	1.82e+06	
13800	1.14615	16.944	0	-1.60611e-06	-8.56046e-07	0	1.82	1.82e+06	
13900	1.14059	16.8275	0	-1.60611e-06	-8.56046e-07	0	1.82	1.82e+06	
14000	1.12755	16.701	0	-1.60611e-06	-8.56046e-07	0	1.82	1.82e+06	
14100	1.12819	16.7087	0	-1.48844e-06	2.62775e-07	0	1.51146	1.51146e+06	
14200	1.12928	16.7169	0	-1.48844e-06	2.62775e-07	0	1.51146	1.51146e+06	
14300	1.13041	16.7257	0	-1.48844e-06	2.62775e-07	0	1.51146	1.51146e+06	
14400	1.1316	16.7353	0	-1.48844e-06	2.62775e-07	0	1.51146	1.51146e+06	
14500	1.13285	16.7456	0	-1.48844e-06	2.62775e-07	0	1.51146	1.51146e+06	
14600	1.13629	16.3939	0	-4.11826e-07	-2.79989e-06	0	2.83002	2.83002e+06	
14700	1.16635	16.0542	0	-4.11826e-07	-2.79989e-06	0	2.83002	2.83002e+06	
14800	1.16516	15.7043	0	-4.11826e-07	-2.79989e-06	0	2.83002	2.83002e+06	
14900	1.14168	15.3567	0	-4.11826e-07	-2.79989e-06	0	2.83002	2.83002e+06	
15000	1.16848	15.0156	0	-4.11826e-07	-2.79989e-06	0	2.83002	2.83002e+06	
15100	1.17699	14.614	0	-1.70697e-07	-3.22e-06	0	3.22452	3.22452e+06	
15200	1.17028	14.2153	0	-1.70697e-07	-3.22e-06	0	3.22452	3.22452e+06	
15300	1.18406	13.8159	0	-1.70697e-07	-3.22e-06	0	3.22452	3.22452e+06	
15400	1.17263	13.415	0	-1.70697e-07	-3.22e-06	0	3.22452	3.22452e+06	
15500	1.18025	13.0173	0	-1.70697e-07	-3.22e-06	0	3.22452	3.22452e+06	
15600	1.58221	12.9597	0	3.22e-06	-4.63864e-07	0	3.25324	3.25324e+06	
15700	1.98221	12.9021	0	3.22e-06	-4.63864e-07	0	3.25324	3.25324e+06	
15800	2.38221	12.8444	0	3.22e-06	-4.63864e-07	0	3.25324	3.25324e+06	
15900	2.78221	12.7868	0	3.22e-06	-4.63864e-07	0	3.25324	3.25324e+06	
16000	3.18221	12.7292	0	3.22e-06	-4.63864e-07	0	3.25324	3.25324e+06	
16100	3.53858	12.3563	0	2.86881e-06	-3.002e-06	0	4.15235	4.15235e+06	
16200	3.89496	11.9834	0	2.86881e-06	-3.002e-06	0	4.15235	4.15235e+06	
16300	4.25133	11.6104	0	2.86881e-06	-3.002e-06	0	4.15235	4.15235e+06	
16400	4.6077	11.2375	0	2.86881e-06	-3.002e-06	0	4.15235	4.15235e+06	
16500	4.96408	10.8646	0	2.86881e-06	-3.002e-06	0	4.15235	4.15235e+06	
16600	5.36408	10.4646	0	3.22e-06	-3.22e-06	0	4.55377	4.55377e+06	
16700	5.76408	10.0646	0	3.22e-06	-3.22e-06	0	4.55377	4.55377e+06	
16800	6.16408	9.6646	0	3.22e-06	-3.22e-06	0	4.55377	4.55377e+06	
16900	6.56408	9.2646	0	3.22e-06	-3.22e-06	0	4.55377	4.55377e+06	
17000	6.96408	8.8646	0	3.22e-06	-3.22e-06	0	4.55377	4.55377e+06	
17100	7.36408	8.91181	0	3.22e-06	3.80017e-07	0	3.24235	3.24235e+06	
17200	7.76408	8.95902	0	3.22e-06	3.80017e-07	0	3.24235	3.24235e+06	
17300	8.16408	9.00623	0	3.22e-06	3.80017e-07	0	3.24235	3.24235e+06	
17400	8.56408	9.05343	0	3.22e-06	3.80017e-07	0	3.24235	3.24235e+06	
17500	8.96408	9.10064	0	3.22e-06	3.80017e-07	0	3.24235	3.24235e+06	
17600	9.27161	8.75908	0	2.47563e-06	-2.74956e-06	0	3.69984	3.69984e+06	
17700	9.57914	8.41752	0	2.47563e-06	-2.74956e-06	0	3.69984	3.69984e+06	
17800	9.88667	8.07596	0	2.47563e-06	-2.74956e-06	0	3.69984	3.69984e+06	
17900	10.1942	7.7344	0	2.47563e-06	-2.74956e-06	0	3.69984	3.69984e+06	
18000	10.5017	7.39284	0	2.47563e-06	-2.74956e-06	0	3.69984	3.69984e+06	
18100	10.9017	7.79284	0	3.22e-06	3.22e-06	0	4.55377	4.55377e+06	
18200	11.3017	8.19284	0	3.22e-06	3.22e-06	0	4.55377	4.55377e+06	
18300	11.7017	8.59284	0	3.22e-06	3.22e-06	0	4.55377	4.55377e+06	
18400	12.1017	8.99284	0	3.22e-06	3.22e-06	0	4.55377	4.55377e+06	
18500	12.5017	9.39284	0	3.22e-06	3.22e-06	0	4.55377	4.55377e+06	
18600	12.54	9.79284	0	3.08094e-07	3.22e-06	0	3.23471	3.23471e+06	
18700	12.5783	10.1928	0	3.08094e-07	3.22e-06	0	3.23471	3.23471e+06	
18800	12.6166	10.5928	0	3.08094e-07	3.22e-06	0	3.23471	3.23471e+06	
18900	12.6548	10.9928	0	3.08094e-07	3.22e-06	0	3.23471	3.23471e+06	
19000	12.6931	11.3928	0	3.08094e-07	3.22e-06	0	3.23471	3.23471e+06	
19100	12.3871	11.4304	0	-2.46303e-06	3.02559e-07	0	2.48154	2.48154e+06	
19200	12.0812	11.468	0	-2.46303e-06	3.02559e-07	0	2.48154	2.48154e+06	
19300	11.7752	11.5056	0	-2.46303e-06	3.02559e-07	0	2.48154	2.48154e+06	
19400	11.4692	11.5432	0	-2.46303e-06	3.02559e-07	0	2.48154	2.48154e+06	
19500	11.1633	11.5808	0	-2.46303e-06	3.02559e-07	0	2.48154	2.48154e+06	
19600	10.7633	11.3471	0	-3.22e-06	-1.88078e-06	0	3.72904	3.72904e+06	
19700	10.3633	11.1135	0	-3.22e-06	-1.88078e-06	0	3.72904	3.72904e+06	
19800	9.96327	10.8799	0	-3.22e-06	-1.88078e-06	0	3.72904	3.72904e+06	
19900	9.56327	10.6462	0	-3.22e-06	-1.88078e-06	0	3.72904	3.72904e+06	
20000	9.16327	10.4126	0	-3.22e-06	-1.88078e-06	0	3.72904	3.72904e+06	
20100	8.76327	10.8126	0	-3.22e-06	3.22e-06	0	4.55377	4.55377e+06	
20200	8.36327	11.2126	0	-3.22e-06	3.22e-06	0	4.55377	4.55377e+06	
20300	7.96327	11.6126	0	-3.22e-06	3.22e-06	0	4.55377	4.55377e+06	
20400	7.56327	12.0126	0	-3.22e-06	3.22e-06	0	4.55377	4.55377e+06	
20500	7.16327	12.4126	0	-3.22e-06	3.22e-06	0	4.55377	4.55377e+06	
20600	6.96992	12.8126	0	-1.55645e-06	3.22e-06	0	3.57644	3.57644e+06	
20700	6.77657	13.2126	0	-1.55645e-06	3.22e-06	0	3.57644	3.57644e+06	
20800	6.58322	13.6126	0	-1.55645e-06	3.22e-06	0	3.57644	3.57644e+06	
20900	6.38987	14.0126	0	-1.55645e-06	3.22e-06	0	3.57644	3.57644e+06	
21000	6.19653	14.4126	0	-1.55645e-06	3.22e-06	0	3.57644	3.57644e+06	
21100	5.79653	14.6213	0	-3.22e-06	1.68e-06	0	3.63191	3.63191e+06	
21200	5.39653	14.83	0	-3.22e-06	1.68e-06	0	3.63191	3.63191e+06	
21300	4.99653	15.0387	0	-3.22e-06	1.68e-06	0	3.63191	3.63191e+06	
21400	4.59653	15.2474	0	-3.22e-06	1.68e-06	0	3.63191	3.63191e+06	
21500	4.19653	15.4561	0	-3.22e-06	1.68e-06	0	3.63191	3.63191e+06	
21600	3.79653	15.5735	0	-3.22e-06	9.45554e-07	0	3.35596	3.35596e+06	
21700	3.39653	15.691	0	-3.22e-06	9.45554e-07	0	3.35596	3.35596e+06	
21800	2.99653	15.8084	0	-3.22e-06	9.45554e-07	0	3.35596	3.35596e+06	
21900	2.59653	15.9259	0	-3.22e-06	9.45554e-07	0	3.35596	3.35596e+06	
22000	2.19653	16.0434	0	-3.22e-06	9.45554e-07	0	3.35596	3.35596e+06	
22100	1.79653	16.1936	0	-3.22e-06	1.20915e-06	0	3.43954	3.43954e+06	
22200	1.39653	16.3438	0	-3.22e-06	1.20915e-06	0	3.43954	3.43954e+06	
22300	1.08731	16.4986	0	-3.22e-06	1.20915e-06	0	3.43954	3.43954e+06	
22400	1.09678	16.6069	0	-3.22e-06	1.20915e-06	0	3.43954	3.43954e+06	
22500	1.11019	16.6951	0	-3.22e-06	1.20915e-06	0	3.43954	3.43954e+06	
22600	1.13245	17.0502	0	-3.22e-06	3.07783e-06	0	4.45437	4.45437e+06	
22700	1.09052	17.4684	0	-3.22e-06	3.07783e-06	0	4.45437	4.45437e+06	
22800	1.12192	17.803	0	-3.22e-06	3.07783e-06	0	4.45437	4.45437e+06	
22900	1.12659	18.1813	0	-3.22e-06	3.07783e-06	0	4.45437	4.45437e+06	
23000	1.0922	18.5854	0	-3.22e-06	3.07783e-06	0	4.45437	4.45437e+06	
23100	1.13111	18.9375	0	-3.22e-06	3.22e-06	0	4.55377	4.55377e+06	
23200	1.10626	19.3605	0	-3.22e-06	3.22e-06	0	4.55377	4.55377e+06	
23300	1.11401	19.735	0	-3.22e-06	3.22e-06	0	4.55377	4.55377e+06	
23400	1.13044	20.1181	0	-3.22e-06	3.22e-06	0	4.55377	4.55377e+06	
23500	1.08835	20.5484	0	-3.22e-06	3.22e-06	0	4.55377	4.55377e+06	
23600	1.11416	20.7287	0	-3.22e-06	1.93542e-06	0	3.75689	3.75689e+06	
23700	1.13135	20.9353	0	-3.22e-06	1.93542e-06	0	3.75689	3.75689e+06	
23800	1.12573	21.1856	0	-3.22e-06	1.93542e-06	0	3.75689	3.75689e+06	
23900	1.08921	21.4717	0	-3.22e-06	1.93542e-06	0	3.75689	3.75689e+06	
24000	1.10562	21.6683	0	-3.22e-06	1.93542e-06	0	3.75689	3.75689e+06	
24100	1.09007	21.5422	0	-3.14699e-06	-5.93928e-07	0	3.20254	3.20254e+06	
24200	1.08844	21.4684	0	-3.14699e-06	-5.93928e-07	0	3.20254	3.20254e+06	
24300	1.09185	21.4346	0	-3.14699e-06	-5.93928e-07	0	3.20254	3.20254e+06	
24400	1.09475	21.4134	0	-3.14699e-06	-5.93928e-07	0	3.20254	3.20254e+06	
24500	1.09718	21.3972	0	-3.14699e-06	-5.93928e-07	0	3.20254	3.20254e+06	
24600	1.23665	21.3739	0	8.61477e-07	-2.26108e-07	0	0.890655	890655	
24700	1.34376	21.3458	0	8.61477e-07	-2.26108e-07	0	0.890655	890655	
24800	1.45078	21.3177	0	8.61477e-07	-2.26108e-07	0	0.890655	890655	
24900	1.5578	21.2896	0	8.61477e-07	-2.26108e-07	0	0.890655	890655	
25000	1.66481	21.2616	0	8.61477e-07	-2.26108e-07	0	0.890655	890655	
25100	1.74536	20.9942	0	6.48394e-07	-2.15212e-06	0	2.24767	2.24767e+06	
25200	1.8259	20.7269	0	6.48394e-07	-2.15212e-06	0	2.24767	2.24767e+06	
25300	1.90645	20.4595	0	6.48394e-07	-2.15212e-06	0	2.24767	2.24767e+06	
25400	1.987	20.1922	0	6.48394e-07	-2.15212e-06	0	2.24767	2.24767e+06	
25500	2.06754	19.9248	0	6.48394e-07	-2.15212e-06	0	2.24767	2.24767e+06	
25600	1.99721	20.1001	0	-5.66174e-07	1.41094e-06	0	1.5203	1.5203e+06	
25700	1.92688	20.2754	0	-5.66174e-07	1.41094e-06	0	1.5203	1.5203e+06	
25800	1.85654	20.4507	0	-5.66174e-07	1.41094e-06	0	1.5203	1.5203e+06	
25900	1.78621	20.6259	0	-5.66174e-07	1.41094e-06	0	1.5203	1.5203e+06	
26000	1.71588	20.8012	0	-5.66174e-07	1.41094e-06	0	1.5203	1.5203e+06	
26100	1.47177	20.507	0	-1.96511e-06	-2.36828e-06	0	3.0774	3.0774e+06	
26200	1.2278	20.2128	0	-1.96511e-06	-2.36828e-06	0	3.0774	3.0774e+06	
26300	1.14178	19.9202	0	-1.96511e-06	-2.36828e-06	0	3.0774	3.0774e+06	
26400	1.11165	19.604	0	-1.96511e-06	-2.36828e-06	0	3.0774	3.0774e+06	
26500	1.11498	19.3252	0	-1.96511e-06	-2.36828e-06	0	3.0774	3.0774e+06	
26600	1.08705	19.5099	0	-3.22e-06	1.17662e-06	0	3.42824	3.42824e+06	
26700	1.09733	19.6103	0	-3.22e-06	1.17662e-06	0	3.42824	3.42824e+06	
26800	1.11013	19.6945	0	-3.22e-06	1.17662e-06	0	3.42824	3.42824e+06	
26900	1.12188	19.7911	0	-3.22e-06	1.17662e-06	0	3.42824	3.42824e+06	
27000	1.13044	19.9079	0	-3.22e-06	1.17662e-06	0	3.42824	3.42824e+06	
27100	1.13207	19.9489	0	-3.22e-06	4.40112e-07	0	3.24994	3.24994e+06	
27200	1.13273	19.9985	0	-3.22e-06	4.40112e-07	0	3.24994	3.24994e+06	
27300	1.13202	20.0582	0	-3.22e-06	4.40112e-07	0	3.24994	3.24994e+06	
27400	1.12897	20.1301	0	-3.22e-06	4.40112e-07	0	3.24994	3.24994e+06	
27500	1.12213	20.2164	0	-3.22e-06	4.40112e-07	0	3.24994	3.24994e+06	
27600	1.12115	20.2216	0	-3.22e-06	-2.8726e-07	0	3.23279	3.23279e+06	
27700	1.12049	20.2279	0	-3.22e-06	-2.8726e-07	0	3.23279	3.23279e+06	
27800	1.11968	20.2354	0	-3.22e-06	-2.8726e-07	0	3.23279	3.23279e+06	
27900	1.11867	20.2444	0	-3.22e-06	-2.8726e-07	0	3.23279	3.23279e+06	
28000	1.11743	20.2551	0	-3.22e-06	-2.8726e-07	0	3.23279	3.23279e+06	
28100	1.12824	20.131	0	-3.22e-06	-1.30195e-06	0	3.47325	3.47325e+06	
28200	1.1327	19.9805	0	-3.22e-06	-1.30195e-06	0	3.47325	3.47325e+06	
28300	1.12412	19.7993	0	-3.22e-06	-1.30195e-06	0	3.47325	3.47325e+06	
28400	1.09638	19.5883	0	-3.22e-06	-1.30195e-06	0	3.47325	3.47325e+06	
28500	1.09154	19.4292	0	-3.22e-06	-1.30195e-06	0	3.47325	3.47325e+06	
28600	1.08874	19.5429	0	-3.22e-06	8.79787e-07	0	3.33803	3.33803e+06	
28700	1.09604	19.6001	0	-3.22e-06	8.79787e-07	0	3.33803	3.33803e+06	
28800	1.10333	19.647	0	-3.22e-06	8.79787e-07	0	3.33803	3.33803e+06	
28900	1.11067	19.6965	0	-3.22e-06	8.79787e-07	0	3.33803	3.33803e+06	
29000	1.11804	19.7538	0	-3.22e-06	8.79787e-07	0	3.33803	3.33803e+06	
29100	1.13259	19.9901	0	-3.22e-06	2.11244e-06	0	3.85108	3.85108e+06	
29200	1.11686	20.275	0	-3.22e-06	2.11244e-06	0	3.85108	3.85108e+06	
29300	1.08997	20.562	0	-3.22e-06	2.11244e-06	0	3.85108	3.85108e+06	
29400	1.11843	20.7646	0	-3.22e-06	2.11244e-06	0	3.85108	3.85108e+06	
29500	1.13269	21.0033	0	-3.22e-06	2.11244e-06	0	3.85108	3.85108e+06	
29600	1.10979	21.4111	0	-2.04226e-06	3.12978e-06	0	3.73716	3.73716e+06	
29700	1.12698	21.7757	0	-2.04226e-06	3.12978e-06	0	3.73716	3.73716e+06	
29800	1.13791	22.1587	0	-2.04226e-06	3.12978e-06	0	3.73716	3.73716e+06	
29900	1.0986	22.5638	0	-2.04226e-06	3.12978e-06	0	3.73716	3.73716e+06	
30000	1.13889	22.9194	0	-2.04226e-06	3.12978e-06	0	3.73716	3.73716e+06	
30100	1.13233	22.9607	0	-3.22e-06	4.21985e-07	0	3.24753	3.24753e+06	
30200	1.13272	23.0102	0	-3.22e-06	4.21985e-07	0	3.24753	3.24753e+06	
30300	1.13169	23.0698	0	-3.22e-06	4.21985e-07	0	3.24753	3.24753e+06	
30400	1.12825	23.1416	0	-3.22e-06	4.21985e-07	0	3.24753	3.24753e+06	
30500	1.12097	23.2277	0	-3.22e-06	4.21985e-07	0	3.24753	3.24753e+06	
30600	1.10685	23.3383	0	-3.22e-06	4.89656e-07	0	3.25702	3.25702e+06	
30700	1.09002	23.4531	0	-3.22e-06	4.89656e-07	0	3.25702	3.25702e+06	
30800	1.0874	23.521	0	-3.22e-06	4.89656e-07	0	3.25702	3.25702e+06	
30900	1.08964	23.5498	0	-3.22e-06	4.89656e-07	0	3.25702	3.25702e+06	
31000	1.09142	23.565	0	-3.22e-06	4.89656e-07	0	3.25702	3.25702e+06	
31100	1.08744	23.4775	0	-3.22e-06	-6.03109e-07	0	3.27599	3.27599e+06	
31200	1.09082	23.4392	0	-3.22e-06	-6.03109e-07	0	3.27599	3.27599e+06	
31300	1.09381	23.4167	0	-3.22e-06	-6.03109e-07	0	3.27599	3.27599e+06	
31400	1.09628	23.4001	0	-3.22e-06	-6.03109e-07	0	3.27599	3.27599e+06	
31500	1.09845	23.3859	0	-3.22e-06	-6.03109e-07	0	3.27599	3.27599e+06	
31600	1.11421	23.2743	0	-3.22e-06	-1.3864e-06	0	3.50578	3.50578e+06	
31700	1.12741	23.1429	0	-3.22e-06	-1.3864e-06	0	3.50578	3.50578e+06	
31800	1.13271	22.9834	0	-3.22e-06	-1.3864e-06	0	3.50578	3.50578e+06	
31900	1.12344	22.7913	0	-3.22e-06	-1.3864e-06	0	3.50578	3.50578e+06	
32000	1.0937	22.5694	0	-3.22e-06	-1.3864e-06	0	3.50578	3.50578e+06	
32100	1.0971	22.4053	0	-2.84668e-06	-1.43471e-06	0	3.18779	3.18779e+06	
32200	1.11551	22.2818	0	-2.84668e-06	-1.43471e-06	0	3.18779	3.18779e+06	
32300	1.12995	22.1404	0	-2.84668e-06	-1.43471e-06	0	3.18779	3.18779e+06	
32400	1.13511	21.9722	0	-2.84668e-06	-1.43471e-06	0	3.18779	3.18779e+06	
32500	1.12443	21.7744	0	-2.84668e-06	-1.43471e-06	0	3.18779	3.18779e+06	
32600	1.11899	21.758	0	-3.22e-06	2.14722e-07	0	3.22715	3.22715e+06	
32700	1.11666	21.7381	0	-3.22e-06	2.14722e-07	0	3.22715	3.22715e+06	
32800	1.11367	21.7145	0	-3.22e-06	2.14722e-07	0	3.22715	3.22715e+06	
32900	1.10988	21.6869	0	-3.22e-06	2.14722e-07	0	3.22715	3.22715e+06	
33000	1.10524	21.6554	0	-3.22e-06	2.14722e-07	0	3.22715	3.22715e+06	
33100	1.09388	21.4084	0	-3.22e-06	-1.94356e-06	0	3.76109	3.76109e+06	
33200	1.11958	21.2261	0	-3.22e-06	-1.94356e-06	0	3.76109	3.76109e+06	
33300	1.13262	21.0085	0	-3.22e-06	-1.94356e-06	0	3.76109	3.76109e+06	
33400	1.11918	20.7461	0	-3.22e-06	-1.94356e-06	0	3.76109	3.76109e+06	
33500	1.08757	20.4689	0	-3.22e-06	-1.94356e-06	0	3.76109	3.76109e+06	
33600	1.09014	20.5052	0	-2.76489e-06	2.23402e-07	0	2.77391	2.77391e+06	
33700	1.09063	20.5216	0	-2.76489e-06	2.23402e-07	0	2.77391	2.77391e+06	
33800	1.0911	20.5294	0	-2.76489e-06	2.23402e-07	0	2.77391	2.77391e+06	
33900	1.09138	20.5332	0	-2.76489e-06	2.23402e-07	0	2.77391	2.77391e+06	
34000	1.09154	20.5352	0	-2.76489e-06	2.23402e-07	0	2.77391	2.77391e+06	
34100	1.10489	20.3505	0	-2.89098e-06	-1.77103e-06	0	3.39032	3.39032e+06	
34200	1.12657	20.1772	0	-2.89098e-06	-1.77103e-06	0	3.39032	3.39032e+06	
34300	1.1348	19.9708	0	-2.89098e-06	-1.77103e-06	0	3.39032	3.39032e+06	
34400	1.11923	19.7276	0	-2.89098e-06	-1.77103e-06	0	3.39032	3.39032e+06	
34500	1.08957	19.4746	0	-2.89098e-06	-1.77103e-06	0	3.39032	3.39032e+06	
34600	1.12564	19.3261	0	-1.15618e-06	-1.37916e-06	0	1.79968	1.79968e+06	
34700	1.14428	19.1735	0	-1.15618e-06	-1.37916e-06	0	1.79968	1.79968e+06	
34800	1.15287	19.0088	0	-1.15618e-06	-1.37916e-06	0	1.79968	1.79968e+06	
34900	1.1484	18.8326	0	-1.15618e-06	-1.37916e-06	0	1.79968	1.79968e+06	
35000	1.12869	18.6468	0	-1.15618e-06	-1.37916e-06	0	1.79968	1.79968e+06	
35100	1.10231	18.4737	0	-1.5608e-06	-1.28674e-06	0	2.02282	2.02282e+06	
35200	1.11821	18.3414	0	-1.5608e-06	-1.28674e-06	0	2.02282	2.02282e+06	
35300	1.13559	18.2083	0	-1.5608e-06	-1.28674e-06	0	2.02282	2.02282e+06	
35400	1.14578	18.0615	0	-1.5608e-06	-1.28674e-06	0	2.02282	2.02282e+06	
35500	1.14557	17.9002	0	-1.5608e-06	-1.28674e-06	0	2.02282	2.02282e+06	
35600	1.13844	18.0971	0	-2.23163e-06	1.58819e-06	0	2.73908	2.73908e+06	
35700	1.11877	18.3186	0	-2.23163e-06	1.58819e-06	0	2.73908	2.73908e+06	
35800	1.09535	18.5367	0	-2.23163e-06	1.58819e-06	0	2.73908	2.73908e+06	
35900	1.11633	18.6926	0	-2.23163e-06	1.58819e-06	0	2.73908	2.73908e+06	
36000	1.13446	18.8587	0	-2.23163e-06	1.58819e-06	0	2.73908	2.73908e+06	
36100	1.12885	19.264	0	-2.08816e-06	3.22e-06	0	3.83781	3.83781e+06	
36200	1.11102	19.6624	0	-2.08816e-06	3.22e-06	0	3.83781	3.83781e+06	
36300	1.14119	20.0409	0	-2.08816e-06	3.22e-06	0	3.83781	3.83781e+06	
36400	1.10211	20.4623	0	-2.08816e-06	3.22e-06	0	3.83781	3.83781e+06	
36500	1.13223	20.8312	0	-2.08816e-06	3.22e-06	0	3.83781	3.83781e+06	
36600	1.1294	20.8046	0	-2.44539e-06	-8.62424e-09	0	2.44541	2.44541e+06	
36700	1.12641	20.774	0	-2.44539e-06	-8.62424e-09	0	2.44541	2.44541e+06	
36800	1.12248	20.739	0	-2.44539e-06	-8.62424e-09	0	2.44541	2.44541e+06	
36900	1.11739	20.6994	0	-2.44539e-06	-8.62424e-09	0	2.44541	2.44541e+06	
37000	1.11103	20.6553	0	-2.44539e-06	-8.62424e-09	0	2.44541	2.44541e+06	
37100	1.12088	20.3837	0	-8.55985e-07	-2.16642e-06	0	2.32939	2.32939e+06	
37200	1.15174	20.1306	0	-8.55985e-07	-2.16642e-06	0	2.32939	2.32939e+06	
37300	1.15695	19.8617	0	-8.55985e-07	-2.16642e-06	0	2.32939	2.32939e+06	
37400	1.13028	19.5834	0	-8.55985e-07	-2.16642e-06	0	2.32939	2.32939e+06	
37500	1.12921	19.3228	0	-8.55985e-07	-2.16642e-06	0	2.32939	2.32939e+06	
37600	1.13883	19.2941	0	-8.34126e-07	-3.58031e-07	0	0.907718	907718	
37700	1.14284	19.2633	0	-8.34126e-07	-3.58031e-07	0	0.907718	907718	
37800	1.1466	19.2311	0	-8.34126e-07	-3.58031e-07	0	0.907718	907718	
37900	1.15005	19.1972	0	-8.34126e-07	-3.58031e-07	0	0.907718	907718	
38000	1.15311	19.1616	0	-8.34126e-07	-3.58031e-07	0	0.907718	907718	
38100	1.10608	19.5093	0	-1.44339e-06	2.68288e-06	0	3.04651	3.04651e+06	
38200	1.13771	19.8168	0	-1.44339e-06	2.68288e-06	0	3.04651	3.04651e+06	
38300	1.14573	20.1475	0	-1.44339e-06	2.68288e-06	0	3.04651	3.04651e+06	
38400	1.10706	20.4965	0	-1.44339e-06	2.68288e-06	0	3.04651	3.04651e+06	
38500	1.13648	20.8046	0	-1.44339e-06	2.68288e-06	0	3.04651	3.04651e+06	
38600	1.25354	21.2029	0	7.1481e-07	3.22e-06	0	3.29839	3.29839e+06	
38700	1.34244	21.6029	0	7.1481e-07	3.22e-06	0	3.29839	3.29839e+06	
38800	1.43123	22.0029	0	7.1481e-07	3.22e-06	0	3.29839	3.29839e+06	
38900	1.52003	22.4029	0	7.1481e-07	3.22e-06	0	3.29839	3.29839e+06	
39000	1.60883	22.8029	0	7.1481e-07	3.22e-06	0	3.29839	3.29839e+06	
39100	1.56638	22.7585	0	-3.41686e-07	-3.57797e-07	0	0.49474	494740	
39200	1.52393	22.714	0	-3.41686e-07	-3.57797e-07	0	0.49474	494740	
39300	1.48149	22.6696	0	-3.41686e-07	-3.57797e-07	0	0.49474	494740	
39400	1.43904	22.6251	0	-3.41686e-07	-3.57797e-07	0	0.49474	494740	
39500	1.3966	22.5807	0	-3.41686e-07	-3.57797e-07	0	0.49474	494740	
39600	1.41288	22.8514	0	1.31049e-07	2.17964e-06	0	2.18358	2.18358e+06	
39700	1.42916	23.1222	0	1.31049e-07	2.17964e-06	0	2.18358	2.18358e+06	
39800	1.44544	23.393	0	1.31049e-07	2.17964e-06	0	2.18358	2.18358e+06	
39900	1.46172	23.6637	0	1.31049e-07	2.17964e-06	0	2.18358	2.18358e+06	
40000	1.478	23.9345	0	1.31049e-07	2.17964e-06	0	2.18358	2.18358e+06	
40100	1.21811	24.1051	0	-2.09507e-06	1.37339e-06	0	2.5051	2.5051e+06	
40200	1.12333	24.2927	0	-2.09507e-06	1.37339e-06	0	2.5051	2.5051e+06	
40300	1.09664	24.492	0	-2.09507e-06	1.37339e-06	0	2.5051	2.5051e+06	
40400	1.10887	24.6337	0	-2.09507e-06	1.37339e-06	0	2.5051	2.5051e+06	
40500	1.12729	24.7664	0	-2.09507e-06	1.37339e-06	0	2.5051	2.5051e+06	
40600	1.14308	25.1229	0	-1.73299e-06	2.92946e-06	0	3.40367	3.40367e+06	
40700	1.1021	25.5052	0	-1.73299e-06	2.92946e-06	0	3.40367	3.40367e+06	
40800	1.13645	25.8394	0	-1.73299e-06	2.92946e-06	0	3.40367	3.40367e+06	
40900	1.1383	26.2042	0	-1.73299e-06	2.92946e-06	0	3.40367	3.40367e+06	
41000	1.10322	26.5794	0	-1.73299e-06	2.92946e-06	0	3.40367	3.40367e+06	
41100	1.17188	26.9684	0	-2.37629e-07	3.22e-06	0	3.22876	3.22876e+06	
41200	1.1734	27.37	0	-2.37629e-07	3.22e-06	0	3.22876	3.22876e+06	
41300	1.16285	27.7683	0	-2.37629e-07	3.22e-06	0	3.22876	3.22876e+06	
41400	1.17924	28.1672	0	-2.37629e-07	3.22e-06	0	3.22876	3.22876e+06	
41500	1.1638	28.5685	0	-2.37629e-07	3.22e-06	0	3.22876	3.22876e+06	
41600	1.12465	28.8281	0	-3.21256e-06	2.45552e-06	0	4.04352	4.04352e+06	
41700	1.12984	29.1272	0	-3.21256e-06	2.45552e-06	0	4.04352	4.04352e+06	
41800	1.08949	29.4736	0	-3.21256e-06	2.45552e-06	0	4.04352	4.04352e+06	
41900	1.11403	29.7304	0	-3.21256e-06	2.45552e-06	0	4.04352	4.04352e+06	
42000	1.13273	30.0084	0	-3.21256e-06	2.45552e-06	0	4.04352	4.04352e+06	
42100	1.09981	30.4346	0	-2.65054e-06	3.22e-06	0	4.17058	4.17058e+06	
42200	1.12502	30.7999	0	-2.65054e-06	3.22e-06	0	4.17058	4.17058e+06	
42300	1.12963	31.1974	0	-2.65054e-06	3.22e-06	0	4.17058	4.17058e+06	
42400	1.09896	31.6096	0	-2.65054e-06	3.22e-06	0	4.17058	4.17058e+06	
42500	1.13594	31.9734	0	-2.65054e-06	3.22e-06	0	4.17058	4.17058e+06	
42600	1.10745	32.3945	0	-2.48292e-06	3.22e-06	0	4.06611	4.06611e+06	
42700	1.12268	32.7682	0	-2.48292e-06	3.22e-06	0	4.06611	4.06611e+06	
42800	1.13363	33.1608	0	-2.48292e-06	3.22e-06	0	4.06611	4.06611e+06	
42900	1.09613	33.5786	0	-2.48292e-06	3.22e-06	0	4.06611	4.06611e+06	
43000	1.13617	33.9407	0	-2.48292e-06	3.22e-06	0	4.06611	4.06611e+06	
43100	1.29573	34.3404	0	1.07941e-06	3.22e-06	0	3.39611	3.39611e+06	
43200	1.42983	34.7404	0	1.07941e-06	3.22e-06	0	3.39611	3.39611e+06	
43300	1.55307	34.9104	0	1.07941e-06	3.22e-06	0	3.39611	3.39611e+06	
43400	1.62934	34.8996	0	1.07941e-06	3.22e-06	0	3.39611	3.39611e+06	
43500	1.70263	34.8886	0	1.07941e-06	3.22e-06	0	3.39611	3.39611e+06	
43600	1.83603	34.8567	0	1.24429e-06	1.29081e-06	0	1.79288	1.79288e+06	
43700	1.98337	34.8493	0	1.24429e-06	1.29081e-06	0	1.79288	1.79288e+06	
43800	2.14234	34.8525	0	1.24429e-06	1.29081e-06	0	1.79288	1.79288e+06	
43900	2.312	34.8687	0	1.24429e-06	1.29081e-06	0	1.79288	1.79288e+06	
44000	2.49078	34.9003	0	1.24429e-06	1.29081e-06	0	1.79288	1.79288e+06	
44100	2.51787	34.8828	0	1.12465e-07	3.02402e-07	0	0.322639	322639	
44200	2.54046	34.8859	0	1.12465e-07	3.02402e-07	0	0.322639	322639	
44300	2.56286	34.8912	0	1.12465e-07	3.02402e-07	0	0.322639	322639	
44400	2.58546	34.8971	0	1.12465e-07	3.02402e-07	0	0.322639	322639	
44500	2.60831	34.9034	0	1.12465e-07	3.02402e-07	0	0.322639	322639	
44600	2.30956	34.8517	0	-2.50427e-06	5.22396e-08	0	2.50482	2.50482e+06	
44700	2.00208	34.8141	0	-2.50427e-06	5.22396e-08	0	2.50482	2.50482e+06	
44800	1.69018	34.8049	0	-2.50427e-06	5.22396e-08	0	2.50482	2.50482e+06	
44900	1.37894	34.8081	0	-2.50427e-06	5.22396e-08	0	2.50482	2.50482e+06	
45000	1.12923	34.7989	0	-2.50427e-06	5.22396e-08	0	2.50482	2.50482e+06	
45100	1.12907	34.8626	0	-3.22e-06	2.29109e-06	0	3.9519	3.9519e+06	
45200	1.12907	34.8626	0	-3.22e-06	2.29109e-06	0	3.9519	3.9519e+06	
45300	1.12907	34.8626	0	-3.22e-06	2.29109e-06	0	3.9519	3.9519e+06	
45400	1.12907	34.8626	0	-3.22e-06	2.29109e-06	0	3.9519	3.9519e+06	
45500	1.12907	34.8626	0	-3.22e-06	2.29109e-06	0	3.9519	3.9519e+06	
45600	1.12502	34.8178	0	-3.22e-06	3.9764e-07	0	3.24446	3.24446e+06	
45700	1.12425	34.8098	0	-3.22e-06	3.9764e-07	0	3.24446	3.24446e+06	
45800	1.1239	34.8061	0	-3.22e-06	3.9764e-07	0	3.24446	3.24446e+06	
45900	1.1237	34.8041	0	-3.22e-06	3.9764e-07	0	3.24446	3.24446e+06	
46000	1.12359	34.8029	0	-3.22e-06	3.9764e-07	0	3.24446	3.24446e+06	
46100	1.12085	34.7744	0	-3.22e-06	1.43779e-07	0	3.22321	3.22321e+06	
46200	1.11768	34.7461	0	-3.22e-06	1.43779e-07	0	3.22321	3.22321e+06	
46300	1.11367	34.7141	0	-3.22e-06	1.43779e-07	0	3.22321	3.22321e+06	
46400	1.10853	34.677	0	-3.22e-06	1.43779e-07	0	3.22321	3.22321e+06	
46500	1.10226	34.6356	0	-3.22e-06	1.43779e-07	0	3.22321	3.22321e+06	
46600	1.0981	34.6098	0	-3.22e-06	2.8147e-07	0	3.23228	3.23228e+06	
46700	1.09453	34.5863	0	-3.22e-06	2.8147e-07	0	3.23228	3.23228e+06	
46800	1.09197	34.568	0	-3.22e-06	2.8147e-07	0	3.23228	3.23228e+06	
46900	1.09046	34.5559	0	-3.22e-06	2.8147e-07	0	3.23228	3.23228e+06	
47000	1.08967	34.5488	0	-3.22e-06	2.8147e-07	0	3.23228	3.23228e+06	
47100	1.10248	34.6437	0	-3.22e-06	1.23346e-06	0	3.44816	3.44816e+06	
47200	1.11598	34.7388	0	-3.22e-06	1.23346e-06	0	3.44816	3.44816e+06	
47300	1.12625	34.8354	0	-3.22e-06	1.23346e-06	0	3.44816	3.44816e+06	
47400	1.12763	34.8478	0	-3.22e-06	1.23346e-06	0	3.44816	3.44816e+06	
47500	1.12763	34.8478	0	-3.22e-06	1.23346e-06	0	3.44816	3.44816e+06	
47600	1.11591	34.7274	0	-3.22e-06	-5.17801e-07	0	3.26137	3.26137e+06	
47700	1.09855	34.6076	0	-3.22e-06	-5.17801e-07	0	3.26137	3.26137e+06	
47800	1.08712	34.5062	0	-3.22e-06	-5.17801e-07	0	3.26137	3.26137e+06	
47900	1.08869	34.4599	0	-3.22e-06	-5.17801e-07	0	3.26137	3.26137e+06	
48000	1.09105	34.4378	0	-3.22e-06	-5.17801e-07	0	3.26137	3.26137e+06	
48100	1.11551	34.7443	0	-3.22e-06	2.79666e-06	0	4.26494	4.26494e+06	
48200	1.12956	34.867	0	-3.22e-06	2.79666e-06	0	4.26494	4.26494e+06	
48300	1.12956	34.867	0	-3.22e-06	2.79666e-06	0	4.26494	4.26494e+06	
48400	1.12956	34.867	0	-3.22e-06	2.79666e-06	0	4.26494	4.26494e+06	
48500	1.12956	34.867	0	-3.22e-06	2.79666e-06	0	4.26494	4.26494e+06	
48600	1.1222	34.7863	0	-3.22e-06	-1.92913e-08	0	3.22006	3.22006e+06	
48700	1.11682	34.7379	0	-3.22e-06	-1.92913e-08	0	3.22006	3.22006e+06	
48800	1.10957	34.6832	0	-3.22e-06	-1.92913e-08	0	3.22006	3.22006e+06	
48900	1.10029	34.622	0	-3.22e-06	-1.92913e-08	0	3.22006	3.22006e+06	
49000	1.09169	34.5638	0	-3.22e-06	-1.92913e-08	0	3.22006	3.22006e+06	
49100	1.08977	34.5494	0	-3.22e-06	2.38935e-07	0	3.22885	3.22885e+06	
49200	1.08896	34.5414	0	-3.22e-06	2.38935e-07	0	3.22885	3.22885e+06	
49300	1.0886	34.5374	0	-3.22e-06	2.38935e-07	0	3.22885	3.22885e+06	
49400	1.08844	34.5355	0	-3.22e-06	2.38935e-07	0	3.22885	3.22885e+06	
49500	1.08837	34.5346	0	-3.22e-06	2.38935e-07	0	3.22885	3.22885e+06	
49600	1.10704	34.6758	0	-3.22e-06	1.60372e-06	0	3.59727	3.59727e+06	
49700	1.12467	34.8215	0	-3.22e-06	1.60372e-06	0	3.59727	3.59727e+06	
49800	1.12824	34.8543	0	-3.22e-06	1.60372e-06	0	3.59727	3.59727e+06	
49900	1.12824	34.8543	0	-3.22e-06	1.60372e-06	0	3.59727	3.59727e+06	
50000	1.12824	34.8543	0	-3.22e-06	1.60372e-06	0	3.59727	3.59727e+06	
