0	60	13	0	-3.22e-06	-2.15788e-07	0	3.22722	3.22722e+06	
100	60.3484	12.7061	0	2.80491e-06	-2.36567e-06	0	3.66932	3.66932e+06	
200	60.6969	12.4123	0	2.80491e-06	-2.36567e-06	0	3.66932	3.66932e+06	
300	61.0453	12.1184	0	2.80491e-06	-2.36567e-06	0	3.66932	3.66932e+06	
400	61.3937	11.8245	0	2.80491e-06	-2.36567e-06	0	3.66932	3.66932e+06	
500	61.7422	11.5306	0	2.80491e-06	-2.36567e-06	0	3.66932	3.66932e+06	
600	61.3422	11.7289	0	-3.22e-06	1.59607e-06	0	3.59386	3.59386e+06	
700	60.9422	11.9272	0	-3.22e-06	1.59607e-06	0	3.59386	3.59386e+06	
800	60.5422	12.1254	0	-3.22e-06	1.59607e-06	0	3.59386	3.59386e+06	
900	60.1422	12.3237	0	-3.22e-06	1.59607e-06	0	3.59386	3.59386e+06	
1000	59.7422	12.522	0	-3.22e-06	1.59607e-06	0	3.59386	3.59386e+06	
1100	59.5973	12.922	0	-1.16632e-06	3.22e-06	0	3.42472	3.42472e+06	
1200	59.4524	13.322	0	-1.16632e-06	3.22e-06	0	3.42472	3.42472e+06	
1300	59.3075	13.722	0	-1.16632e-06	3.22e-06	0	3.42472	3.42472e+06	
1400	59.1626	14.122	0	-1.16632e-06	3.22e-06	0	3.42472	3.42472e+06	
1500	59.0178	14.522	0	-1.16632e-06	3.22e-06	0	3.42472	3.42472e+06	
1600	58.6135	14.8931	0	-3.22e-06	3.22e-06	0	4.55377	4.55377e+06	
1700	58.2455	14.8835	0	-3.22e-06	3.22e-06	0	4.55377	4.55377e+06	
1800	57.8582	14.8708	0	-3.22e-06	3.22e-06	0	4.55377	4.55377e+06	
1900	57.4318	14.9099	0	-3.22e-06	3.22e-06	0	4.55377	4.55377e+06	
2000	57.082	14.8697	0	-3.22e-06	3.22e-06	0	4.55377	4.55377e+06	
2100	56.6625	14.8901	0	-3.22e-06	3.18385e-06	0	4.52828	4.52828e+06	
2200	56.2823	14.8881	0	-3.22e-06	3.18385e-06	0	4.52828	4.52828e+06	
2300	55.9028	14.8685	0	-3.22e-06	3.18385e-06	0	4.52828	4.52828e+06	
2400	55.455	14.9312	0	-3.22e-06	3.18385e-06	0	4.52828	4.52828e+06	
2500	54.9728	15.1115	0	-3.22e-06	3.18385e-06	0	4.52828	4.52828e+06	
2600	54.5093	15.4191	0	-3.22e-06	3.22e-06	0	4.55377	4.55377e+06	
2700	54.0952	15.8061	0	-3.22e-06	3.22e-06	0	4.55377	4.55377e+06	
2800	53.695	16.206	0	-3.22e-06	3.22e-06	0	4.55377	4.55377e+06	
2900	53.295	16.606	0	-3.22e-06	3.22e-06	0	4.55377	4.55377e+06	
3000	52.895	17.006	0	-3.22e-06	3.22e-06	0	4.55377	4.55377e+06	
3100	52.495	17.2955	0	-3.22e-06	2.33072e-06	0	3.975	3.975e+06	
3200	52.095	17.585	0	-3.22e-06	2.33072e-06	0	3.975	3.975e+06	
3300	51.695	17.8746	0	-3.22e-06	2.33072e-06	0	3.975	3.975e+06	
3400	51.295	18.1641	0	-3.22e-06	2.33072e-06	0	3.975	3.975e+06	
3500	50.895	18.4536	0	-3.22e-06	2.33072e-06	0	3.975	3.975e+06	
3600	50.495	18.8536	0	-3.22e-06	3.22e-06	0	4.55377	4.55377e+06	
3700	50.095	19.2536	0	-3.22e-06	3.22e-06	0	4.55377	4.55377e+06	
3800	49.695	19.6536	0	-3.22e-06	3.22e-06	0	4.55377	4.55377e+06	
3900	49.295	20.0536	0	-3.22e-06	3.22e-06	0	4.55377	4.55377e+06	
4000	48.895	20.4536	0	-3.22e-06	3.22e-06	0	4.55377	4.55377e+06	
4100	48.495	20.8536	0	-3.22e-06	3.22e-06	0	4.55377	4.55377e+06	
4200	48.095	21.2536	0	-3.22e-06	3.22e-06	0	4.55377	4.55377e+06	
4300	47.695	21.6536	0	-3.22e-06	3.22e-06	0	4.55377	4.55377e+06	
4400	47.295	22.0536	0	-3.22e-06	3.22e-06	0	4.55377	4.55377e+06	
4500	46.895	22.4536	0	-3.22e-06	3.22e-06	0	4.55377	4.55377e+06	
4600	46.9036	22.8536	0	6.94447e-08	3.22e-06	0	3.22075	3.22075e+06	
4700	46.9123	23.2536	0	6.94447e-08	3.22e-06	0	3.22075	3.22075e+06	
4800	46.9209	23.6536	0	6.94447e-08	3.22e-06	0	3.22075	3.22075e+06	
4900	46.9295	24.0536	0	6.94447e-08	3.22e-06	0	3.22075	3.22075e+06	
5000	46.9381	24.4536	0	6.94447e-08	3.22e-06	0	3.22075	3.22075e+06	
5100	46.9578	24.8536	0	1.58124e-07	3.22e-06	0	3.22388	3.22388e+06	
5200	46.9774	25.2536	0	1.58124e-07	3.22e-06	0	3.22388	3.22388e+06	
5300	46.9971	25.6536	0	1.58124e-07	3.22e-06	0	3.22388	3.22388e+06	
5400	47.0167	26.0536	0	1.58124e-07	3.22e-06	0	3.22388	3.22388e+06	
5500	47.0364	26.4536	0	1.58124e-07	3.22e-06	0	3.22388	3.22388e+06	
5600	47.4364	26.8536	0	3.22e-06	3.22e-06	0	4.55377	4.55377e+06	
5700	47.8364	27.2536	0	3.22e-06	3.22e-06	0	4.55377	4.55377e+06	
5800	48.2364	27.6536	0	3.22e-06	3.22e-06	0	4.55377	4.55377e+06	
5900	48.6364	28.0536	0	3.22e-06	3.22e-06	0	4.55377	4.55377e+06	
6000	49.0364	28.4536	0	3.22e-06	3.22e-06	0	4.55377	4.55377e+06	
6100	49.2238	28.8536	0	1.50884e-06	3.22e-06	0	3.55598	3.55598e+06	
6200	49.4112	29.2536	0	1.50884e-06	3.22e-06	0	3.55598	3.55598e+06	
6300	49.5987	29.6536	0	1.50884e-06	3.22e-06	0	3.55598	3.55598e+06	
6400	49.7861	30.0536	0	1.50884e-06	3.22e-06	0	3.55598	3.55598e+06	
6500	49.9735	30.4536	0	1.50884e-06	3.22e-06	0	3.55598	3.55598e+06	
6600	50.1861	30.8536	0	1.71086e-06	3.22e-06	0	3.64629	3.64629e+06	
6700	50.3986	31.2536	0	1.71086e-06	3.22e-06	0	3.64629	3.64629e+06	
6800	50.6111	31.6536	0	1.71086e-06	3.22e-06	0	3.64629	3.64629e+06	
6900	50.8236	32.0536	0	1.71086e-06	3.22e-06	0	3.64629	3.64629e+06	
7000	51.0362	32.4536	0	1.71086e-06	3.22e-06	0	3.64629	3.64629e+06	
7100	50.6362	32.8536	0	-3.22e-06	3.22e-06	0	4.55377	4.55377e+06	
7200	50.2362	33.2536	0	-3.22e-06	3.22e-06	0	4.55377	4.55377e+06	
7300	49.8362	33.6536	0	-3.22e-06	3.22e-06	0	4.55377	4.55377e+06	
7400	49.4362	34.0536	0	-3.22e-06	3.22e-06	0	4.55377	4.55377e+06	
7500	49.0362	34.4536	0	-3.22e-06	3.22e-06	0	4.55377	4.55377e+06	
7600	49.0089	34.8536	0	-2.19681e-07	3.22e-06	0	3.22749	3.22749e+06	
7700	48.9816	35.2536	0	-2.19681e-07	3.22e-06	0	3.22749	3.22749e+06	
7800	48.9543	35.6536	0	-2.19681e-07	3.22e-06	0	3.22749	3.22749e+06	
7900	48.927	36.0536	0	-2.19681e-07	3.22e-06	0	3.22749	3.22749e+06	
8000	48.8997	36.4536	0	-2.19681e-07	3.22e-06	0	3.22749	3.22749e+06	
8100	49.2388	36.658	0	2.72943e-06	1.64536e-06	0	3.18701	3.18701e+06	
8200	49.5778	36.8624	0	2.72943e-06	1.64536e-06	0	3.18701	3.18701e+06	
8300	49.9169	37.0668	0	2.72943e-06	1.64536e-06	0	3.18701	3.18701e+06	
8400	50.256	37.2712	0	2.72943e-06	1.64536e-06	0	3.18701	3.18701e+06	
8500	50.595	37.4756	0	2.72943e-06	1.64536e-06	0	3.18701	3.18701e+06	
8600	50.4336	37.7518	0	-1.29913e-06	2.22381e-06	0	2.57548	2.57548e+06	
8700	50.2723	38.0281	0	-1.29913e-06	2.22381e-06	0	2.57548	2.57548e+06	
8800	50.1109	38.3043	0	-1.29913e-06	2.22381e-06	0	2.57548	2.57548e+06	
8900	49.9495	38.5806	0	-1.29913e-06	2.22381e-06	0	2.57548	2.57548e+06	
9000	49.7881	38.8568	0	-1.29913e-06	2.22381e-06	0	2.57548	2.57548e+06	
9100	50.1881	39.2568	0	3.22e-06	3.22e-06	0	4.55377	4.55377e+06	
9200	50.5881	39.6568	0	3.22e-06	3.22e-06	0	4.55377	4.55377e+06	
9300	50.9881	40.0568	0	3.22e-06	3.22e-06	0	4.55377	4.55377e+06	
9400	51.3881	40.4568	0	3.22e-06	3.22e-06	0	4.55377	4.55377e+06	
9500	51.7876	40.8518	0	3.22e-06	3.22e-06	0	4.55377	4.55377e+06	
9600	51.5721	40.9085	0	-1.31479e-06	3.22e-06	0	3.47809	3.47809e+06	
9700	51.32	40.9745	0	-1.31479e-06	3.22e-06	0	3.47809	3.47809e+06	
9800	51.0389	41.0887	0	-1.31479e-06	3.22e-06	0	3.47809	3.47809e+06	
9900	50.7411	41.2651	0	-1.31479e-06	3.22e-06	0	3.47809	3.47809e+06	
10000	50.4469	41.5129	0	-1.31479e-06	3.22e-06	0	3.47809	3.47809e+06	
10100	50.3592	41.6394	0	1.7627e-06	3.22e-06	0	3.6709	3.6709e+06	
10200	50.2466	41.7865	0	1.7627e-06	3.22e-06	0	3.6709	3.6709e+06	
10300	50.186	41.8657	0	1.7627e-06	3.22e-06	0	3.6709	3.6709e+06	
10400	50.1857	41.866	0	1.7627e-06	3.22e-06	0	3.6709	3.6709e+06	
10500	50.1857	41.866	0	1.7627e-06	3.22e-06	0	3.6709	3.6709e+06	
10600	50.205	41.8557	0	3.22e-06	3.22e-06	0	4.55377	4.55377e+06	
10700	50.2051	41.8556	0	3.22e-06	3.22e-06	0	4.55377	4.55377e+06	
10800	50.2051	41.8556	0	3.22e-06	3.22e-06	0	4.55377	4.55377e+06	
10900	50.2051	41.8556	0	3.22e-06	3.22e-06	0	4.55377	4.55377e+06	
11000	50.2051	41.8556	0	3.22e-06	3.22e-06	0	4.55377	4.55377e+06	
11100	50.2051	41.8556	0	3.22e-06	3.22e-06	0	4.55377	4.55377e+06	
11200	50.2051	41.8556	0	3.22e-06	3.22e-06	0	4.55377	4.55377e+06	
11300	50.2051	41.8556	0	3.22e-06	3.22e-06	0	4.55377	4.55377e+06	
11400	50.2051	41.8556	0	3.22e-06	3.22e-06	0	4.55377	4.55377e+06	
11500	50.2051	41.8556	0	3.22e-06	3.22e-06	0	4.55377	4.55377e+06	
11600	50.2051	41.8556	0	3.22e-06	3.22e-06	0	4.55377	4.55377e+06	
11700	50.2051	41.8556	0	3.22e-06	3.22e-06	0	4.55377	4.55377e+06	
11800	50.2051	41.8556	0	3.22e-06	3.22e-06	0	4.55377	4.55377e+06	
11900	50.2051	41.8556	0	3.22e-06	3.22e-06	0	4.55377	4.55377e+06	
12000	50.2051	41.8556	0	3.22e-06	3.22e-06	0	4.55377	4.55377e+06	
12100	50.2051	41.8556	0	3.22e-06	3.22e-06	0	4.55377	4.55377e+06	
12200	50.2051	41.8556	0	3.22e-06	3.22e-06	0	4.55377	4.55377e+06	
12300	50.2051	41.8556	0	3.22e-06	3.22e-06	0	4.55377	4.55377e+06	
12400	50.2051	41.8556	0	3.22e-06	3.22e-06	0	4.55377	4.55377e+06	
12500	50.2051	41.8556	0	3.22e-06	3.22e-06	0	4.55377	4.55377e+06	
12600	50.2075	41.8517	0	3.22e-06	3.01037e-06	0	4.40803	4.40803e+06	
12700	50.2075	41.8517	0	3.22e-06	3.01037e-06	0	4.40803	4.40803e+06	
12800	50.2075	41.8517	0	3.22e-06	3.01037e-06	0	4.40803	4.40803e+06	
12900	50.2075	41.8517	0	3.22e-06	3.01037e-06	0	4.40803	4.40803e+06	
13000	50.2075	41.8517	0	3.22e-06	3.01037e-06	0	4.40803	4.40803e+06	
13100	50.1949	41.8621	0	2.43808e-06	3.22e-06	0	4.03889	4.03889e+06	
13200	50.1949	41.8621	0	2.43808e-06	3.22e-06	0	4.03889	4.03889e+06	
13300	50.1949	41.8621	0	2.43808e-06	3.22e-06	0	4.03889	4.03889e+06	
13400	50.1949	41.8621	0	2.43808e-06	3.22e-06	0	4.03889	4.03889e+06	
13500	50.1949	41.8621	0	2.43808e-06	3.22e-06	0	4.03889	4.03889e+06	
13600	50.2597	41.76	0	2.63048e-06	8.22539e-07	0	2.75608	2.75608e+06	
13700	50.3286	41.668	0	2.63048e-06	8.22539e-07	0	2.75608	2.75608e+06	
13800	50.4145	41.5661	0	2.63048e-06	8.22539e-07	0	2.75608	2.75608e+06	
13900	50.5214	41.4551	0	2.63048e-06	8.22539e-07	0	2.75608	2.75608e+06	
14000	50.6537	41.3373	0	2.63048e-06	8.22539e-07	0	2.75608	2.75608e+06	
14100	50.5204	41.3814	0	-7.77008e-07	7.07082e-07	0	1.05057	1.05057e+06	
14200	50.4149	41.4598	0	-7.77008e-07	7.07082e-07	0	1.05057	1.05057e+06	
14300	50.3142	41.5438	0	-7.77008e-07	7.07082e-07	0	1.05057	1.05057e+06	
14400	50.216	41.6302	0	-7.77008e-07	7.07082e-07	0	1.05057	1.05057e+06	
14500	50.1189	41.7176	0	-7.77008e-07	7.07082e-07	0	1.05057	1.05057e+06	
14600	50.3665	41.6195	0	3.06084e-06	5.56289e-08	0	3.06135	3.06135e+06	
14700	50.542	41.4324	0	3.06084e-06	5.56289e-08	0	3.06135	3.06135e+06	
14800	50.7653	41.2473	0	3.06084e-06	5.56289e-08	0	3.06135	3.06135e+06	
14900	51.0392	41.0782	0	3.06084e-06	5.56289e-08	0	3.06135	3.06135e+06	
15000	51.3606	40.9415	0	3.06084e-06	5.56289e-08	0	3.06135	3.06135e+06	
15100	51.1348	40.9285	0	-1.76213e-06	6.50431e-08	0	1.76333	1.76333e+06	
15200	50.9157	40.9363	0	-1.76213e-06	6.50431e-08	0	1.76333	1.76333e+06	
15300	50.6968	40.9444	0	-1.76213e-06	6.50431e-08	0	1.76333	1.76333e+06	
15400	50.4779	40.9524	0	-1.76213e-06	6.50431e-08	0	1.76333	1.76333e+06	
15500	50.259	40.9605	0	-1.76213e-06	6.50431e-08	0	1.76333	1.76333e+06	
15600	50.659	40.8009	0	3.22e-06	-1.2847e-06	0	3.46682	3.46682e+06	
15700	51.059	40.6413	0	3.22e-06	-1.2847e-06	0	3.46682	3.46682e+06	
15800	51.459	40.4818	0	3.22e-06	-1.2847e-06	0	3.46682	3.46682e+06	
15900	51.859	40.3222	0	3.22e-06	-1.2847e-06	0	3.46682	3.46682e+06	
16000	52.259	40.1626	0	3.22e-06	-1.2847e-06	0	3.46682	3.46682e+06	
16100	51.971	40.0993	0	-2.31878e-06	-5.09124e-07	0	2.37401	2.37401e+06	
16200	51.6829	40.0361	0	-2.31878e-06	-5.09124e-07	0	2.37401	2.37401e+06	
16300	51.3949	39.9728	0	-2.31878e-06	-5.09124e-07	0	2.37401	2.37401e+06	
16400	51.1068	39.9096	0	-2.31878e-06	-5.09124e-07	0	2.37401	2.37401e+06	
16500	50.8188	39.8463	0	-2.31878e-06	-5.09124e-07	0	2.37401	2.37401e+06	
16600	50.5346	40.083	0	-2.28755e-06	1.90488e-06	0	2.97682	2.97682e+06	
16700	50.2504	40.3196	0	-2.28755e-06	1.90488e-06	0	2.97682	2.97682e+06	
16800	49.9663	40.5562	0	-2.28755e-06	1.90488e-06	0	2.97682	2.97682e+06	
16900	49.6821	40.7929	0	-2.28755e-06	1.90488e-06	0	2.97682	2.97682e+06	
17000	49.3979	41.0295	0	-2.28755e-06	1.90488e-06	0	2.97682	2.97682e+06	
17100	49.7578	41.3605	0	2.89726e-06	2.66479e-06	0	3.9364	3.9364e+06	
17200	50.1178	41.6916	0	2.89726e-06	2.66479e-06	0	3.9364	3.9364e+06	
17300	50.2181	41.8336	0	2.89726e-06	2.66479e-06	0	3.9364	3.9364e+06	
17400	50.2077	41.8476	0	2.89726e-06	2.66479e-06	0	3.9364	3.9364e+06	
17500	50.2071	41.8483	0	2.89726e-06	2.66479e-06	0	3.9364	3.9364e+06	
17600	50.242	41.7903	0	2.73993e-06	1.37609e-06	0	3.06608	3.06608e+06	
17700	50.2759	41.7425	0	2.73993e-06	1.37609e-06	0	3.06608	3.06608e+06	
17800	50.3169	41.6879	0	2.73993e-06	1.37609e-06	0	3.06608	3.06608e+06	
17900	50.368	41.6246	0	2.73993e-06	1.37609e-06	0	3.06608	3.06608e+06	
18000	50.4318	41.552	0	2.73993e-06	1.37609e-06	0	3.06608	3.06608e+06	
18100	50.4661	41.5139	0	2.30062e-06	1.60635e-06	0	2.80592	2.80592e+06	
18200	50.5085	41.4712	0	2.30062e-06	1.60635e-06	0	2.80592	2.80592e+06	
18300	50.5598	41.4226	0	2.30062e-06	1.60635e-06	0	2.80592	2.80592e+06	
18400	50.6219	41.3678	0	2.30062e-06	1.60635e-06	0	2.80592	2.80592e+06	
18500	50.6972	41.3067	0	2.30062e-06	1.60635e-06	0	2.80592	2.80592e+06	
18600	50.266	41.6491	0	-3.05608e-06	3.22e-06	0	4.43937	4.43937e+06	
18700	49.8815	41.8696	0	-3.05608e-06	3.22e-06	0	4.43937	4.43937e+06	
18800	49.4683	41.9125	0	-3.05608e-06	3.22e-06	0	4.43937	4.43937e+06	
18900	49.1423	41.8733	0	-3.05608e-06	3.22e-06	0	4.43937	4.43937e+06	
19000	48.7557	41.8791	0	-3.05608e-06	3.22e-06	0	4.43937	4.43937e+06	
19100	48.9663	41.8678	0	1.91898e-06	3.22e-06	0	3.74845	3.74845e+06	
19200	49.2206	41.8774	0	1.91898e-06	3.22e-06	0	3.74845	3.74845e+06	
19300	49.5019	41.9127	0	1.91898e-06	3.22e-06	0	3.74845	3.74845e+06	
19400	49.6877	41.8915	0	1.91898e-06	3.22e-06	0	3.74845	3.74845e+06	
19500	49.8831	41.8711	0	1.91898e-06	3.22e-06	0	3.74845	3.74845e+06	
19600	50.2007	41.8604	0	3.22e-06	3.22e-06	0	4.55377	4.55377e+06	
19700	50.2051	41.8557	0	3.22e-06	3.22e-06	0	4.55377	4.55377e+06	
19800	50.2051	41.8556	0	3.22e-06	3.22e-06	0	4.55377	4.55377e+06	
19900	50.2051	41.8556	0	3.22e-06	3.22e-06	0	4.55377	4.55377e+06	
20000	50.2051	41.8556	0	3.22e-06	3.22e-06	0	4.55377	4.55377e+06	
20100	50.1809	41.8673	0	1.4559e-06	3.22e-06	0	3.53384	3.53384e+06	
20200	50.1809	41.8673	0	1.4559e-06	3.22e-06	0	3.53384	3.53384e+06	
20300	50.1809	41.8673	0	1.4559e-06	3.22e-06	0	3.53384	3.53384e+06	
20400	50.1809	41.8673	0	1.4559e-06	3.22e-06	0	3.53384	3.53384e+06	
20500	50.1809	41.8673	0	1.4559e-06	3.22e-06	0	3.53384	3.53384e+06	
20600	50.0898	41.8692	0	-6.13554e-07	3.22e-06	0	3.27793	3.27793e+06	
20700	50.0228	41.8674	0	-6.13554e-07	3.22e-06	0	3.27793	3.27793e+06	
20800	49.9437	41.8679	0	-6.13554e-07	3.22e-06	0	3.27793	3.27793e+06	
20900	49.8486	41.8723	0	-6.13554e-07	3.22e-06	0	3.27793	3.27793e+06	
21000	49.735	41.8831	0	-6.13554e-07	3.22e-06	0	3.27793	3.27793e+06	
21100	49.5944	41.9033	0	-6.9122e-07	3.22e-06	0	3.29335	3.29335e+06	
21200	49.4842	41.9128	0	-6.9122e-07	3.22e-06	0	3.29335	3.29335e+06	
21300	49.4344	41.9087	0	-6.9122e-07	3.22e-06	0	3.29335	3.29335e+06	
21400	49.404	41.9044	0	-6.9122e-07	3.22e-06	0	3.29335	3.29335e+06	
21500	49.3793	41.9006	0	-6.9122e-07	3.22e-06	0	3.29335	3.29335e+06	
21600	49.6002	41.9048	0	1.81468e-06	3.22e-06	0	3.69614	3.69614e+06	
21700	49.7664	41.8812	0	1.81468e-06	3.22e-06	0	3.69614	3.69614e+06	
21800	49.9648	41.8678	0	1.81468e-06	3.22e-06	0	3.69614	3.69614e+06	
21900	50.1759	41.8692	0	1.81468e-06	3.22e-06	0	3.69614	3.69614e+06	
22000	50.1864	41.8657	0	1.81468e-06	3.22e-06	0	3.69614	3.69614e+06	
22100	50.164	41.87	0	6.49305e-07	3.22e-06	0	3.28481	3.28481e+06	
22200	50.1638	41.87	0	6.49305e-07	3.22e-06	0	3.28481	3.28481e+06	
22300	50.1638	41.87	0	6.49305e-07	3.22e-06	0	3.28481	3.28481e+06	
22400	50.1638	41.87	0	6.49305e-07	3.22e-06	0	3.28481	3.28481e+06	
22500	50.1638	41.87	0	6.49305e-07	3.22e-06	0	3.28481	3.28481e+06	
22600	50.1941	41.8625	0	2.37635e-06	3.22e-06	0	4.00193	4.00193e+06	
22700	50.1941	41.8625	0	2.37635e-06	3.22e-06	0	4.00193	4.00193e+06	
22800	50.1941	41.8625	0	2.37635e-06	3.22e-06	0	4.00193	4.00193e+06	
22900	50.1941	41.8625	0	2.37635e-06	3.22e-06	0	4.00193	4.00193e+06	
23000	50.1941	41.8625	0	2.37635e-06	3.22e-06	0	4.00193	4.00193e+06	
23100	50.1521	41.8706	0	2.85968e-07	3.22e-06	0	3.23267	3.23267e+06	
23200	50.1505	41.8706	0	2.85968e-07	3.22e-06	0	3.23267	3.23267e+06	
23300	50.1504	41.8706	0	2.85968e-07	3.22e-06	0	3.23267	3.23267e+06	
23400	50.1504	41.8706	0	2.85968e-07	3.22e-06	0	3.23267	3.23267e+06	
23500	50.1504	41.8706	0	2.85968e-07	3.22e-06	0	3.23267	3.23267e+06	
23600	50.2049	41.8558	0	3.22e-06	3.22e-06	0	4.55377	4.55377e+06	
23700	50.2051	41.8556	0	3.22e-06	3.22e-06	0	4.55377	4.55377e+06	
23800	50.2051	41.8556	0	3.22e-06	3.22e-06	0	4.55377	4.55377e+06	
23900	50.2051	41.8556	0	3.22e-06	3.22e-06	0	4.55377	4.55377e+06	
24000	50.2051	41.8556	0	3.22e-06	3.22e-06	0	4.55377	4.55377e+06	
24100	50.2043	41.8562	0	3.15938e-06	3.22e-06	0	4.5111	4.5111e+06	
24200	50.2043	41.8563	0	3.15938e-06	3.22e-06	0	4.5111	4.5111e+06	
24300	50.2043	41.8563	0	3.15938e-06	3.22e-06	0	4.5111	4.5111e+06	
24400	50.2043	41.8563	0	3.15938e-06	3.22e-06	0	4.5111	4.5111e+06	
24500	50.2043	41.8563	0	3.15938e-06	3.22e-06	0	4.5111	4.5111e+06	
24600	50.2051	41.8556	0	3.22e-06	3.22e-06	0	4.55377	4.55377e+06	
24700	50.2051	41.8556	0	3.22e-06	3.22e-06	0	4.55377	4.55377e+06	
24800	50.2051	41.8556	0	3.22e-06	3.22e-06	0	4.55377	4.55377e+06	
24900	50.2051	41.8556	0	3.22e-06	3.22e-06	0	4.55377	4.55377e+06	
25000	50.2051	41.8556	0	3.22e-06	3.22e-06	0	4.55377	4.55377e+06	
25100	50.2051	41.8556	0	3.22e-06	3.22e-06	0	4.55377	4.55377e+06	
25200	50.2051	41.8556	0	3.22e-06	3.22e-06	0	4.55377	4.55377e+06	
25300	50.2051	41.8556	0	3.22e-06	3.22e-06	0	4.55377	4.55377e+06	
25400	50.2051	41.8556	0	3.22e-06	3.22e-06	0	4.55377	4.55377e+06	
25500	50.2051	41.8556	0	3.22e-06	3.22e-06	0	4.55377	4.55377e+06	
25600	50.2013	41.8512	0	2.42771e-06	2.49947e-06	0	3.48441	3.48441e+06	
25700	50.2013	41.8511	0	2.42771e-06	2.49947e-06	0	3.48441	3.48441e+06	
25800	50.2013	41.8511	0	2.42771e-06	2.49947e-06	0	3.48441	3.48441e+06	
25900	50.2013	41.8511	0	2.42771e-06	2.49947e-06	0	3.48441	3.48441e+06	
26000	50.2013	41.8511	0	2.42771e-06	2.49947e-06	0	3.48441	3.48441e+06	
26100	50.1834	41.8637	0	1.49684e-06	2.84744e-06	0	3.2169	3.2169e+06	
26200	50.1833	41.8637	0	1.49684e-06	2.84744e-06	0	3.2169	3.2169e+06	
26300	50.1833	41.8637	0	1.49684e-06	2.84744e-06	0	3.2169	3.2169e+06	
26400	50.1833	41.8637	0	1.49684e-06	2.84744e-06	0	3.2169	3.2169e+06	
26500	50.1833	41.8637	0	1.49684e-06	2.84744e-06	0	3.2169	3.2169e+06	
26600	50.1782	41.868	0	1.30256e-06	3.22e-06	0	3.47348	3.47348e+06	
26700	50.1782	41.868	0	1.30256e-06	3.22e-06	0	3.47348	3.47348e+06	
26800	50.1782	41.868	0	1.30256e-06	3.22e-06	0	3.47348	3.47348e+06	
26900	50.1782	41.868	0	1.30256e-06	3.22e-06	0	3.47348	3.47348e+06	
27000	50.1782	41.868	0	1.30256e-06	3.22e-06	0	3.47348	3.47348e+06	
27100	50.1967	41.8612	0	2.57331e-06	3.22e-06	0	4.12193	4.12193e+06	
27200	50.1967	41.8612	0	2.57331e-06	3.22e-06	0	4.12193	4.12193e+06	
27300	50.1967	41.8612	0	2.57331e-06	3.22e-06	0	4.12193	4.12193e+06	
27400	50.1967	41.8612	0	2.57331e-06	3.22e-06	0	4.12193	4.12193e+06	
27500	50.1967	41.8612	0	2.57331e-06	3.22e-06	0	4.12193	4.12193e+06	
27600	50.2026	41.8575	0	3.03137e-06	3.22e-06	0	4.4224	4.4224e+06	
27700	50.2026	41.8575	0	3.03137e-06	3.22e-06	0	4.4224	4.4224e+06	
27800	50.2026	41.8575	0	3.03137e-06	3.22e-06	0	4.4224	4.4224e+06	
27900	50.2026	41.8575	0	3.03137e-06	3.22e-06	0	4.4224	4.4224e+06	
28000	50.2026	41.8575	0	3.03137e-06	3.22e-06	0	4.4224	4.4224e+06	
28100	50.2051	41.8557	0	3.22e-06	3.22e-06	0	4.55377	4.55377e+06	
28200	50.2051	41.8556	0	3.22e-06	3.22e-06	0	4.55377	4.55377e+06	
28300	50.2051	41.8556	0	3.22e-06	3.22e-06	0	4.55377	4.55377e+06	
28400	50.2051	41.8556	0	3.22e-06	3.22e-06	0	4.55377	4.55377e+06	
28500	50.2051	41.8556	0	3.22e-06	3.22e-06	0	4.55377	4.55377e+06	
28600	50.2051	41.8556	0	3.22e-06	3.22e-06	0	4.55377	4.55377e+06	
28700	50.2051	41.8556	0	3.22e-06	3.22e-06	0	4.55377	4.55377e+06	
28800	50.2051	41.8556	0	3.22e-06	3.22e-06	0	4.55377	4.55377e+06	
28900	50.2051	41.8556	0	3.22e-06	3.22e-06	0	4.55377	4.55377e+06	
29000	50.2051	41.8556	0	3.22e-06	3.22e-06	0	4.55377	4.55377e+06	
29100	50.2051	41.8556	0	3.22e-06	3.22e-06	0	4.55377	4.55377e+06	
29200	50.2051	41.8556	0	3.22e-06	3.22e-06	0	4.55377	4.55377e+06	
29300	50.2051	41.8556	0	3.22e-06	3.22e-06	0	4.55377	4.55377e+06	
29400	50.2051	41.8556	0	3.22e-06	3.22e-06	0	4.55377	4.55377e+06	
29500	50.2051	41.8556	0	3.22e-06	3.22e-06	0	4.55377	4.55377e+06	
29600	50.2051	41.8556	0	3.22e-06	3.22e-06	0	4.55377	4.55377e+06	
29700	50.2051	41.8556	0	3.22e-06	3.22e-06	0	4.55377	4.55377e+06	
29800	50.2051	41.8556	0	3.22e-06	3.22e-06	0	4.55377	4.55377e+06	
29900	50.2051	41.8556	0	3.22e-06	3.22e-06	0	4.55377	4.55377e+06	
30000	50.2051	41.8556	0	3.22e-06	3.22e-06	0	4.55377	4.55377e+06	
30100	50.2051	41.8556	0	3.22e-06	3.22e-06	0	4.55377	4.55377e+06	
30200	50.2051	41.8556	0	3.22e-06	3.22e-06	0	4.55377	4.55377e+06	
30300	50.2051	41.8556	0	3.22e-06	3.22e-06	0	4.55377	4.55377e+06	
30400	50.2051	41.8556	0	3.22e-06	3.22e-06	0	4.55377	4.55377e+06	
30500	50.2051	41.8556	0	3.22e-06	3.22e-06	0	4.55377	4.55377e+06	
30600	50.2043	41.8562	0	3.16486e-06	3.22e-06	0	4.51494	4.51494e+06	
30700	50.2043	41.8562	0	3.16486e-06	3.22e-06	0	4.51494	4.51494e+06	
30800	50.2043	41.8562	0	3.16486e-06	3.22e-06	0	4.51494	4.51494e+06	
30900	50.2043	41.8562	0	3.16486e-06	3.22e-06	0	4.51494	4.51494e+06	
31000	50.2043	41.8562	0	3.16486e-06	3.22e-06	0	4.51494	4.51494e+06	
31100	50.1918	41.8636	0	2.20224e-06	3.22e-06	0	3.90106	3.90106e+06	
31200	50.1918	41.8636	0	2.20224e-06	3.22e-06	0	3.90106	3.90106e+06	
31300	50.1918	41.8636	0	2.20224e-06	3.22e-06	0	3.90106	3.90106e+06	
31400	50.1918	41.8636	0	2.20224e-06	3.22e-06	0	3.90106	3.90106e+06	
31500	50.1918	41.8636	0	2.20224e-06	3.22e-06	0	3.90106	3.90106e+06	
31600	50.1767	41.8593	0	9.81066e-07	2.19017e-06	0	2.39987	2.39987e+06	
31700	50.1766	41.8593	0	9.81066e-07	2.19017e-06	0	2.39987	2.39987e+06	
31800	50.1766	41.8593	0	9.81066e-07	2.19017e-06	0	2.39987	2.39987e+06	
31900	50.1766	41.8593	0	9.81066e-07	2.19017e-06	0	2.39987	2.39987e+06	
32000	50.1766	41.8593	0	9.81066e-07	2.19017e-06	0	2.39987	2.39987e+06	
32100	50.146	41.8707	0	1.55943e-07	3.22e-06	0	3.22377	3.22377e+06	
32200	50.1433	41.8707	0	1.55943e-07	3.22e-06	0	3.22377	3.22377e+06	
32300	50.1429	41.8707	0	1.55943e-07	3.22e-06	0	3.22377	3.22377e+06	
32400	50.1428	41.8707	0	1.55943e-07	3.22e-06	0	3.22377	3.22377e+06	
32500	50.1428	41.8707	0	1.55943e-07	3.22e-06	0	3.22377	3.22377e+06	
32600	50.1638	41.8629	0	5.87905e-07	2.32298e-06	0	2.39622	2.39622e+06	
32700	50.1646	41.8628	0	5.87905e-07	2.32298e-06	0	2.39622	2.39622e+06	
32800	50.1646	41.8628	0	5.87905e-07	2.32298e-06	0	2.39622	2.39622e+06	
32900	50.1646	41.8628	0	5.87905e-07	2.32298e-06	0	2.39622	2.39622e+06	
33000	50.1646	41.8628	0	5.87905e-07	2.32298e-06	0	2.39622	2.39622e+06	
33100	50.1686	41.867	0	7.91004e-07	2.87522e-06	0	2.98205	2.98205e+06	
33200	50.1686	41.867	0	7.91004e-07	2.87522e-06	0	2.98205	2.98205e+06	
33300	50.1686	41.867	0	7.91004e-07	2.87522e-06	0	2.98205	2.98205e+06	
33400	50.1686	41.867	0	7.91004e-07	2.87522e-06	0	2.98205	2.98205e+06	
33500	50.1686	41.867	0	7.91004e-07	2.87522e-06	0	2.98205	2.98205e+06	
33600	50.2136	41.8303	0	2.41899e-06	1.75103e-06	0	2.98624	2.98624e+06	
33700	50.2193	41.8224	0	2.41899e-06	1.75103e-06	0	2.98624	2.98624e+06	
33800	50.2218	41.8188	0	2.41899e-06	1.75103e-06	0	2.98624	2.98624e+06	
33900	50.2231	41.817	0	2.41899e-06	1.75103e-06	0	2.98624	2.98624e+06	
34000	50.2238	41.8159	0	2.41899e-06	1.75103e-06	0	2.98624	2.98624e+06	
34100	50.2032	41.8492	0	2.46189e-06	2.50653e-06	0	3.51334	3.51334e+06	
34200	50.2018	41.8508	0	2.46189e-06	2.50653e-06	0	3.51334	3.51334e+06	
34300	50.2018	41.8509	0	2.46189e-06	2.50653e-06	0	3.51334	3.51334e+06	
34400	50.2018	41.8509	0	2.46189e-06	2.50653e-06	0	3.51334	3.51334e+06	
34500	50.2018	41.8509	0	2.46189e-06	2.50653e-06	0	3.51334	3.51334e+06	
34600	50.304	41.7038	0	3.22e-06	6.02601e-07	0	3.2759	3.2759e+06	
34700	50.4316	41.5505	0	3.22e-06	6.02601e-07	0	3.2759	3.2759e+06	
34800	50.5987	41.3864	0	3.22e-06	6.02601e-07	0	3.2759	3.2759e+06	
34900	50.8134	41.2199	0	3.22e-06	6.02601e-07	0	3.2759	3.2759e+06	
35000	51.0814	41.0642	0	3.22e-06	6.02601e-07	0	3.2759	3.2759e+06	
35100	51.0628	40.814	0	-9.58573e-08	-1.899e-06	0	1.90142	1.90142e+06	
35200	51.0509	40.5781	0	-9.58573e-08	-1.899e-06	0	1.90142	1.90142e+06	
35300	51.039	40.3422	0	-9.58573e-08	-1.899e-06	0	1.90142	1.90142e+06	
35400	51.0271	40.1063	0	-9.58573e-08	-1.899e-06	0	1.90142	1.90142e+06	
35500	51.0152	39.8704	0	-9.58573e-08	-1.899e-06	0	1.90142	1.90142e+06	
35600	50.6238	39.7965	0	-3.15072e-06	-5.94536e-07	0	3.20632	3.20632e+06	
35700	50.2324	39.7227	0	-3.15072e-06	-5.94536e-07	0	3.20632	3.20632e+06	
35800	49.841	39.6488	0	-3.15072e-06	-5.94536e-07	0	3.20632	3.20632e+06	
35900	49.4496	39.5749	0	-3.15072e-06	-5.94536e-07	0	3.20632	3.20632e+06	
36000	49.0582	39.5011	0	-3.15072e-06	-5.94536e-07	0	3.20632	3.20632e+06	
36100	49.4582	39.451	0	3.22e-06	-4.02844e-07	0	3.2451	3.2451e+06	
36200	49.8582	39.401	0	3.22e-06	-4.02844e-07	0	3.2451	3.2451e+06	
36300	50.2582	39.351	0	3.22e-06	-4.02844e-07	0	3.2451	3.2451e+06	
36400	50.6582	39.3009	0	3.22e-06	-4.02844e-07	0	3.2451	3.2451e+06	
36500	51.0582	39.2509	0	3.22e-06	-4.02844e-07	0	3.2451	3.2451e+06	
36600	50.8632	39.0684	0	-1.56962e-06	-1.46899e-06	0	2.1498	2.1498e+06	
36700	50.6682	38.8859	0	-1.56962e-06	-1.46899e-06	0	2.1498	2.1498e+06	
36800	50.4733	38.7034	0	-1.56962e-06	-1.46899e-06	0	2.1498	2.1498e+06	
36900	50.2783	38.5209	0	-1.56962e-06	-1.46899e-06	0	2.1498	2.1498e+06	
37000	50.0833	38.3385	0	-1.56962e-06	-1.46899e-06	0	2.1498	2.1498e+06	
37100	49.7869	38.0718	0	-2.38609e-06	-2.14635e-06	0	3.2094	3.2094e+06	
37200	49.4905	37.8052	0	-2.38609e-06	-2.14635e-06	0	3.2094	3.2094e+06	
37300	49.1941	37.5386	0	-2.38609e-06	-2.14635e-06	0	3.2094	3.2094e+06	
37400	48.8977	37.2719	0	-2.38609e-06	-2.14635e-06	0	3.2094	3.2094e+06	
37500	48.6012	37.0053	0	-2.38609e-06	-2.14635e-06	0	3.2094	3.2094e+06	
37600	48.3584	36.6053	0	-1.95479e-06	-3.22e-06	0	3.76691	3.76691e+06	
37700	48.1156	36.2053	0	-1.95479e-06	-3.22e-06	0	3.76691	3.76691e+06	
37800	47.8728	35.8053	0	-1.95479e-06	-3.22e-06	0	3.76691	3.76691e+06	
37900	47.6299	35.4053	0	-1.95479e-06	-3.22e-06	0	3.76691	3.76691e+06	
38000	47.3871	35.0053	0	-1.95479e-06	-3.22e-06	0	3.76691	3.76691e+06	
38100	47.413	34.6053	0	2.0875e-07	-3.22e-06	0	3.22676	3.22676e+06	
38200	47.439	34.2053	0	2.0875e-07	-3.22e-06	0	3.22676	3.22676e+06	
38300	47.4649	33.8053	0	2.0875e-07	-3.22e-06	0	3.22676	3.22676e+06	
38400	47.4908	33.4053	0	2.0875e-07	-3.22e-06	0	3.22676	3.22676e+06	
38500	47.5167	33.0053	0	2.0875e-07	-3.22e-06	0	3.22676	3.22676e+06	
38600	47.6291	32.6248	0	9.04171e-07	-3.06316e-06	0	3.19382	3.19382e+06	
38700	47.7414	32.2443	0	9.04171e-07	-3.06316e-06	0	3.19382	3.19382e+06	
38800	47.8537	31.8638	0	9.04171e-07	-3.06316e-06	0	3.19382	3.19382e+06	
38900	47.966	31.4833	0	9.04171e-07	-3.06316e-06	0	3.19382	3.19382e+06	
39000	48.0783	31.1027	0	9.04171e-07	-3.06316e-06	0	3.19382	3.19382e+06	
39100	47.9814	30.7027	0	-7.80145e-07	-3.22e-06	0	3.31316	3.31316e+06	
39200	47.8845	30.3027	0	-7.80145e-07	-3.22e-06	0	3.31316	3.31316e+06	
39300	47.7876	29.9027	0	-7.80145e-07	-3.22e-06	0	3.31316	3.31316e+06	
39400	47.6907	29.5027	0	-7.80145e-07	-3.22e-06	0	3.31316	3.31316e+06	
39500	47.5938	29.1027	0	-7.80145e-07	-3.22e-06	0	3.31316	3.31316e+06	
39600	47.4042	28.7027	0	-1.52594e-06	-3.22e-06	0	3.56327	3.56327e+06	
39700	47.2147	28.3027	0	-1.52594e-06	-3.22e-06	0	3.56327	3.56327e+06	
39800	47.0251	27.9027	0	-1.52594e-06	-3.22e-06	0	3.56327	3.56327e+06	
39900	46.8356	27.5027	0	-1.52594e-06	-3.22e-06	0	3.56327	3.56327e+06	
40000	46.646	27.1027	0	-1.52594e-06	-3.22e-06	0	3.56327	3.56327e+06	
40100	46.246	26.7027	0	-3.22e-06	-3.22e-06	0	4.55377	4.55377e+06	
40200	45.846	26.3027	0	-3.22e-06	-3.22e-06	0	4.55377	4.55377e+06	
40300	45.446	25.9027	0	-3.22e-06	-3.22e-06	0	4.55377	4.55377e+06	
40400	45.046	25.5027	0	-3.22e-06	-3.22e-06	0	4.55377	4.55377e+06	
40500	44.646	25.1027	0	-3.22e-06	-3.22e-06	0	4.55377	4.55377e+06	
40600	44.246	24.7813	0	-3.22e-06	-2.5872e-06	0	4.13062	4.13062e+06	
40700	43.846	24.46	0	-3.22e-06	-2.5872e-06	0	4.13062	4.13062e+06	
40800	43.446	24.1386	0	-3.22e-06	-2.5872e-06	0	4.13062	4.13062e+06	
40900	43.0464	23.8173	0	-3.22e-06	-2.5872e-06	0	4.13062	4.13062e+06	
41000	43.0334	23.6315	0	-3.22e-06	-2.5872e-06	0	4.13062	4.13062e+06	
41100	43.1093	23.3237	0	-2.53601e-06	-3.22e-06	0	4.09875	4.09875e+06	
41200	43.1372	22.9477	0	-2.53601e-06	-3.22e-06	0	4.09875	4.09875e+06	
41300	43.0952	22.5207	0	-2.53601e-06	-3.22e-06	0	4.09875	4.09875e+06	
41400	43.1296	22.1597	0	-2.53601e-06	-3.22e-06	0	4.09875	4.09875e+06	
41500	43.1264	21.7557	0	-2.53601e-06	-3.22e-06	0	4.09875	4.09875e+06	
41600	43.08	21.5168	0	-3.22e-06	-1.43639e-06	0	3.52585	3.52585e+06	
41700	42.999	21.2427	0	-3.22e-06	-1.43639e-06	0	3.52585	3.52585e+06	
41800	42.8616	20.9423	0	-3.22e-06	-1.43639e-06	0	3.52585	3.52585e+06	
41900	42.6546	20.6326	0	-3.22e-06	-1.43639e-06	0	3.52585	3.52585e+06	
42000	42.3726	20.3381	0	-3.22e-06	-1.43639e-06	0	3.52585	3.52585e+06	
42100	42.2258	20.2568	0	-3.22e-06	2.01745e-06	0	3.7998	3.7998e+06	
42200	42.0557	20.1477	0	-3.22e-06	2.01745e-06	0	3.7998	3.7998e+06	
42300	41.9174	20.0561	0	-3.22e-06	2.01745e-06	0	3.7998	3.7998e+06	
42400	41.901	20.0333	0	-3.22e-06	2.01745e-06	0	3.7998	3.7998e+06	
42500	41.8972	20.0273	0	-3.22e-06	2.01745e-06	0	3.7998	3.7998e+06	
42600	41.925	20.0707	0	-3.22e-06	3.22e-06	0	4.55377	4.55377e+06	
42700	41.927	20.0728	0	-3.22e-06	3.22e-06	0	4.55377	4.55377e+06	
42800	41.9271	20.0729	0	-3.22e-06	3.22e-06	0	4.55377	4.55377e+06	
42900	41.9271	20.0729	0	-3.22e-06	3.22e-06	0	4.55377	4.55377e+06	
43000	41.9271	20.0729	0	-3.22e-06	3.22e-06	0	4.55377	4.55377e+06	
43100	41.9271	20.0729	0	-3.22e-06	3.22e-06	0	4.55377	4.55377e+06	
43200	41.9271	20.0729	0	-3.22e-06	3.22e-06	0	4.55377	4.55377e+06	
43300	41.9271	20.0729	0	-3.22e-06	3.22e-06	0	4.55377	4.55377e+06	
43400	41.9271	20.0729	0	-3.22e-06	3.22e-06	0	4.55377	4.55377e+06	
43500	41.9271	20.0729	0	-3.22e-06	3.22e-06	0	4.55377	4.55377e+06	
43600	41.9118	20.051	0	-3.22e-06	2.40633e-06	0	4.01981	4.01981e+06	
43700	41.9101	20.0487	0	-3.22e-06	2.40633e-06	0	4.01981	4.01981e+06	
43800	41.9099	20.0484	0	-3.22e-06	2.40633e-06	0	4.01981	4.01981e+06	
43900	41.9099	20.0484	0	-3.22e-06	2.40633e-06	0	4.01981	4.01981e+06	
44000	41.9098	20.0484	0	-3.22e-06	2.40633e-06	0	4.01981	4.01981e+06	
44100	41.9261	20.0719	0	-3.22e-06	3.22e-06	0	4.55377	4.55377e+06	
44200	41.9271	20.0729	0	-3.22e-06	3.22e-06	0	4.55377	4.55377e+06	
44300	41.9271	20.0729	0	-3.22e-06	3.22e-06	0	4.55377	4.55377e+06	
44400	41.9271	20.0729	0	-3.22e-06	3.22e-06	0	4.55377	4.55377e+06	
44500	41.9271	20.0729	0	-3.22e-06	3.22e-06	0	4.55377	4.55377e+06	
44600	41.9271	20.0729	0	-3.22e-06	3.22e-06	0	4.55377	4.55377e+06	
44700	41.9271	20.0729	0	-3.22e-06	3.22e-06	0	4.55377	4.55377e+06	
44800	41.9271	20.0729	0	-3.22e-06	3.22e-06	0	4.55377	4.55377e+06	
44900	41.9271	20.0729	0	-3.22e-06	3.22e-06	0	4.55377	4.55377e+06	
45000	41.9271	20.0729	0	-3.22e-06	3.22e-06	0	4.55377	4.55377e+06	
45100	41.9271	20.0729	0	-3.22e-06	3.22e-06	0	4.55377	4.55377e+06	
45200	41.9271	20.0729	0	-3.22e-06	3.22e-06	0	4.55377	4.55377e+06	
45300	41.9271	20.0729	0	-3.22e-06	3.22e-06	0	4.55377	4.55377e+06	
45400	41.9271	20.0729	0	-3.22e-06	3.22e-06	0	4.55377	4.55377e+06	
45500	41.9271	20.0729	0	-3.22e-06	3.22e-06	0	4.55377	4.55377e+06	
45600	41.9271	20.0729	0	-3.22e-06	3.22e-06	0	4.55377	4.55377e+06	
45700	41.9271	20.0729	0	-3.22e-06	3.22e-06	0	4.55377	4.55377e+06	
45800	41.9271	20.0729	0	-3.22e-06	3.22e-06	0	4.55377	4.55377e+06	
45900	41.9271	20.0729	0	-3.22e-06	3.22e-06	0	4.55377	4.55377e+06	
46000	41.9271	20.0729	0	-3.22e-06	3.22e-06	0	4.55377	4.55377e+06	
46100	41.9271	20.0729	0	-3.22e-06	3.22e-06	0	4.55377	4.55377e+06	
46200	41.9271	20.0729	0	-3.22e-06	3.22e-06	0	4.55377	4.55377e+06	
46300	41.9271	20.0729	0	-3.22e-06	3.22e-06	0	4.55377	4.55377e+06	
46400	41.9271	20.0729	0	-3.22e-06	3.22e-06	0	4.55377	4.55377e+06	
46500	41.9271	20.0729	0	-3.22e-06	3.22e-06	0	4.55377	4.55377e+06	
46600	41.9271	20.0729	0	-3.22e-06	3.22e-06	0	4.55377	4.55377e+06	
46700	41.9271	20.0729	0	-3.22e-06	3.22e-06	0	4.55377	4.55377e+06	
46800	41.9271	20.0729	0	-3.22e-06	3.22e-06	0	4.55377	4.55377e+06	
46900	41.9271	20.0729	0	-3.22e-06	3.22e-06	0	4.55377	4.55377e+06	
47000	41.9271	20.0729	0	-3.22e-06	3.22e-06	0	4.55377	4.55377e+06	
47100	41.9271	20.0729	0	-3.22e-06	3.22e-06	0	4.55377	4.55377e+06	
47200	41.9271	20.0729	0	-3.22e-06	3.22e-06	0	4.55377	4.55377e+06	
47300	41.9271	20.0729	0	-3.22e-06	3.22e-06	0	4.55377	4.55377e+06	
47400	41.9271	20.0729	0	-3.22e-06	3.22e-06	0	4.55377	4.55377e+06	
47500	41.9271	20.0729	0	-3.22e-06	3.22e-06	0	4.55377	4.55377e+06	
47600	41.9271	20.0729	0	-3.22e-06	3.22e-06	0	4.55377	4.55377e+06	
47700	41.9271	20.0729	0	-3.22e-06	3.22e-06	0	4.55377	4.55377e+06	
47800	41.9271	20.0729	0	-3.22e-06	3.22e-06	0	4.55377	4.55377e+06	
47900	41.9271	20.0729	0	-3.22e-06	3.22e-06	0	4.55377	4.55377e+06	
48000	41.9271	20.0729	0	-3.22e-06	3.22e-06	0	4.55377	4.55377e+06	
48100	41.9271	20.0729	0	-3.22e-06	3.22e-06	0	4.55377	4.55377e+06	
48200	41.9271	20.0729	0	-3.22e-06	3.22e-06	0	4.55377	4.55377e+06	
48300	41.9271	20.0729	0	-3.22e-06	3.22e-06	0	4.55377	4.55377e+06	
48400	41.9271	20.0729	0	-3.22e-06	3.22e-06	0	4.55377	4.55377e+06	
48500	41.9271	20.0729	0	-3.22e-06	3.22e-06	0	4.55377	4.55377e+06	
48600	41.9496	20.0886	0	-2.38734e-06	3.22e-06	0	4.00847	4.00847e+06	
48700	41.9521	20.0904	0	-2.38734e-06	3.22e-06	0	4.00847	4.00847e+06	
48800	41.9524	20.0906	0	-2.38734e-06	3.22e-06	0	4.00847	4.00847e+06	
48900	41.9524	20.0907	0	-2.38734e-06	3.22e-06	0	4.00847	4.00847e+06	
49000	41.9524	20.0907	0	-2.38734e-06	3.22e-06	0	4.00847	4.00847e+06	
49100	41.9282	20.074	0	-3.22e-06	3.22e-06	0	4.55377	4.55377e+06	
49200	41.9272	20.0729	0	-3.22e-06	3.22e-06	0	4.55377	4.55377e+06	
49300	41.9271	20.0729	0	-3.22e-06	3.22e-06	0	4.55377	4.55377e+06	
49400	41.9271	20.0729	0	-3.22e-06	3.22e-06	0	4.55377	4.55377e+06	
49500	41.9271	20.0729	0	-3.22e-06	3.22e-06	0	4.55377	4.55377e+06	
49600	41.9271	20.0729	0	-3.22e-06	3.22e-06	0	4.55377	4.55377e+06	
49700	41.9271	20.0729	0	-3.22e-06	3.22e-06	0	4.55377	4.55377e+06	
49800	41.9271	20.0729	0	-3.22e-06	3.22e-06	0	4.55377	4.55377e+06	
49900	41.9271	20.0729	0	-3.22e-06	3.22e-06	0	4.55377	4.55377e+06	
50000	41.9271	20.0729	0	-3.22e-06	3.22e-06	0	4.55377	4.55377e+06	
