0	73	61	0	-9.17995e-07	-5.04388e-07	0	1.04744	1.04744e+06	
100	72.772	60.6	0	-1.83556e-06	-3.22e-06	0	3.70644	3.70644e+06	
200	72.544	60.2	0	-1.83556e-06	-3.22e-06	0	3.70644	3.70644e+06	
300	72.3159	59.8	0	-1.83556e-06	-3.22e-06	0	3.70644	3.70644e+06	
400	72.0879	59.4	0	-1.83556e-06	-3.22e-06	0	3.70644	3.70644e+06	
500	71.8599	59	0	-1.83556e-06	-3.22e-06	0	3.70644	3.70644e+06	
600	71.8099	58.6	0	-4.02537e-07	-3.22e-06	0	3.24506	3.24506e+06	
700	71.7599	58.2	0	-4.02537e-07	-3.22e-06	0	3.24506	3.24506e+06	
800	71.7099	57.8	0	-4.02537e-07	-3.22e-06	0	3.24506	3.24506e+06	
900	71.6599	57.4	0	-4.02537e-07	-3.22e-06	0	3.24506	3.24506e+06	
1000	71.6099	57	0	-4.02537e-07	-3.22e-06	0	3.24506	3.24506e+06	
1100	71.7562	56.6	0	1.17816e-06	-3.22e-06	0	3.42877	3.42877e+06	
1200	71.9026	56.2	0	1.17816e-06	-3.22e-06	0	3.42877	3.42877e+06	
1300	72.0489	55.8	0	1.17816e-06	-3.22e-06	0	3.42877	3.42877e+06	
1400	72.1953	55.4	0	1.17816e-06	-3.22e-06	0	3.42877	3.42877e+06	
1500	72.3417	55	0	1.17816e-06	-3.22e-06	0	3.42877	3.42877e+06	
1600	72.016	54.6	0	-2.62173e-06	-3.22e-06	0	4.15233	4.15233e+06	
1700	71.6903	54.2	0	-2.62173e-06	-3.22e-06	0	4.15233	4.15233e+06	
1800	71.3646	53.8	0	-2.62173e-06	-3.22e-06	0	4.15233	4.15233e+06	
1900	71.0389	53.4	0	-2.62173e-06	-3.22e-06	0	4.15233	4.15233e+06	
2000	70.7133	53	0	-2.62173e-06	-3.22e-06	0	4.15233	4.15233e+06	
2100	70.3133	52.6	0	-3.22e-06	-3.22e-06	0	4.55377	4.55377e+06	
2200	69.9132	52.2006	0	-3.22e-06	-3.22e-06	0	4.55377	4.55377e+06	
2300	69.4832	52.0874	0	-3.22e-06	-3.22e-06	0	4.55377	4.55377e+06	
2400	69.1353	52.1271	0	-3.22e-06	-3.22e-06	0	4.55377	4.55377e+06	
2500	68.7253	52.1177	0	-3.22e-06	-3.22e-06	0	4.55377	4.55377e+06	
2600	68.4489	52.0889	0	-1.99779e-06	-3.22e-06	0	3.7894	3.7894e+06	
2700	68.2608	52.1155	0	-1.99779e-06	-3.22e-06	0	3.7894	3.7894e+06	
2800	68.0434	52.132	0	-1.99779e-06	-3.22e-06	0	3.7894	3.7894e+06	
2900	67.7803	52.1227	0	-1.99779e-06	-3.22e-06	0	3.7894	3.7894e+06	
3000	67.4717	52.0703	0	-1.99779e-06	-3.22e-06	0	3.7894	3.7894e+06	
3100	67.3248	52.0249	0	-3.48287e-07	-3.22e-06	0	3.23878	3.23878e+06	
3200	67.1541	51.9607	0	-3.48287e-07	-3.22e-06	0	3.23878	3.23878e+06	
3300	66.9609	51.8669	0	-3.48287e-07	-3.22e-06	0	3.23878	3.23878e+06	
3400	66.7488	51.7341	0	-3.48287e-07	-3.22e-06	0	3.23878	3.23878e+06	
3500	66.5257	51.5526	0	-3.48287e-07	-3.22e-06	0	3.23878	3.23878e+06	
3600	66.1755	51.207	0	-2.33566e-06	-3.22e-06	0	3.9779	3.9779e+06	
3700	65.8783	50.8111	0	-2.33566e-06	-3.22e-06	0	3.9779	3.9779e+06	
3800	65.5881	50.4111	0	-2.33566e-06	-3.22e-06	0	3.9779	3.9779e+06	
3900	65.298	50.0111	0	-2.33566e-06	-3.22e-06	0	3.9779	3.9779e+06	
4000	65.0079	49.6111	0	-2.33566e-06	-3.22e-06	0	3.9779	3.9779e+06	
4100	65.0634	49.2111	0	4.46997e-07	-3.22e-06	0	3.25088	3.25088e+06	
4200	65.1189	48.8111	0	4.46997e-07	-3.22e-06	0	3.25088	3.25088e+06	
4300	65.1744	48.4111	0	4.46997e-07	-3.22e-06	0	3.25088	3.25088e+06	
4400	65.23	48.0111	0	4.46997e-07	-3.22e-06	0	3.25088	3.25088e+06	
4500	65.2855	47.6111	0	4.46997e-07	-3.22e-06	0	3.25088	3.25088e+06	
4600	65.4366	47.2111	0	1.21642e-06	-3.22e-06	0	3.4421	3.4421e+06	
4700	65.5877	46.8111	0	1.21642e-06	-3.22e-06	0	3.4421	3.4421e+06	
4800	65.7388	46.4111	0	1.21642e-06	-3.22e-06	0	3.4421	3.4421e+06	
4900	65.847	46.0129	0	1.21642e-06	-3.22e-06	0	3.4421	3.4421e+06	
5000	65.8737	45.6033	0	1.21642e-06	-3.22e-06	0	3.4421	3.4421e+06	
5100	65.7862	45.284	0	-5.85307e-07	-2.56288e-06	0	2.62886	2.62886e+06	
5200	65.7124	44.9657	0	-5.85307e-07	-2.56288e-06	0	2.62886	2.62886e+06	
5300	65.6396	44.6474	0	-5.85307e-07	-2.56288e-06	0	2.62886	2.62886e+06	
5400	65.5669	44.329	0	-5.85307e-07	-2.56288e-06	0	2.62886	2.62886e+06	
5500	65.4942	44.0106	0	-5.85307e-07	-2.56288e-06	0	2.62886	2.62886e+06	
5600	65.4569	43.7491	0	-2.99968e-07	-2.10553e-06	0	2.12679	2.12679e+06	
5700	65.4197	43.4875	0	-2.99968e-07	-2.10553e-06	0	2.12679	2.12679e+06	
5800	65.3824	43.226	0	-2.99968e-07	-2.10553e-06	0	2.12679	2.12679e+06	
5900	65.3451	42.9644	0	-2.99968e-07	-2.10553e-06	0	2.12679	2.12679e+06	
6000	65.3079	42.7029	0	-2.99968e-07	-2.10553e-06	0	2.12679	2.12679e+06	
6100	65.3899	42.3773	0	6.60688e-07	-2.62109e-06	0	2.70308	2.70308e+06	
6200	65.472	42.0517	0	6.60688e-07	-2.62109e-06	0	2.70308	2.70308e+06	
6300	65.5541	41.726	0	6.60688e-07	-2.62109e-06	0	2.70308	2.70308e+06	
6400	65.6362	41.4004	0	6.60688e-07	-2.62109e-06	0	2.70308	2.70308e+06	
6500	65.7182	41.0748	0	6.60688e-07	-2.62109e-06	0	2.70308	2.70308e+06	
6600	65.8329	41.2775	0	9.79098e-07	1.62565e-06	0	1.89773	1.89773e+06	
6700	65.8844	41.4879	0	9.79098e-07	1.62565e-06	0	1.89773	1.89773e+06	
6800	65.8721	41.6745	0	9.79098e-07	1.62565e-06	0	1.89773	1.89773e+06	
6900	65.8503	41.8609	0	9.79098e-07	1.62565e-06	0	1.89773	1.89773e+06	
7000	65.8439	42.0603	0	9.79098e-07	1.62565e-06	0	1.89773	1.89773e+06	
7100	65.8107	42.2039	0	3.91483e-08	1.14112e-06	0	1.14179	1.14179e+06	
7200	65.8066	42.3467	0	3.91483e-08	1.14112e-06	0	1.14179	1.14179e+06	
7300	65.8081	42.4889	0	3.91483e-08	1.14112e-06	0	1.14179	1.14179e+06	
7400	65.8097	42.6303	0	3.91483e-08	1.14112e-06	0	1.14179	1.14179e+06	
7500	65.8068	42.7711	0	3.91483e-08	1.14112e-06	0	1.14179	1.14179e+06	
7600	65.5267	42.723	0	-2.24844e-06	-3.86328e-07	0	2.28138	2.28138e+06	
7700	65.2474	42.675	0	-2.24844e-06	-3.86328e-07	0	2.28138	2.28138e+06	
7800	64.968	42.627	0	-2.24844e-06	-3.86328e-07	0	2.28138	2.28138e+06	
7900	64.6887	42.579	0	-2.24844e-06	-3.86328e-07	0	2.28138	2.28138e+06	
8000	64.4094	42.531	0	-2.24844e-06	-3.86328e-07	0	2.28138	2.28138e+06	
8100	64.2872	42.2033	0	-9.83789e-07	-2.63786e-06	0	2.81534	2.81534e+06	
8200	64.165	41.8756	0	-9.83789e-07	-2.63786e-06	0	2.81534	2.81534e+06	
8300	64.0428	41.548	0	-9.83789e-07	-2.63786e-06	0	2.81534	2.81534e+06	
8400	63.9206	41.2203	0	-9.83789e-07	-2.63786e-06	0	2.81534	2.81534e+06	
8500	63.7984	40.8926	0	-9.83789e-07	-2.63786e-06	0	2.81534	2.81534e+06	
8600	63.5623	40.6336	0	-1.9007e-06	-2.085e-06	0	2.82133	2.82133e+06	
8700	63.3262	40.3746	0	-1.9007e-06	-2.085e-06	0	2.82133	2.82133e+06	
8800	63.09	40.1156	0	-1.9007e-06	-2.085e-06	0	2.82133	2.82133e+06	
8900	62.8539	39.8566	0	-1.9007e-06	-2.085e-06	0	2.82133	2.82133e+06	
9000	62.6178	39.5976	0	-1.9007e-06	-2.085e-06	0	2.82133	2.82133e+06	
9100	62.5577	39.4493	0	-4.83791e-07	-1.19329e-06	0	1.28763	1.28763e+06	
9200	62.4976	39.3011	0	-4.83791e-07	-1.19329e-06	0	1.28763	1.28763e+06	
9300	62.4375	39.1529	0	-4.83791e-07	-1.19329e-06	0	1.28763	1.28763e+06	
9400	62.3774	39.0046	0	-4.83791e-07	-1.19329e-06	0	1.28763	1.28763e+06	
9500	62.3173	38.8564	0	-4.83791e-07	-1.19329e-06	0	1.28763	1.28763e+06	
9600	62.3291	38.7922	0	9.45054e-08	-5.16384e-07	0	0.52496	524960	
9700	62.3408	38.7281	0	9.45054e-08	-5.16384e-07	0	0.52496	524960	
9800	62.3526	38.6639	0	9.45054e-08	-5.16384e-07	0	0.52496	524960	
9900	62.3643	38.5998	0	9.45054e-08	-5.16384e-07	0	0.52496	524960	
10000	62.376	38.5356	0	9.45054e-08	-5.16384e-07	0	0.52496	524960	
10100	62.1192	38.2141	0	-2.06716e-06	-2.58816e-06	0	3.31236	3.31236e+06	
10200	61.8625	37.8926	0	-2.06716e-06	-2.58816e-06	0	3.31236	3.31236e+06	
10300	61.6057	37.5711	0	-2.06716e-06	-2.58816e-06	0	3.31236	3.31236e+06	
10400	61.3489	37.2496	0	-2.06716e-06	-2.58816e-06	0	3.31236	3.31236e+06	
10500	61.0921	36.9281	0	-2.06716e-06	-2.58816e-06	0	3.31236	3.31236e+06	
10600	61.0536	36.5281	0	-3.0991e-07	-3.22e-06	0	3.23488	3.23488e+06	
10700	61.0151	36.1281	0	-3.0991e-07	-3.22e-06	0	3.23488	3.23488e+06	
10800	60.9766	35.7281	0	-3.0991e-07	-3.22e-06	0	3.23488	3.23488e+06	
10900	60.9381	35.3281	0	-3.0991e-07	-3.22e-06	0	3.23488	3.23488e+06	
11000	60.8996	34.9281	0	-3.0991e-07	-3.22e-06	0	3.23488	3.23488e+06	
11100	60.4996	34.5281	0	-3.22e-06	-3.22e-06	0	4.55377	4.55377e+06	
11200	60.0996	34.1281	0	-3.22e-06	-3.22e-06	0	4.55377	4.55377e+06	
11300	59.6996	33.7281	0	-3.22e-06	-3.22e-06	0	4.55377	4.55377e+06	
11400	59.2996	33.3281	0	-3.22e-06	-3.22e-06	0	4.55377	4.55377e+06	
11500	58.8996	32.9281	0	-3.22e-06	-3.22e-06	0	4.55377	4.55377e+06	
11600	58.5869	32.5281	0	-2.51752e-06	-3.22e-06	0	4.08733	4.08733e+06	
11700	58.2741	32.1281	0	-2.51752e-06	-3.22e-06	0	4.08733	4.08733e+06	
11800	57.9614	31.7281	0	-2.51752e-06	-3.22e-06	0	4.08733	4.08733e+06	
11900	57.6487	31.3281	0	-2.51752e-06	-3.22e-06	0	4.08733	4.08733e+06	
12000	57.3359	30.9281	0	-2.51752e-06	-3.22e-06	0	4.08733	4.08733e+06	
12100	57.0593	30.5281	0	-2.2268e-06	-3.22e-06	0	3.91497	3.91497e+06	
12200	56.7827	30.1281	0	-2.2268e-06	-3.22e-06	0	3.91497	3.91497e+06	
12300	56.5061	29.7281	0	-2.2268e-06	-3.22e-06	0	3.91497	3.91497e+06	
12400	56.2294	29.3281	0	-2.2268e-06	-3.22e-06	0	3.91497	3.91497e+06	
12500	55.9528	28.9281	0	-2.2268e-06	-3.22e-06	0	3.91497	3.91497e+06	
12600	55.6792	28.5281	0	-2.20251e-06	-3.22e-06	0	3.90121	3.90121e+06	
12700	55.4056	28.1281	0	-2.20251e-06	-3.22e-06	0	3.90121	3.90121e+06	
12800	55.132	27.7281	0	-2.20251e-06	-3.22e-06	0	3.90121	3.90121e+06	
12900	54.8584	27.3281	0	-2.20251e-06	-3.22e-06	0	3.90121	3.90121e+06	
13000	54.5848	26.9281	0	-2.20251e-06	-3.22e-06	0	3.90121	3.90121e+06	
13100	54.3733	26.5281	0	-1.70294e-06	-3.22e-06	0	3.64258	3.64258e+06	
13200	54.1617	26.1281	0	-1.70294e-06	-3.22e-06	0	3.64258	3.64258e+06	
13300	53.9502	25.7281	0	-1.70294e-06	-3.22e-06	0	3.64258	3.64258e+06	
13400	53.7386	25.3281	0	-1.70294e-06	-3.22e-06	0	3.64258	3.64258e+06	
13500	53.5271	24.9281	0	-1.70294e-06	-3.22e-06	0	3.64258	3.64258e+06	
13600	53.1271	24.5702	0	-3.22e-06	-2.88067e-06	0	4.32049	4.32049e+06	
13700	52.7271	24.2124	0	-3.22e-06	-2.88067e-06	0	4.32049	4.32049e+06	
13800	52.3271	23.8546	0	-3.22e-06	-2.88067e-06	0	4.32049	4.32049e+06	
13900	51.9271	23.4967	0	-3.22e-06	-2.88067e-06	0	4.32049	4.32049e+06	
14000	51.5271	23.1389	0	-3.22e-06	-2.88067e-06	0	4.32049	4.32049e+06	
14100	51.3042	23.3505	0	-1.79394e-06	1.70346e-06	0	2.47386	2.47386e+06	
14200	51.0814	23.5621	0	-1.79394e-06	1.70346e-06	0	2.47386	2.47386e+06	
14300	50.8585	23.7737	0	-1.79394e-06	1.70346e-06	0	2.47386	2.47386e+06	
14400	50.6357	23.9853	0	-1.79394e-06	1.70346e-06	0	2.47386	2.47386e+06	
14500	50.4128	24.1969	0	-1.79394e-06	1.70346e-06	0	2.47386	2.47386e+06	
14600	50.8128	24.2367	0	3.22e-06	3.20272e-07	0	3.23589	3.23589e+06	
14700	51.2128	24.2765	0	3.22e-06	3.20272e-07	0	3.23589	3.23589e+06	
14800	51.6128	24.3163	0	3.22e-06	3.20272e-07	0	3.23589	3.23589e+06	
14900	52.0128	24.3561	0	3.22e-06	3.20272e-07	0	3.23589	3.23589e+06	
15000	52.4128	24.3958	0	3.22e-06	3.20272e-07	0	3.23589	3.23589e+06	
15100	52.7707	24.4801	0	2.88081e-06	6.77933e-07	0	2.9595	2.9595e+06	
15200	53.1286	24.5643	0	2.88081e-06	6.77933e-07	0	2.9595	2.9595e+06	
15300	53.4864	24.6485	0	2.88081e-06	6.77933e-07	0	2.9595	2.9595e+06	
15400	53.8443	24.7327	0	2.88081e-06	6.77933e-07	0	2.9595	2.9595e+06	
15500	54.2021	24.8169	0	2.88081e-06	6.77933e-07	0	2.9595	2.9595e+06	
15600	54.1917	25.2169	0	-8.40838e-08	3.22e-06	0	3.2211	3.2211e+06	
15700	54.1813	25.6169	0	-8.40838e-08	3.22e-06	0	3.2211	3.2211e+06	
15800	54.1708	26.0169	0	-8.40838e-08	3.22e-06	0	3.2211	3.2211e+06	
15900	54.1604	26.4169	0	-8.40838e-08	3.22e-06	0	3.2211	3.2211e+06	
16000	54.1499	26.8169	0	-8.40838e-08	3.22e-06	0	3.2211	3.2211e+06	
16100	54.1649	26.7621	0	1.20934e-07	-4.40859e-07	0	0.457145	457145	
16200	54.18	26.7074	0	1.20934e-07	-4.40859e-07	0	0.457145	457145	
16300	54.195	26.6526	0	1.20934e-07	-4.40859e-07	0	0.457145	457145	
16400	54.21	26.5979	0	1.20934e-07	-4.40859e-07	0	0.457145	457145	
16500	54.225	26.5431	0	1.20934e-07	-4.40859e-07	0	0.457145	457145	
16600	54.5897	26.4492	0	2.93556e-06	-7.55857e-07	0	3.03131	3.03131e+06	
16700	54.9544	26.3553	0	2.93556e-06	-7.55857e-07	0	3.03131	3.03131e+06	
16800	55.319	26.2614	0	2.93556e-06	-7.55857e-07	0	3.03131	3.03131e+06	
16900	55.6837	26.1675	0	2.93556e-06	-7.55857e-07	0	3.03131	3.03131e+06	
17000	56.0484	26.0736	0	2.93556e-06	-7.55857e-07	0	3.03131	3.03131e+06	
17100	55.8916	25.9999	0	-1.26169e-06	-5.93568e-07	0	1.39434	1.39434e+06	
17200	55.7349	25.9261	0	-1.26169e-06	-5.93568e-07	0	1.39434	1.39434e+06	
17300	55.5782	25.8524	0	-1.26169e-06	-5.93568e-07	0	1.39434	1.39434e+06	
17400	55.4214	25.7787	0	-1.26169e-06	-5.93568e-07	0	1.39434	1.39434e+06	
17500	55.2647	25.7049	0	-1.26169e-06	-5.93568e-07	0	1.39434	1.39434e+06	
17600	55.1725	25.6623	0	-7.42048e-07	-3.42949e-07	0	0.817465	817465	
17700	55.0803	25.6197	0	-7.42048e-07	-3.42949e-07	0	0.817465	817465	
17800	54.9882	25.5771	0	-7.42048e-07	-3.42949e-07	0	0.817465	817465	
17900	54.896	25.5345	0	-7.42048e-07	-3.42949e-07	0	0.817465	817465	
18000	54.8038	25.4919	0	-7.42048e-07	-3.42949e-07	0	0.817465	817465	
18100	54.9302	25.6757	0	1.01714e-06	1.47917e-06	0	1.79514	1.79514e+06	
18200	55.0565	25.8594	0	1.01714e-06	1.47917e-06	0	1.79514	1.79514e+06	
18300	55.1829	26.0432	0	1.01714e-06	1.47917e-06	0	1.79514	1.79514e+06	
18400	55.3092	26.2269	0	1.01714e-06	1.47917e-06	0	1.79514	1.79514e+06	
18500	55.4356	26.4107	0	1.01714e-06	1.47917e-06	0	1.79514	1.79514e+06	
18600	55.5284	26.3291	0	7.46999e-07	-6.56305e-07	0	0.994356	994356	
18700	55.6212	26.2476	0	7.46999e-07	-6.56305e-07	0	0.994356	994356	
18800	55.714	26.1661	0	7.46999e-07	-6.56305e-07	0	0.994356	994356	
18900	55.8068	26.0846	0	7.46999e-07	-6.56305e-07	0	0.994356	994356	
19000	55.8995	26.003	0	7.46999e-07	-6.56305e-07	0	0.994356	994356	
19100	55.7248	26.1479	0	-1.40636e-06	1.16628e-06	0	1.82704	1.82704e+06	
19200	55.5501	26.2928	0	-1.40636e-06	1.16628e-06	0	1.82704	1.82704e+06	
19300	55.3754	26.4377	0	-1.40636e-06	1.16628e-06	0	1.82704	1.82704e+06	
19400	55.2007	26.5825	0	-1.40636e-06	1.16628e-06	0	1.82704	1.82704e+06	
19500	55.026	26.7274	0	-1.40636e-06	1.16628e-06	0	1.82704	1.82704e+06	
19600	54.7527	26.8918	0	-2.20001e-06	1.32363e-06	0	2.56749	2.56749e+06	
19700	54.4794	27.0563	0	-2.20001e-06	1.32363e-06	0	2.56749	2.56749e+06	
19800	54.2062	27.2207	0	-2.20001e-06	1.32363e-06	0	2.56749	2.56749e+06	
19900	53.9329	27.3851	0	-2.20001e-06	1.32363e-06	0	2.56749	2.56749e+06	
20000	53.6596	27.5496	0	-2.20001e-06	1.32363e-06	0	2.56749	2.56749e+06	
20100	53.7598	27.5058	0	8.06672e-07	-3.52209e-07	0	0.88021	880210	
20200	53.86	27.462	0	8.06672e-07	-3.52209e-07	0	0.88021	880210	
20300	53.9602	27.4183	0	8.06672e-07	-3.52209e-07	0	0.88021	880210	
20400	54.0604	27.3745	0	8.06672e-07	-3.52209e-07	0	0.88021	880210	
20500	54.1606	27.3308	0	8.06672e-07	-3.52209e-07	0	0.88021	880210	
20600	54.4421	27.1881	0	2.26627e-06	-1.14833e-06	0	2.5406	2.5406e+06	
20700	54.7237	27.0455	0	2.26627e-06	-1.14833e-06	0	2.5406	2.5406e+06	
20800	55.0052	26.9028	0	2.26627e-06	-1.14833e-06	0	2.5406	2.5406e+06	
20900	55.2867	26.7602	0	2.26627e-06	-1.14833e-06	0	2.5406	2.5406e+06	
21000	55.5682	26.6175	0	2.26627e-06	-1.14833e-06	0	2.5406	2.5406e+06	
21100	55.3463	26.411	0	-1.78691e-06	-1.66294e-06	0	2.44099	2.44099e+06	
21200	55.1243	26.2044	0	-1.78691e-06	-1.66294e-06	0	2.44099	2.44099e+06	
21300	54.9023	25.9978	0	-1.78691e-06	-1.66294e-06	0	2.44099	2.44099e+06	
21400	54.6803	25.7912	0	-1.78691e-06	-1.66294e-06	0	2.44099	2.44099e+06	
21500	54.4583	25.5847	0	-1.78691e-06	-1.66294e-06	0	2.44099	2.44099e+06	
21600	54.2439	25.1847	0	-1.72593e-06	-3.22e-06	0	3.65339	3.65339e+06	
21700	54.0295	24.7847	0	-1.72593e-06	-3.22e-06	0	3.65339	3.65339e+06	
21800	53.8151	24.3847	0	-1.72593e-06	-3.22e-06	0	3.65339	3.65339e+06	
21900	53.6007	23.9847	0	-1.72593e-06	-3.22e-06	0	3.65339	3.65339e+06	
22000	53.3863	23.5847	0	-1.72593e-06	-3.22e-06	0	3.65339	3.65339e+06	
22100	53.6699	23.1847	0	2.28268e-06	-3.22e-06	0	3.94703	3.94703e+06	
22200	53.8586	22.8062	0	2.28268e-06	-3.22e-06	0	3.94703	3.94703e+06	
22300	53.8296	22.7789	0	2.28268e-06	-3.22e-06	0	3.94703	3.94703e+06	
22400	53.8223	22.7737	0	2.28268e-06	-3.22e-06	0	3.94703	3.94703e+06	
22500	53.8187	22.7713	0	2.28268e-06	-3.22e-06	0	3.94703	3.94703e+06	
22600	53.6665	22.688	0	-3.38659e-07	-1.87871e-06	0	1.90899	1.90899e+06	
22700	53.5258	22.5694	0	-3.38659e-07	-1.87871e-06	0	1.90899	1.90899e+06	
22800	53.387	22.4303	0	-3.38659e-07	-1.87871e-06	0	1.90899	1.90899e+06	
22900	53.2541	22.2703	0	-3.38659e-07	-1.87871e-06	0	1.90899	1.90899e+06	
23000	53.1312	22.09	0	-3.38659e-07	-1.87871e-06	0	1.90899	1.90899e+06	
23100	53.232	22.1948	0	3.22e-06	-6.73672e-07	0	3.28972	3.28972e+06	
23200	53.3314	22.3312	0	3.22e-06	-6.73672e-07	0	3.28972	3.28972e+06	
23300	53.4627	22.4824	0	3.22e-06	-6.73672e-07	0	3.28972	3.28972e+06	
23400	53.634	22.6436	0	3.22e-06	-6.73672e-07	0	3.28972	3.28972e+06	
23500	53.8465	22.8037	0	3.22e-06	-6.73672e-07	0	3.28972	3.28972e+06	
23600	53.7681	22.7694	0	1.0009e-07	-1.16697e-06	0	1.17125	1.17125e+06	
23700	53.7071	22.7255	0	1.0009e-07	-1.16697e-06	0	1.17125	1.17125e+06	
23800	53.6443	22.6772	0	1.0009e-07	-1.16697e-06	0	1.17125	1.17125e+06	
23900	53.5799	22.6238	0	1.0009e-07	-1.16697e-06	0	1.17125	1.17125e+06	
24000	53.5141	22.5647	0	1.0009e-07	-1.16697e-06	0	1.17125	1.17125e+06	
24100	53.1933	22.2172	0	-2.10127e-06	-3.22e-06	0	3.84496	3.84496e+06	
24200	52.9183	21.8253	0	-2.10127e-06	-3.22e-06	0	3.84496	3.84496e+06	
24300	52.657	21.4255	0	-2.10127e-06	-3.22e-06	0	3.84496	3.84496e+06	
24400	52.3959	21.0255	0	-2.10127e-06	-3.22e-06	0	3.84496	3.84496e+06	
24500	52.1349	20.6255	0	-2.10127e-06	-3.22e-06	0	3.84496	3.84496e+06	
24600	52.216	20.2255	0	6.53044e-07	-3.22e-06	0	3.28555	3.28555e+06	
24700	52.2972	19.8255	0	6.53044e-07	-3.22e-06	0	3.28555	3.28555e+06	
24800	52.3783	19.4255	0	6.53044e-07	-3.22e-06	0	3.28555	3.28555e+06	
24900	52.4594	19.0255	0	6.53044e-07	-3.22e-06	0	3.28555	3.28555e+06	
25000	52.5405	18.6255	0	6.53044e-07	-3.22e-06	0	3.28555	3.28555e+06	
25100	52.837	18.2255	0	2.38687e-06	-3.22e-06	0	4.00818	4.00818e+06	
25200	53.1309	17.824	0	2.38687e-06	-3.22e-06	0	4.00818	4.00818e+06	
25300	53.4211	17.4192	0	2.38687e-06	-3.22e-06	0	4.00818	4.00818e+06	
25400	53.7172	17.0188	0	2.38687e-06	-3.22e-06	0	4.00818	4.00818e+06	
25500	53.8928	16.603	0	2.38687e-06	-3.22e-06	0	4.00818	4.00818e+06	
25600	54.0095	16.1616	0	2.10833e-06	-3.22e-06	0	3.84883	3.84883e+06	
25700	54.2166	15.7328	0	2.10833e-06	-3.22e-06	0	3.84883	3.84883e+06	
25800	54.4719	15.3275	0	2.10833e-06	-3.22e-06	0	3.84883	3.84883e+06	
25900	54.7338	14.9275	0	2.10833e-06	-3.22e-06	0	3.84883	3.84883e+06	
26000	54.9957	14.5275	0	2.10833e-06	-3.22e-06	0	3.84883	3.84883e+06	
26100	55.1794	14.1811	0	1.47913e-06	-2.78831e-06	0	3.15634	3.15634e+06	
26200	55.3631	13.8347	0	1.47913e-06	-2.78831e-06	0	3.15634	3.15634e+06	
26300	55.5469	13.4883	0	1.47913e-06	-2.78831e-06	0	3.15634	3.15634e+06	
26400	55.7306	13.142	0	1.47913e-06	-2.78831e-06	0	3.15634	3.15634e+06	
26500	55.9144	12.7956	0	1.47913e-06	-2.78831e-06	0	3.15634	3.15634e+06	
26600	56.3144	12.6397	0	3.22e-06	-1.25477e-06	0	3.45584	3.45584e+06	
26700	56.7144	12.4838	0	3.22e-06	-1.25477e-06	0	3.45584	3.45584e+06	
26800	57.1144	12.328	0	3.22e-06	-1.25477e-06	0	3.45584	3.45584e+06	
26900	57.5144	12.1721	0	3.22e-06	-1.25477e-06	0	3.45584	3.45584e+06	
27000	57.9144	12.0162	0	3.22e-06	-1.25477e-06	0	3.45584	3.45584e+06	
27100	58.3144	12.0884	0	3.22e-06	5.80609e-07	0	3.27193	3.27193e+06	
27200	58.7144	12.1605	0	3.22e-06	5.80609e-07	0	3.27193	3.27193e+06	
27300	59.1144	12.2326	0	3.22e-06	5.80609e-07	0	3.27193	3.27193e+06	
27400	59.5144	12.3047	0	3.22e-06	5.80609e-07	0	3.27193	3.27193e+06	
27500	59.9144	12.3769	0	3.22e-06	5.80609e-07	0	3.27193	3.27193e+06	
27600	60.3144	12.3095	0	3.22e-06	-5.41814e-07	0	3.26527	3.26527e+06	
27700	60.7144	12.2422	0	3.22e-06	-5.41814e-07	0	3.26527	3.26527e+06	
27800	61.1144	12.1749	0	3.22e-06	-5.41814e-07	0	3.26527	3.26527e+06	
27900	61.5144	12.1076	0	3.22e-06	-5.41814e-07	0	3.26527	3.26527e+06	
28000	61.9144	12.0403	0	3.22e-06	-5.41814e-07	0	3.26527	3.26527e+06	
28100	62.1339	12.3355	0	1.76687e-06	2.37644e-06	0	2.9613	2.9613e+06	
28200	62.3533	12.6307	0	1.76687e-06	2.37644e-06	0	2.9613	2.9613e+06	
28300	62.5728	12.926	0	1.76687e-06	2.37644e-06	0	2.9613	2.9613e+06	
28400	62.7923	13.2212	0	1.76687e-06	2.37644e-06	0	2.9613	2.9613e+06	
28500	63.0118	13.5164	0	1.76687e-06	2.37644e-06	0	2.9613	2.9613e+06	
28600	63.0545	13.6158	0	3.43865e-07	8.00238e-07	0	0.870991	870991	
28700	63.0972	13.7152	0	3.43865e-07	8.00238e-07	0	0.870991	870991	
28800	63.14	13.8146	0	3.43865e-07	8.00238e-07	0	0.870991	870991	
28900	63.1827	13.914	0	3.43865e-07	8.00238e-07	0	0.870991	870991	
29000	63.2254	14.0134	0	3.43865e-07	8.00238e-07	0	0.870991	870991	
29100	63.0288	14.0188	0	-1.58238e-06	4.31872e-08	0	1.58297	1.58297e+06	
29200	62.8323	14.0241	0	-1.58238e-06	4.31872e-08	0	1.58297	1.58297e+06	
29300	62.6357	14.0295	0	-1.58238e-06	4.31872e-08	0	1.58297	1.58297e+06	
29400	62.4391	14.0349	0	-1.58238e-06	4.31872e-08	0	1.58297	1.58297e+06	
29500	62.2425	14.0402	0	-1.58238e-06	4.31872e-08	0	1.58297	1.58297e+06	
29600	62.1424	14.04	0	-8.06423e-07	-2.1968e-09	0	0.806426	806426	
29700	62.0422	14.0397	0	-8.06423e-07	-2.1968e-09	0	0.806426	806426	
29800	61.942	14.0394	0	-8.06423e-07	-2.1968e-09	0	0.806426	806426	
29900	61.8418	14.0392	0	-8.06423e-07	-2.1968e-09	0	0.806426	806426	
30000	61.7417	14.0389	0	-8.06423e-07	-2.1968e-09	0	0.806426	806426	
30100	61.8911	14.4389	0	1.20282e-06	3.22e-06	0	3.43732	3.43732e+06	
30200	62.0406	14.8349	0	1.20282e-06	3.22e-06	0	3.43732	3.43732e+06	
30300	62.2115	14.8769	0	1.20282e-06	3.22e-06	0	3.43732	3.43732e+06	
30400	62.4111	14.9036	0	1.20282e-06	3.22e-06	0	3.43732	3.43732e+06	
30500	62.5618	14.9095	0	1.20282e-06	3.22e-06	0	3.43732	3.43732e+06	
30600	62.6908	14.8907	0	1.53255e-06	3.22e-06	0	3.56611	3.56611e+06	
30700	62.8347	14.8744	0	1.53255e-06	3.22e-06	0	3.56611	3.56611e+06	
30800	63.0094	14.8673	0	1.53255e-06	3.22e-06	0	3.56611	3.56611e+06	
30900	63.2198	14.8776	0	1.53255e-06	3.22e-06	0	3.56611	3.56611e+06	
31000	63.4681	14.9165	0	1.53255e-06	3.22e-06	0	3.56611	3.56611e+06	
31100	63.8058	15.0178	0	1.97949e-06	3.22e-06	0	3.77979	3.77979e+06	
31200	64.1642	15.1977	0	1.97949e-06	3.22e-06	0	3.77979	3.77979e+06	
31300	64.514	15.4652	0	1.97949e-06	3.22e-06	0	3.77979	3.77979e+06	
31400	64.8236	15.8111	0	1.97949e-06	3.22e-06	0	3.77979	3.77979e+06	
31500	65.0855	16.2021	0	1.97949e-06	3.22e-06	0	3.77979	3.77979e+06	
31600	65.1102	16.5778	0	-5.5291e-07	3.22e-06	0	3.26713	3.26713e+06	
31700	65.1624	16.9637	0	-5.5291e-07	3.22e-06	0	3.26713	3.26713e+06	
31800	65.2203	17.2487	0	-5.5291e-07	3.22e-06	0	3.26713	3.26713e+06	
31900	65.3701	17.3622	0	-5.5291e-07	3.22e-06	0	3.26713	3.26713e+06	
32000	65.5329	17.5116	0	-5.5291e-07	3.22e-06	0	3.26713	3.26713e+06	
32100	65.6774	17.678	0	-9.7584e-07	3.22e-06	0	3.36462	3.36462e+06	
32200	65.8263	17.8891	0	-9.7584e-07	3.22e-06	0	3.36462	3.36462e+06	
32300	65.9658	18.1532	0	-9.7584e-07	3.22e-06	0	3.36462	3.36462e+06	
32400	66.0787	18.4723	0	-9.7584e-07	3.22e-06	0	3.36462	3.36462e+06	
32500	66.1453	18.8404	0	-9.7584e-07	3.22e-06	0	3.36462	3.36462e+06	
32600	66.1906	19.2396	0	-1.77694e-08	3.22e-06	0	3.22005	3.22005e+06	
32700	66.1929	19.6399	0	-1.77694e-08	3.22e-06	0	3.22005	3.22005e+06	
32800	66.2017	20.0392	0	-1.77694e-08	3.22e-06	0	3.22005	3.22005e+06	
32900	66.2057	20.4397	0	-1.77694e-08	3.22e-06	0	3.22005	3.22005e+06	
33000	66.2067	20.8394	0	-1.77694e-08	3.22e-06	0	3.22005	3.22005e+06	
33100	66.1387	21.1295	0	-2.07897e-06	2.32494e-06	0	3.11889	3.11889e+06	
33200	66.0998	21.4471	0	-2.07897e-06	2.32494e-06	0	3.11889	3.11889e+06	
33300	66.0055	21.7839	0	-2.07897e-06	2.32494e-06	0	3.11889	3.11889e+06	
33400	65.85	22.1224	0	-2.07897e-06	2.32494e-06	0	3.11889	3.11889e+06	
33500	65.6381	22.4442	0	-2.07897e-06	2.32494e-06	0	3.11889	3.11889e+06	
33600	65.3675	22.6543	0	-3.22e-06	6.00724e-07	0	3.27556	3.27556e+06	
33700	65.1298	22.854	0	-3.22e-06	6.00724e-07	0	3.27556	3.27556e+06	
33800	65.1313	22.9232	0	-3.22e-06	6.00724e-07	0	3.27556	3.27556e+06	
33900	65.1327	22.9904	0	-3.22e-06	6.00724e-07	0	3.27556	3.27556e+06	
34000	65.1317	23.0704	0	-3.22e-06	6.00724e-07	0	3.27556	3.27556e+06	
34100	65.0918	23.4969	0	-2.08069e-06	3.22e-06	0	3.83375	3.83375e+06	
34200	64.9515	23.9369	0	-2.08069e-06	3.22e-06	0	3.83375	3.83375e+06	
34300	64.7307	24.3588	0	-2.08069e-06	3.22e-06	0	3.83375	3.83375e+06	
34400	64.475	24.7612	0	-2.08069e-06	3.22e-06	0	3.83375	3.83375e+06	
34500	64.2166	25.1612	0	-2.08069e-06	3.22e-06	0	3.83375	3.83375e+06	
34600	64.2478	25.3666	0	2.51258e-07	1.65355e-06	0	1.67253	1.67253e+06	
34700	64.279	25.572	0	2.51258e-07	1.65355e-06	0	1.67253	1.67253e+06	
34800	64.3102	25.7774	0	2.51258e-07	1.65355e-06	0	1.67253	1.67253e+06	
34900	64.3414	25.9829	0	2.51258e-07	1.65355e-06	0	1.67253	1.67253e+06	
35000	64.3726	26.1883	0	2.51258e-07	1.65355e-06	0	1.67253	1.67253e+06	
35100	64.5389	26.2803	0	1.33831e-06	7.40752e-07	0	1.52964	1.52964e+06	
35200	64.7051	26.3723	0	1.33831e-06	7.40752e-07	0	1.52964	1.52964e+06	
35300	64.8714	26.4643	0	1.33831e-06	7.40752e-07	0	1.52964	1.52964e+06	
35400	65.0376	26.5563	0	1.33831e-06	7.40752e-07	0	1.52964	1.52964e+06	
35500	65.2039	26.6484	0	1.33831e-06	7.40752e-07	0	1.52964	1.52964e+06	
35600	65.4185	27.0484	0	1.72796e-06	3.22e-06	0	3.65434	3.65434e+06	
35700	65.6332	27.4484	0	1.72796e-06	3.22e-06	0	3.65434	3.65434e+06	
35800	65.8478	27.8484	0	1.72796e-06	3.22e-06	0	3.65434	3.65434e+06	
35900	66.0625	28.2484	0	1.72796e-06	3.22e-06	0	3.65434	3.65434e+06	
36000	66.2771	28.6484	0	1.72796e-06	3.22e-06	0	3.65434	3.65434e+06	
36100	66.5096	29.0484	0	1.87155e-06	3.22e-06	0	3.72439	3.72439e+06	
36200	66.7421	29.4484	0	1.87155e-06	3.22e-06	0	3.72439	3.72439e+06	
36300	66.9746	29.8484	0	1.87155e-06	3.22e-06	0	3.72439	3.72439e+06	
36400	67.2071	30.2484	0	1.87155e-06	3.22e-06	0	3.72439	3.72439e+06	
36500	67.4396	30.6484	0	1.87155e-06	3.22e-06	0	3.72439	3.72439e+06	
36600	67.6288	31.0484	0	1.52349e-06	3.22e-06	0	3.56222	3.56222e+06	
36700	67.8181	31.4484	0	1.52349e-06	3.22e-06	0	3.56222	3.56222e+06	
36800	68.0074	31.8484	0	1.52349e-06	3.22e-06	0	3.56222	3.56222e+06	
36900	68.1966	32.2484	0	1.52349e-06	3.22e-06	0	3.56222	3.56222e+06	
37000	68.3859	32.6484	0	1.52349e-06	3.22e-06	0	3.56222	3.56222e+06	
37100	68.3773	33.0484	0	-6.8736e-08	3.22e-06	0	3.22073	3.22073e+06	
37200	68.3688	33.4484	0	-6.8736e-08	3.22e-06	0	3.22073	3.22073e+06	
37300	68.3602	33.8484	0	-6.8736e-08	3.22e-06	0	3.22073	3.22073e+06	
37400	68.3517	34.2484	0	-6.8736e-08	3.22e-06	0	3.22073	3.22073e+06	
37500	68.3432	34.6484	0	-6.8736e-08	3.22e-06	0	3.22073	3.22073e+06	
37600	68.5784	35.0484	0	1.8935e-06	3.22e-06	0	3.73547	3.73547e+06	
37700	68.8136	35.4484	0	1.8935e-06	3.22e-06	0	3.73547	3.73547e+06	
37800	69.0488	35.8484	0	1.8935e-06	3.22e-06	0	3.73547	3.73547e+06	
37900	69.284	36.2484	0	1.8935e-06	3.22e-06	0	3.73547	3.73547e+06	
38000	69.5193	36.6484	0	1.8935e-06	3.22e-06	0	3.73547	3.73547e+06	
38100	69.4818	36.9127	0	-3.34018e-07	3.22e-06	0	3.23728	3.23728e+06	
38200	69.465	36.9117	0	-3.34018e-07	3.22e-06	0	3.23728	3.23728e+06	
38300	69.4573	36.911	0	-3.34018e-07	3.22e-06	0	3.23728	3.23728e+06	
38400	69.4535	36.9106	0	-3.34018e-07	3.22e-06	0	3.23728	3.23728e+06	
38500	69.4514	36.9104	0	-3.34018e-07	3.22e-06	0	3.23728	3.23728e+06	
38600	69.4477	36.91	0	-3.62908e-07	3.22e-06	0	3.24039	3.24039e+06	
38700	69.4456	36.9098	0	-3.62908e-07	3.22e-06	0	3.24039	3.24039e+06	
38800	69.4444	36.9096	0	-3.62908e-07	3.22e-06	0	3.24039	3.24039e+06	
38900	69.4438	36.9096	0	-3.62908e-07	3.22e-06	0	3.24039	3.24039e+06	
39000	69.4434	36.9095	0	-3.62908e-07	3.22e-06	0	3.24039	3.24039e+06	
39100	69.5653	36.909	0	1.06528e-06	3.22e-06	0	3.39164	3.39164e+06	
39200	69.6377	36.8983	0	1.06528e-06	3.22e-06	0	3.39164	3.39164e+06	
39300	69.7101	36.8876	0	1.06528e-06	3.22e-06	0	3.39164	3.39164e+06	
39400	69.7948	36.8777	0	1.06528e-06	3.22e-06	0	3.39164	3.39164e+06	
39500	69.8973	36.87	0	1.06528e-06	3.22e-06	0	3.39164	3.39164e+06	
39600	69.9896	36.8673	0	8.31917e-07	3.22e-06	0	3.32573	3.32573e+06	
39700	70.1009	36.8694	0	8.31917e-07	3.22e-06	0	3.32573	3.32573e+06	
39800	70.2343	36.8795	0	8.31917e-07	3.22e-06	0	3.32573	3.32573e+06	
39900	70.3898	36.9007	0	8.31917e-07	3.22e-06	0	3.32573	3.32573e+06	
40000	70.5194	36.9127	0	8.31917e-07	3.22e-06	0	3.32573	3.32573e+06	
40100	70.6458	36.8974	0	1.44618e-06	3.22e-06	0	3.52985	3.52985e+06	
40200	70.7695	36.8806	0	1.44618e-06	3.22e-06	0	3.52985	3.52985e+06	
40300	70.9185	36.8692	0	1.44618e-06	3.22e-06	0	3.52985	3.52985e+06	
40400	71.0989	36.8692	0	1.44618e-06	3.22e-06	0	3.52985	3.52985e+06	
40500	71.3142	36.8888	0	1.44618e-06	3.22e-06	0	3.52985	3.52985e+06	
40600	71.5642	36.908	0	1.86101e-06	2.9537e-06	0	3.49109	3.49109e+06	
40700	71.7395	36.8828	0	1.86101e-06	2.9537e-06	0	3.49109	3.49109e+06	
40800	71.9412	36.8667	0	1.86101e-06	2.9537e-06	0	3.49109	3.49109e+06	
40900	72.1817	36.8722	0	1.86101e-06	2.9537e-06	0	3.49109	3.49109e+06	
41000	72.4552	36.9072	0	1.86101e-06	2.9537e-06	0	3.49109	3.49109e+06	
41100	72.4172	36.9063	0	-6.98486e-07	3.22e-06	0	3.29489	3.29489e+06	
41200	72.3898	36.9022	0	-6.98486e-07	3.22e-06	0	3.29489	3.29489e+06	
41300	72.3651	36.8984	0	-6.98486e-07	3.22e-06	0	3.29489	3.29489e+06	
41400	72.34	36.8945	0	-6.98486e-07	3.22e-06	0	3.29489	3.29489e+06	
41500	72.3124	36.8904	0	-6.98486e-07	3.22e-06	0	3.29489	3.29489e+06	
41600	72.0488	36.8682	0	-2.41871e-06	3.22e-06	0	4.02723	4.02723e+06	
41700	71.7301	36.8823	0	-2.41871e-06	3.22e-06	0	4.02723	4.02723e+06	
41800	71.4129	36.9071	0	-2.41871e-06	3.22e-06	0	4.02723	4.02723e+06	
41900	71.1682	36.8751	0	-2.41871e-06	3.22e-06	0	4.02723	4.02723e+06	
42000	70.8733	36.8702	0	-2.41871e-06	3.22e-06	0	4.02723	4.02723e+06	
42100	70.55	36.9081	0	-2.25974e-06	3.22e-06	0	3.93381	3.93381e+06	
42200	70.3098	36.8914	0	-2.25974e-06	3.22e-06	0	3.93381	3.93381e+06	
42300	70.0674	36.8688	0	-2.25974e-06	3.22e-06	0	3.93381	3.93381e+06	
42400	69.7737	36.8777	0	-2.25974e-06	3.22e-06	0	3.93381	3.93381e+06	
42500	69.4595	36.912	0	-2.25974e-06	3.22e-06	0	3.93381	3.93381e+06	
42600	69.4279	36.9078	0	-6.19576e-07	3.22e-06	0	3.27907	3.27907e+06	
42700	69.4069	36.9048	0	-6.19576e-07	3.22e-06	0	3.27907	3.27907e+06	
42800	69.3901	36.9022	0	-6.19576e-07	3.22e-06	0	3.27907	3.27907e+06	
42900	69.3748	36.8998	0	-6.19576e-07	3.22e-06	0	3.27907	3.27907e+06	
43000	69.3598	36.8975	0	-6.19576e-07	3.22e-06	0	3.27907	3.27907e+06	
43100	69.5837	36.9071	0	1.75805e-06	3.22e-06	0	3.66867	3.66867e+06	
43200	69.7411	36.8841	0	1.75805e-06	3.22e-06	0	3.66867	3.66867e+06	
43300	69.9263	36.8689	0	1.75805e-06	3.22e-06	0	3.66867	3.66867e+06	
43400	70.1509	36.8718	0	1.75805e-06	3.22e-06	0	3.66867	3.66867e+06	
43500	70.4142	36.9035	0	1.75805e-06	3.22e-06	0	3.66867	3.66867e+06	
43600	70.416	36.9059	0	-4.36067e-07	3.22e-06	0	3.24939	3.24939e+06	
43700	70.4176	36.9062	0	-4.36067e-07	3.22e-06	0	3.24939	3.24939e+06	
43800	70.4188	36.9063	0	-4.36067e-07	3.22e-06	0	3.24939	3.24939e+06	
43900	70.4197	36.9065	0	-4.36067e-07	3.22e-06	0	3.24939	3.24939e+06	
44000	70.4203	36.9066	0	-4.36067e-07	3.22e-06	0	3.24939	3.24939e+06	
44100	70.4193	36.9064	0	-4.50257e-07	3.22e-06	0	3.25133	3.25133e+06	
44200	70.4186	36.9063	0	-4.50257e-07	3.22e-06	0	3.25133	3.25133e+06	
44300	70.418	36.9062	0	-4.50257e-07	3.22e-06	0	3.25133	3.25133e+06	
44400	70.4176	36.9062	0	-4.50257e-07	3.22e-06	0	3.25133	3.25133e+06	
44500	70.4173	36.9061	0	-4.50257e-07	3.22e-06	0	3.25133	3.25133e+06	
44600	70.4051	36.9044	0	-5.61123e-07	3.22e-06	0	3.26853	3.26853e+06	
44700	70.3951	36.9029	0	-5.61123e-07	3.22e-06	0	3.26853	3.26853e+06	
44800	70.3864	36.9016	0	-5.61123e-07	3.22e-06	0	3.26853	3.26853e+06	
44900	70.3782	36.9003	0	-5.61123e-07	3.22e-06	0	3.26853	3.26853e+06	
45000	70.3704	36.8991	0	-5.61123e-07	3.22e-06	0	3.26853	3.26853e+06	
45100	70.342	36.8948	0	-7.26702e-07	3.22e-06	0	3.30098	3.30098e+06	
45200	70.311	36.8903	0	-7.26702e-07	3.22e-06	0	3.30098	3.30098e+06	
45300	70.2754	36.8854	0	-7.26702e-07	3.22e-06	0	3.30098	3.30098e+06	
45400	70.2332	36.8804	0	-7.26702e-07	3.22e-06	0	3.30098	3.30098e+06	
45500	70.1826	36.8754	0	-7.26702e-07	3.22e-06	0	3.30098	3.30098e+06	
45600	70.0756	36.8688	0	-1.06281e-06	3.22e-06	0	3.39087	3.39087e+06	
45700	69.9462	36.8678	0	-1.06281e-06	3.22e-06	0	3.39087	3.39087e+06	
45800	69.7907	36.8768	0	-1.06281e-06	3.22e-06	0	3.39087	3.39087e+06	
45900	69.6088	36.9007	0	-1.06281e-06	3.22e-06	0	3.39087	3.39087e+06	
46000	69.4603	36.9116	0	-1.06281e-06	3.22e-06	0	3.39087	3.39087e+06	
46100	69.6255	36.9007	0	1.60414e-06	3.22e-06	0	3.59745	3.59745e+06	
46200	69.7671	36.8809	0	1.60414e-06	3.22e-06	0	3.59745	3.59745e+06	
46300	69.9369	36.8685	0	1.60414e-06	3.22e-06	0	3.59745	3.59745e+06	
46400	70.1427	36.8714	0	1.60414e-06	3.22e-06	0	3.59745	3.59745e+06	
46500	70.3855	36.8993	0	1.60414e-06	3.22e-06	0	3.59745	3.59745e+06	
46600	70.6293	36.9005	0	2.07771e-06	3.22e-06	0	3.83214	3.83214e+06	
46700	70.8346	36.8746	0	2.07771e-06	3.22e-06	0	3.83214	3.83214e+06	
46800	71.0837	36.8685	0	2.07771e-06	3.22e-06	0	3.83214	3.83214e+06	
46900	71.3796	36.8978	0	2.07771e-06	3.22e-06	0	3.83214	3.83214e+06	
47000	71.6256	36.9011	0	2.07771e-06	3.22e-06	0	3.83214	3.83214e+06	
47100	71.4718	36.9124	0	-1.02996e-06	3.22e-06	0	3.38071	3.38071e+06	
47200	71.3938	36.9032	0	-1.02996e-06	3.22e-06	0	3.38071	3.38071e+06	
47300	71.3283	36.8931	0	-1.02996e-06	3.22e-06	0	3.38071	3.38071e+06	
47400	71.2555	36.8832	0	-1.02996e-06	3.22e-06	0	3.38071	3.38071e+06	
47500	71.1684	36.8744	0	-1.02996e-06	3.22e-06	0	3.38071	3.38071e+06	
47600	71.0602	36.8683	0	-1.04987e-06	3.22e-06	0	3.38683	3.38683e+06	
47700	70.9293	36.8682	0	-1.04987e-06	3.22e-06	0	3.38683	3.38683e+06	
47800	70.7723	36.8786	0	-1.04987e-06	3.22e-06	0	3.38683	3.38683e+06	
47900	70.5903	36.9036	0	-1.04987e-06	3.22e-06	0	3.38683	3.38683e+06	
48000	70.4521	36.9109	0	-1.04987e-06	3.22e-06	0	3.38683	3.38683e+06	
48100	70.4257	36.9074	0	-5.96012e-07	3.22e-06	0	3.2747	3.2747e+06	
48200	70.4079	36.9049	0	-5.96012e-07	3.22e-06	0	3.2747	3.2747e+06	
48300	70.3935	36.9027	0	-5.96012e-07	3.22e-06	0	3.2747	3.2747e+06	
48400	70.3808	36.9007	0	-5.96012e-07	3.22e-06	0	3.2747	3.2747e+06	
48500	70.3687	36.8988	0	-5.96012e-07	3.22e-06	0	3.2747	3.2747e+06	
48600	70.0777	36.8671	0	-2.67161e-06	2.86305e-06	0	3.91594	3.91594e+06	
48700	69.7323	36.8793	0	-2.67161e-06	2.86305e-06	0	3.91594	3.91594e+06	
48800	69.3911	36.902	0	-2.67161e-06	2.86305e-06	0	3.91594	3.91594e+06	
48900	69.1037	36.8684	0	-2.67161e-06	2.86305e-06	0	3.91594	3.91594e+06	
49000	68.7627	36.876	0	-2.67161e-06	2.86305e-06	0	3.91594	3.91594e+06	
49100	68.6483	36.8877	0	-6.30736e-07	2.27337e-06	0	2.35924	2.35924e+06	
49200	68.5347	36.9038	0	-6.30736e-07	2.27337e-06	0	2.35924	2.35924e+06	
49300	68.4602	36.9044	0	-6.30736e-07	2.27337e-06	0	2.35924	2.35924e+06	
49400	68.4157	36.8992	0	-6.30736e-07	2.27337e-06	0	2.35924	2.35924e+06	
49500	68.38	36.8938	0	-6.30736e-07	2.27337e-06	0	2.35924	2.35924e+06	
49600	68.676	36.891	0	2.53551e-06	2.76567e-06	0	3.75203	3.75203e+06	
49700	68.9583	36.8651	0	2.53551e-06	2.76567e-06	0	3.75203	3.75203e+06	
49800	69.2908	36.8813	0	2.53551e-06	2.76567e-06	0	3.75203	3.75203e+06	
49900	69.612	36.9008	0	2.53551e-06	2.76567e-06	0	3.75203	3.75203e+06	
50000	69.8832	36.8685	0	2.53551e-06	2.76567e-06	0	3.75203	3.75203e+06	
