0	9	8	0	1.60252e-06	1.93398e-06	0	2.51165	2.51165e+06	
100	9.4	8.24485	0	3.22e-06	1.97108e-06	0	3.77539	3.77539e+06	
200	9.8	8.48971	0	3.22e-06	1.97108e-06	0	3.77539	3.77539e+06	
300	10.2	8.73456	0	3.22e-06	1.97108e-06	0	3.77539	3.77539e+06	
400	10.6	8.97942	0	3.22e-06	1.97108e-06	0	3.77539	3.77539e+06	
500	11	9.22427	0	3.22e-06	1.97108e-06	0	3.77539	3.77539e+06	
600	11.3608	9.62427	0	2.90466e-06	3.22e-06	0	4.33652	4.33652e+06	
700	11.7217	10.0243	0	2.90466e-06	3.22e-06	0	4.33652	4.33652e+06	
800	12.0825	10.4243	0	2.90466e-06	3.22e-06	0	4.33652	4.33652e+06	
900	12.4433	10.8243	0	2.90466e-06	3.22e-06	0	4.33652	4.33652e+06	
1000	12.8041	11.2243	0	2.90466e-06	3.22e-06	0	4.33652	4.33652e+06	
1100	13.0106	11.6243	0	1.66227e-06	3.22e-06	0	3.62375	3.62375e+06	
1200	13.2171	12.0243	0	1.66227e-06	3.22e-06	0	3.62375	3.62375e+06	
1300	13.4236	12.4243	0	1.66227e-06	3.22e-06	0	3.62375	3.62375e+06	
1400	13.6301	12.8243	0	1.66227e-06	3.22e-06	0	3.62375	3.62375e+06	
1500	13.8366	13.2243	0	1.66227e-06	3.22e-06	0	3.62375	3.62375e+06	
1600	13.7524	13.6243	0	-6.78038e-07	3.22e-06	0	3.29061	3.29061e+06	
1700	13.6681	14.0243	0	-6.78038e-07	3.22e-06	0	3.29061	3.29061e+06	
1800	13.5839	14.4243	0	-6.78038e-07	3.22e-06	0	3.29061	3.29061e+06	
1900	13.4997	14.8243	0	-6.78038e-07	3.22e-06	0	3.29061	3.29061e+06	
2000	13.4155	15.2243	0	-6.78038e-07	3.22e-06	0	3.29061	3.29061e+06	
2100	13.4389	15.6243	0	1.89008e-07	3.22e-06	0	3.22554	3.22554e+06	
2200	13.4624	16.0243	0	1.89008e-07	3.22e-06	0	3.22554	3.22554e+06	
2300	13.4859	16.4243	0	1.89008e-07	3.22e-06	0	3.22554	3.22554e+06	
2400	13.5094	16.8243	0	1.89008e-07	3.22e-06	0	3.22554	3.22554e+06	
2500	13.5329	17.2243	0	1.89008e-07	3.22e-06	0	3.22554	3.22554e+06	
2600	13.2493	17.6243	0	-2.28224e-06	3.22e-06	0	3.94677	3.94677e+06	
2700	12.9658	18.0243	0	-2.28224e-06	3.22e-06	0	3.94677	3.94677e+06	
2800	12.6823	18.4243	0	-2.28224e-06	3.22e-06	0	3.94677	3.94677e+06	
2900	12.3988	18.8243	0	-2.28224e-06	3.22e-06	0	3.94677	3.94677e+06	
3000	12.1153	19.2243	0	-2.28224e-06	3.22e-06	0	3.94677	3.94677e+06	
3100	11.9091	19.6243	0	-1.66033e-06	3.22e-06	0	3.62286	3.62286e+06	
3200	11.7028	20.0243	0	-1.66033e-06	3.22e-06	0	3.62286	3.62286e+06	
3300	11.4966	20.4243	0	-1.66033e-06	3.22e-06	0	3.62286	3.62286e+06	
3400	11.2904	20.8235	0	-1.66033e-06	3.22e-06	0	3.62286	3.62286e+06	
3500	11.1157	20.871	0	-1.66033e-06	3.22e-06	0	3.62286	3.62286e+06	
3600	10.8235	20.8734	0	-2.31882e-06	3.22e-06	0	3.96804	3.96804e+06	
3700	10.4799	20.9272	0	-2.31882e-06	3.22e-06	0	3.96804	3.96804e+06	
3800	10.0982	21.0567	0	-2.31882e-06	3.22e-06	0	3.96804	3.96804e+06	
3900	9.70711	21.2805	0	-2.31882e-06	3.22e-06	0	3.96804	3.96804e+06	
4000	9.34433	21.5985	0	-2.31882e-06	3.22e-06	0	3.96804	3.96804e+06	
4100	9.03944	21.9483	0	-2.29134e-06	2.93701e-06	0	3.72509	3.72509e+06	
4200	8.72222	22.2645	0	-2.29134e-06	2.93701e-06	0	3.72509	3.72509e+06	
4300	8.37495	22.5584	0	-2.29134e-06	2.93701e-06	0	3.72509	3.72509e+06	
4400	8.06961	22.9074	0	-2.29134e-06	2.93701e-06	0	3.72509	3.72509e+06	
4500	7.78384	23.2717	0	-2.29134e-06	2.93701e-06	0	3.72509	3.72509e+06	
4600	7.86464	23.6609	0	7.75664e-07	3.15622e-06	0	3.25013	3.25013e+06	
4700	7.84011	24.0442	0	7.75664e-07	3.15622e-06	0	3.25013	3.25013e+06	
4800	7.76905	24.2568	0	7.75664e-07	3.15622e-06	0	3.25013	3.25013e+06	
4900	7.64068	24.3542	0	7.75664e-07	3.15622e-06	0	3.25013	3.25013e+06	
5000	7.49857	24.4814	0	7.75664e-07	3.15622e-06	0	3.25013	3.25013e+06	
5100	7.36862	24.624	0	1.18791e-06	3.22e-06	0	3.43213	3.43213e+06	
5200	7.22935	24.8061	0	1.18791e-06	3.22e-06	0	3.43213	3.43213e+06	
5300	7.0914	25.0375	0	1.18791e-06	3.22e-06	0	3.43213	3.43213e+06	
5400	6.96899	25.3238	0	1.18791e-06	3.22e-06	0	3.43213	3.43213e+06	
5500	6.88103	25.6651	0	1.18791e-06	3.22e-06	0	3.43213	3.43213e+06	
5600	6.70799	26.062	0	-1.20569e-06	3.22e-06	0	3.43833	3.43833e+06	
5700	6.5582	26.462	0	-1.20569e-06	3.22e-06	0	3.43833	3.43833e+06	
5800	6.40842	26.862	0	-1.20569e-06	3.22e-06	0	3.43833	3.43833e+06	
5900	6.25865	27.262	0	-1.20569e-06	3.22e-06	0	3.43833	3.43833e+06	
6000	6.10887	27.662	0	-1.20569e-06	3.22e-06	0	3.43833	3.43833e+06	
6100	6.20115	28.062	0	7.42858e-07	3.22e-06	0	3.30458	3.30458e+06	
6200	6.29344	28.462	0	7.42858e-07	3.22e-06	0	3.30458	3.30458e+06	
6300	6.38572	28.862	0	7.42858e-07	3.22e-06	0	3.30458	3.30458e+06	
6400	6.478	29.262	0	7.42858e-07	3.22e-06	0	3.30458	3.30458e+06	
6500	6.57028	29.662	0	7.42858e-07	3.22e-06	0	3.30458	3.30458e+06	
6600	6.59032	30.062	0	1.61331e-07	3.22e-06	0	3.22404	3.22404e+06	
6700	6.61036	30.462	0	1.61331e-07	3.22e-06	0	3.22404	3.22404e+06	
6800	6.6304	30.862	0	1.61331e-07	3.22e-06	0	3.22404	3.22404e+06	
6900	6.65044	31.262	0	1.61331e-07	3.22e-06	0	3.22404	3.22404e+06	
7000	6.67048	31.662	0	1.61331e-07	3.22e-06	0	3.22404	3.22404e+06	
7100	6.47642	32.062	0	-1.5622e-06	3.22e-06	0	3.57895	3.57895e+06	
7200	6.28236	32.462	0	-1.5622e-06	3.22e-06	0	3.57895	3.57895e+06	
7300	6.08829	32.862	0	-1.5622e-06	3.22e-06	0	3.57895	3.57895e+06	
7400	5.89423	33.262	0	-1.5622e-06	3.22e-06	0	3.57895	3.57895e+06	
7500	5.70017	33.662	0	-1.5622e-06	3.22e-06	0	3.57895	3.57895e+06	
7600	5.7865	34.062	0	6.94989e-07	3.22e-06	0	3.29415	3.29415e+06	
7700	5.87284	34.462	0	6.94989e-07	3.22e-06	0	3.29415	3.29415e+06	
7800	5.95917	34.862	0	6.94989e-07	3.22e-06	0	3.29415	3.29415e+06	
7900	6.0455	35.262	0	6.94989e-07	3.22e-06	0	3.29415	3.29415e+06	
8000	6.13184	35.662	0	6.94989e-07	3.22e-06	0	3.29415	3.29415e+06	
8100	6.53184	36.062	0	3.22e-06	3.22e-06	0	4.55377	4.55377e+06	
8200	6.93184	36.462	0	3.22e-06	3.22e-06	0	4.55377	4.55377e+06	
8300	7.33184	36.862	0	3.22e-06	3.22e-06	0	4.55377	4.55377e+06	
8400	7.73184	37.262	0	3.22e-06	3.22e-06	0	4.55377	4.55377e+06	
8500	8.13184	37.662	0	3.22e-06	3.22e-06	0	4.55377	4.55377e+06	
8600	8.53184	38.062	0	3.22e-06	3.22e-06	0	4.55377	4.55377e+06	
8700	8.93184	38.462	0	3.22e-06	3.22e-06	0	4.55377	4.55377e+06	
8800	9.33184	38.862	0	3.22e-06	3.22e-06	0	4.55377	4.55377e+06	
8900	9.73184	39.262	0	3.22e-06	3.22e-06	0	4.55377	4.55377e+06	
9000	10.1318	39.662	0	3.22e-06	3.22e-06	0	4.55377	4.55377e+06	
9100	10.5318	40.062	0	3.22e-06	3.22e-06	0	4.55377	4.55377e+06	
9200	10.9318	40.462	0	3.22e-06	3.22e-06	0	4.55377	4.55377e+06	
9300	11.3318	40.862	0	3.22e-06	3.22e-06	0	4.55377	4.55377e+06	
9400	11.7318	41.262	0	3.22e-06	3.22e-06	0	4.55377	4.55377e+06	
9500	12.1318	41.662	0	3.22e-06	3.22e-06	0	4.55377	4.55377e+06	
9600	12.5318	42.062	0	3.22e-06	3.22e-06	0	4.55377	4.55377e+06	
9700	12.9318	42.462	0	3.22e-06	3.22e-06	0	4.55377	4.55377e+06	
9800	13.3318	42.862	0	3.22e-06	3.22e-06	0	4.55377	4.55377e+06	
9900	13.7318	43.262	0	3.22e-06	3.22e-06	0	4.55377	4.55377e+06	
10000	14.1318	43.662	0	3.22e-06	3.22e-06	0	4.55377	4.55377e+06	
10100	14.3891	44.062	0	2.07107e-06	3.22e-06	0	3.82854	3.82854e+06	
10200	14.6464	44.462	0	2.07107e-06	3.22e-06	0	3.82854	3.82854e+06	
10300	14.9037	44.862	0	2.07107e-06	3.22e-06	0	3.82854	3.82854e+06	
10400	15.1609	45.262	0	2.07107e-06	3.22e-06	0	3.82854	3.82854e+06	
10500	15.4182	45.662	0	2.07107e-06	3.22e-06	0	3.82854	3.82854e+06	
10600	15.3885	46.062	0	-2.38987e-07	3.22e-06	0	3.22886	3.22886e+06	
10700	15.3588	46.462	0	-2.38987e-07	3.22e-06	0	3.22886	3.22886e+06	
10800	15.3292	46.862	0	-2.38987e-07	3.22e-06	0	3.22886	3.22886e+06	
10900	15.2995	47.262	0	-2.38987e-07	3.22e-06	0	3.22886	3.22886e+06	
11000	15.2698	47.662	0	-2.38987e-07	3.22e-06	0	3.22886	3.22886e+06	
11100	15.4993	48.062	0	1.84785e-06	3.22e-06	0	3.71254	3.71254e+06	
11200	15.7289	48.462	0	1.84785e-06	3.22e-06	0	3.71254	3.71254e+06	
11300	15.9584	48.862	0	1.84785e-06	3.22e-06	0	3.71254	3.71254e+06	
11400	16.188	49.262	0	1.84785e-06	3.22e-06	0	3.71254	3.71254e+06	
11500	16.4175	49.662	0	1.84785e-06	3.22e-06	0	3.71254	3.71254e+06	
11600	16.6631	50.062	0	1.97687e-06	3.22e-06	0	3.77842	3.77842e+06	
11700	16.9087	50.462	0	1.97687e-06	3.22e-06	0	3.77842	3.77842e+06	
11800	17.1542	50.862	0	1.97687e-06	3.22e-06	0	3.77842	3.77842e+06	
11900	17.3998	51.262	0	1.97687e-06	3.22e-06	0	3.77842	3.77842e+06	
12000	17.6454	51.662	0	1.97687e-06	3.22e-06	0	3.77842	3.77842e+06	
12100	17.2454	52.062	0	-3.22e-06	3.22e-06	0	4.55377	4.55377e+06	
12200	16.8454	52.462	0	-3.22e-06	3.22e-06	0	4.55377	4.55377e+06	
12300	16.4454	52.862	0	-3.22e-06	3.22e-06	0	4.55377	4.55377e+06	
12400	16.0454	53.262	0	-3.22e-06	3.22e-06	0	4.55377	4.55377e+06	
12500	15.6454	53.662	0	-3.22e-06	3.22e-06	0	4.55377	4.55377e+06	
12600	15.8828	53.9413	0	1.91093e-06	2.24829e-06	0	2.95067	2.95067e+06	
12700	16.1202	54.2205	0	1.91093e-06	2.24829e-06	0	2.95067	2.95067e+06	
12800	16.3575	54.4998	0	1.91093e-06	2.24829e-06	0	2.95067	2.95067e+06	
12900	16.5949	54.7791	0	1.91093e-06	2.24829e-06	0	2.95067	2.95067e+06	
13000	16.8323	55.0584	0	1.91093e-06	2.24829e-06	0	2.95067	2.95067e+06	
13100	17.1472	55.4074	0	2.53528e-06	2.80957e-06	0	3.78435	3.78435e+06	
13200	17.4622	55.7564	0	2.53528e-06	2.80957e-06	0	3.78435	3.78435e+06	
13300	17.7771	56.1055	0	2.53528e-06	2.80957e-06	0	3.78435	3.78435e+06	
13400	18.0921	56.4545	0	2.53528e-06	2.80957e-06	0	3.78435	3.78435e+06	
13500	18.407	56.8035	0	2.53528e-06	2.80957e-06	0	3.78435	3.78435e+06	
13600	18.7214	56.9515	0	2.53108e-06	1.19186e-06	0	2.79766	2.79766e+06	
13700	19.0358	57.0996	0	2.53108e-06	1.19186e-06	0	2.79766	2.79766e+06	
13800	19.3503	57.2477	0	2.53108e-06	1.19186e-06	0	2.79766	2.79766e+06	
13900	19.6647	57.3957	0	2.53108e-06	1.19186e-06	0	2.79766	2.79766e+06	
14000	19.9791	57.5438	0	2.53108e-06	1.19186e-06	0	2.79766	2.79766e+06	
14100	20.2255	57.7831	0	1.98361e-06	1.92632e-06	0	2.76503	2.76503e+06	
14200	20.4719	58.0224	0	1.98361e-06	1.92632e-06	0	2.76503	2.76503e+06	
14300	20.7183	58.2617	0	1.98361e-06	1.92632e-06	0	2.76503	2.76503e+06	
14400	20.9647	58.5009	0	1.98361e-06	1.92632e-06	0	2.76503	2.76503e+06	
14500	21.2112	58.7402	0	1.98361e-06	1.92632e-06	0	2.76503	2.76503e+06	
14600	21.4609	59.1402	0	2.01011e-06	3.22e-06	0	3.79591	3.79591e+06	
14700	21.7106	59.5402	0	2.01011e-06	3.22e-06	0	3.79591	3.79591e+06	
14800	21.9603	59.9402	0	2.01011e-06	3.22e-06	0	3.79591	3.79591e+06	
14900	22.21	60.3402	0	2.01011e-06	3.22e-06	0	3.79591	3.79591e+06	
15000	22.4597	60.7402	0	2.01011e-06	3.22e-06	0	3.79591	3.79591e+06	
15100	22.7474	60.884	0	2.60872e-06	3.22e-06	0	4.14413	4.14413e+06	
15200	23.0499	60.8676	0	2.60872e-06	3.22e-06	0	4.14413	4.14413e+06	
15300	23.4098	60.9019	0	2.60872e-06	3.22e-06	0	4.14413	4.14413e+06	
15400	23.7018	60.89	0	2.60872e-06	3.22e-06	0	4.14413	4.14413e+06	
15500	23.9942	60.8674	0	2.60872e-06	3.22e-06	0	4.14413	4.14413e+06	
15600	24.421	60.8997	0	3.22e-06	2.8187e-06	0	4.27942	4.27942e+06	
15700	24.7866	60.8775	0	3.22e-06	2.8187e-06	0	4.27942	4.27942e+06	
15800	25.1815	60.8705	0	3.22e-06	2.8187e-06	0	4.27942	4.27942e+06	
15900	25.5976	60.9038	0	3.22e-06	2.8187e-06	0	4.27942	4.27942e+06	
16000	25.9573	60.8657	0	3.22e-06	2.8187e-06	0	4.27942	4.27942e+06	
16100	26.3836	60.8972	0	3.22e-06	3.22e-06	0	4.55377	4.55377e+06	
16200	26.7527	60.8838	0	3.22e-06	3.22e-06	0	4.55377	4.55377e+06	
16300	27.1396	60.8706	0	3.22e-06	3.22e-06	0	4.55377	4.55377e+06	
16400	27.5664	60.9101	0	3.22e-06	3.22e-06	0	4.55377	4.55377e+06	
16500	27.916	60.8698	0	3.22e-06	3.22e-06	0	4.55377	4.55377e+06	
16600	28.244	60.8793	0	2.53724e-06	3.22e-06	0	4.09951	4.09951e+06	
16700	28.58	60.9081	0	2.53724e-06	3.22e-06	0	4.09951	4.09951e+06	
16800	28.8397	60.8745	0	2.53724e-06	3.22e-06	0	4.09951	4.09951e+06	
16900	29.1524	60.8716	0	2.53724e-06	3.22e-06	0	4.09951	4.09951e+06	
17000	29.5069	60.9126	0	2.53724e-06	3.22e-06	0	4.09951	4.09951e+06	
17100	29.6972	60.8821	0	1.82132e-06	2.08568e-06	0	2.76898	2.76898e+06	
17200	29.8965	60.862	0	1.82132e-06	2.08568e-06	0	2.76898	2.76898e+06	
17300	30.1234	60.8612	0	1.82132e-06	2.08568e-06	0	2.76898	2.76898e+06	
17400	30.3762	60.8884	0	1.82132e-06	2.08568e-06	0	2.76898	2.76898e+06	
17500	30.6499	60.9522	0	1.82132e-06	2.08568e-06	0	2.76898	2.76898e+06	
17600	31.0565	60.9611	0	3.22e-06	2.27912e-07	0	3.22806	3.22806e+06	
17700	31.4566	60.9894	0	3.22e-06	2.27912e-07	0	3.22806	3.22806e+06	
17800	31.8566	61.0177	0	3.22e-06	2.27912e-07	0	3.22806	3.22806e+06	
17900	32.2566	61.046	0	3.22e-06	2.27912e-07	0	3.22806	3.22806e+06	
18000	32.6566	61.0743	0	3.22e-06	2.27912e-07	0	3.22806	3.22806e+06	
18100	32.9613	61.2946	0	2.45335e-06	1.77307e-06	0	3.027	3.027e+06	
18200	33.2661	61.5148	0	2.45335e-06	1.77307e-06	0	3.027	3.027e+06	
18300	33.5708	61.7351	0	2.45335e-06	1.77307e-06	0	3.027	3.027e+06	
18400	33.8756	61.9553	0	2.45335e-06	1.77307e-06	0	3.027	3.027e+06	
18500	34.1804	62.1756	0	2.45335e-06	1.77307e-06	0	3.027	3.027e+06	
18600	34.5804	62.5756	0	3.22e-06	3.22e-06	0	4.55377	4.55377e+06	
18700	34.9804	62.9756	0	3.22e-06	3.22e-06	0	4.55377	4.55377e+06	
18800	35.3804	63.3756	0	3.22e-06	3.22e-06	0	4.55377	4.55377e+06	
18900	35.7804	63.7756	0	3.22e-06	3.22e-06	0	4.55377	4.55377e+06	
19000	36.1804	64.1756	0	3.22e-06	3.22e-06	0	4.55377	4.55377e+06	
19100	36.5804	64.5756	0	3.22e-06	3.22e-06	0	4.55377	4.55377e+06	
19200	36.9804	64.9756	0	3.22e-06	3.22e-06	0	4.55377	4.55377e+06	
19300	37.3804	65.3756	0	3.22e-06	3.22e-06	0	4.55377	4.55377e+06	
19400	37.7804	65.7755	0	3.22e-06	3.22e-06	0	4.55377	4.55377e+06	
19500	38.183	65.8735	0	3.22e-06	3.22e-06	0	4.55377	4.55377e+06	
19600	38.6008	65.9058	0	3.22e-06	3.22e-06	0	4.55377	4.55377e+06	
19700	38.9553	65.8683	0	3.22e-06	3.22e-06	0	4.55377	4.55377e+06	
19800	39.3812	65.8968	0	3.22e-06	3.22e-06	0	4.55377	4.55377e+06	
19900	39.7508	65.884	0	3.22e-06	3.22e-06	0	4.55377	4.55377e+06	
20000	40.1374	65.8705	0	3.22e-06	3.22e-06	0	4.55377	4.55377e+06	
20100	40.2061	65.877	0	3.0043e-07	3.22e-06	0	3.23398	3.23398e+06	
20200	40.2881	65.8863	0	3.0043e-07	3.22e-06	0	3.23398	3.23398e+06	
20300	40.3821	65.9001	0	3.0043e-07	3.22e-06	0	3.23398	3.23398e+06	
20400	40.4675	65.9115	0	3.0043e-07	3.22e-06	0	3.23398	3.23398e+06	
20500	40.5115	65.9129	0	3.0043e-07	3.22e-06	0	3.23398	3.23398e+06	
20600	40.3133	65.8892	0	-1.94552e-06	2.824e-06	0	3.42929	3.42929e+06	
20700	40.1089	65.8681	0	-1.94552e-06	2.824e-06	0	3.42929	3.42929e+06	
20800	39.8662	65.868	0	-1.94552e-06	2.824e-06	0	3.42929	3.42929e+06	
20900	39.587	65.9002	0	-1.94552e-06	2.824e-06	0	3.42929	3.42929e+06	
21000	39.3647	65.897	0	-1.94552e-06	2.824e-06	0	3.42929	3.42929e+06	
21100	39.3425	65.8922	0	-6.14326e-07	2.8159e-06	0	2.88213	2.88213e+06	
21200	39.3183	65.8886	0	-6.14326e-07	2.8159e-06	0	2.88213	2.88213e+06	
21300	39.2912	65.8848	0	-6.14326e-07	2.8159e-06	0	2.88213	2.88213e+06	
21400	39.2601	65.8808	0	-6.14326e-07	2.8159e-06	0	2.88213	2.88213e+06	
21500	39.2238	65.8766	0	-6.14326e-07	2.8159e-06	0	2.88213	2.88213e+06	
21600	39.3546	65.8766	0	8.78508e-07	1.36064e-06	0	1.61961	1.61961e+06	
21700	39.4821	65.8939	0	8.78508e-07	1.36064e-06	0	1.61961	1.61961e+06	
21800	39.5798	65.8902	0	8.78508e-07	1.36064e-06	0	1.61961	1.61961e+06	
21900	39.662	65.878	0	8.78508e-07	1.36064e-06	0	1.61961	1.61961e+06	
22000	39.7468	65.8663	0	8.78508e-07	1.36064e-06	0	1.61961	1.61961e+06	
22100	39.8266	65.8661	0	8.48194e-07	2.0714e-06	0	2.23833	2.23833e+06	
22200	39.916	65.8604	0	8.48194e-07	2.0714e-06	0	2.23833	2.23833e+06	
22300	40.0171	65.8585	0	8.48194e-07	2.0714e-06	0	2.23833	2.23833e+06	
22400	40.131	65.8619	0	8.48194e-07	2.0714e-06	0	2.23833	2.23833e+06	
22500	40.2585	65.8729	0	8.48194e-07	2.0714e-06	0	2.23833	2.23833e+06	
22600	40.2079	65.8778	0	-7.53367e-07	3.22e-06	0	3.30696	3.30696e+06	
22700	40.1484	65.8727	0	-7.53367e-07	3.22e-06	0	3.30696	3.30696e+06	
22800	40.0764	65.8688	0	-7.53367e-07	3.22e-06	0	3.30696	3.30696e+06	
22900	39.9893	65.8673	0	-7.53367e-07	3.22e-06	0	3.30696	3.30696e+06	
23000	39.8844	65.8701	0	-7.53367e-07	3.22e-06	0	3.30696	3.30696e+06	
23100	40.2951	65.8801	0	3.22e-06	2.62915e-06	0	4.15702	4.15702e+06	
23200	40.687	65.8891	0	3.22e-06	2.62915e-06	0	4.15702	4.15702e+06	
23300	41.0646	65.8637	0	3.22e-06	2.62915e-06	0	4.15702	4.15702e+06	
23400	41.4928	65.9068	0	3.22e-06	2.62915e-06	0	4.15702	4.15702e+06	
23500	41.8513	65.8702	0	3.22e-06	2.62915e-06	0	4.15702	4.15702e+06	
23600	42.1329	65.6565	0	2.27866e-06	-1.53291e-06	0	2.74629	2.74629e+06	
23700	42.416	65.4661	0	2.27866e-06	-1.53291e-06	0	2.74629	2.74629e+06	
23800	42.6991	65.2757	0	2.27866e-06	-1.53291e-06	0	2.74629	2.74629e+06	
23900	42.9821	65.0852	0	2.27866e-06	-1.53291e-06	0	2.74629	2.74629e+06	
24000	43.2652	64.8948	0	2.27866e-06	-1.53291e-06	0	2.74629	2.74629e+06	
24100	43.5258	64.6019	0	2.09784e-06	-2.35756e-06	0	3.15579	3.15579e+06	
24200	43.7864	64.3091	0	2.09784e-06	-2.35756e-06	0	3.15579	3.15579e+06	
24300	44.047	64.0162	0	2.09784e-06	-2.35756e-06	0	3.15579	3.15579e+06	
24400	44.3076	63.7234	0	2.09784e-06	-2.35756e-06	0	3.15579	3.15579e+06	
24500	44.5682	63.4305	0	2.09784e-06	-2.35756e-06	0	3.15579	3.15579e+06	
24600	44.9682	63.5011	0	3.22e-06	5.68584e-07	0	3.26981	3.26981e+06	
24700	45.3682	63.5718	0	3.22e-06	5.68584e-07	0	3.26981	3.26981e+06	
24800	45.7682	63.6424	0	3.22e-06	5.68584e-07	0	3.26981	3.26981e+06	
24900	46.1682	63.713	0	3.22e-06	5.68584e-07	0	3.26981	3.26981e+06	
25000	46.5682	63.7836	0	3.22e-06	5.68584e-07	0	3.26981	3.26981e+06	
25100	46.9682	63.9569	0	3.22e-06	1.39457e-06	0	3.50902	3.50902e+06	
25200	47.3682	64.1301	0	3.22e-06	1.39457e-06	0	3.50902	3.50902e+06	
25300	47.7682	64.3034	0	3.22e-06	1.39457e-06	0	3.50902	3.50902e+06	
25400	48.1682	64.4766	0	3.22e-06	1.39457e-06	0	3.50902	3.50902e+06	
25500	48.5682	64.6498	0	3.22e-06	1.39457e-06	0	3.50902	3.50902e+06	
25600	48.9611	64.2498	0	3.1625e-06	-3.22e-06	0	4.51329	4.51329e+06	
25700	49.3539	63.8498	0	3.1625e-06	-3.22e-06	0	4.51329	4.51329e+06	
25800	49.7468	63.4498	0	3.1625e-06	-3.22e-06	0	4.51329	4.51329e+06	
25900	50.1396	63.0498	0	3.1625e-06	-3.22e-06	0	4.51329	4.51329e+06	
26000	50.5325	62.6498	0	3.1625e-06	-3.22e-06	0	4.51329	4.51329e+06	
26100	50.9325	62.7173	0	3.22e-06	5.43152e-07	0	3.26549	3.26549e+06	
26200	51.3325	62.7848	0	3.22e-06	5.43152e-07	0	3.26549	3.26549e+06	
26300	51.7325	62.8523	0	3.22e-06	5.43152e-07	0	3.26549	3.26549e+06	
26400	52.1325	62.9197	0	3.22e-06	5.43152e-07	0	3.26549	3.26549e+06	
26500	52.5325	62.9872	0	3.22e-06	5.43152e-07	0	3.26549	3.26549e+06	
26600	52.9325	62.9657	0	3.22e-06	-1.72887e-07	0	3.22464	3.22464e+06	
26700	53.3325	62.9442	0	3.22e-06	-1.72887e-07	0	3.22464	3.22464e+06	
26800	53.7325	62.9228	0	3.22e-06	-1.72887e-07	0	3.22464	3.22464e+06	
26900	54.1325	62.9013	0	3.22e-06	-1.72887e-07	0	3.22464	3.22464e+06	
27000	54.5325	62.8798	0	3.22e-06	-1.72887e-07	0	3.22464	3.22464e+06	
27100	54.9325	63.072	0	3.22e-06	1.54722e-06	0	3.57244	3.57244e+06	
27200	55.3325	63.2642	0	3.22e-06	1.54722e-06	0	3.57244	3.57244e+06	
27300	55.7325	63.4564	0	3.22e-06	1.54722e-06	0	3.57244	3.57244e+06	
27400	56.1325	63.6486	0	3.22e-06	1.54722e-06	0	3.57244	3.57244e+06	
27500	56.5325	63.8408	0	3.22e-06	1.54722e-06	0	3.57244	3.57244e+06	
27600	56.9325	64.0406	0	3.22e-06	1.60858e-06	0	3.59943	3.59943e+06	
27700	57.3325	64.2405	0	3.22e-06	1.60858e-06	0	3.59943	3.59943e+06	
27800	57.7325	64.4403	0	3.22e-06	1.60858e-06	0	3.59943	3.59943e+06	
27900	58.1325	64.6401	0	3.22e-06	1.60858e-06	0	3.59943	3.59943e+06	
28000	58.5325	64.8399	0	3.22e-06	1.60858e-06	0	3.59943	3.59943e+06	
28100	58.7645	64.4534	0	1.86747e-06	-3.11127e-06	0	3.6287	3.6287e+06	
28200	58.9965	64.067	0	1.86747e-06	-3.11127e-06	0	3.6287	3.6287e+06	
28300	59.2284	63.6805	0	1.86747e-06	-3.11127e-06	0	3.6287	3.6287e+06	
28400	59.4604	63.294	0	1.86747e-06	-3.11127e-06	0	3.6287	3.6287e+06	
28500	59.6924	62.9075	0	1.86747e-06	-3.11127e-06	0	3.6287	3.6287e+06	
28600	59.9057	62.9581	0	1.71737e-06	4.07116e-07	0	1.76497	1.76497e+06	
28700	60.1191	63.0086	0	1.71737e-06	4.07116e-07	0	1.76497	1.76497e+06	
28800	60.3324	63.0592	0	1.71737e-06	4.07116e-07	0	1.76497	1.76497e+06	
28900	60.5458	63.1098	0	1.71737e-06	4.07116e-07	0	1.76497	1.76497e+06	
29000	60.7591	63.1603	0	1.71737e-06	4.07116e-07	0	1.76497	1.76497e+06	
29100	61.1591	63.3543	0	3.22e-06	1.56162e-06	0	3.5787	3.5787e+06	
29200	61.5591	63.5483	0	3.22e-06	1.56162e-06	0	3.5787	3.5787e+06	
29300	61.9591	63.7423	0	3.22e-06	1.56162e-06	0	3.5787	3.5787e+06	
29400	62.3591	63.9363	0	3.22e-06	1.56162e-06	0	3.5787	3.5787e+06	
29500	62.7591	64.1303	0	3.22e-06	1.56162e-06	0	3.5787	3.5787e+06	
29600	63.1591	64.0087	0	3.22e-06	-9.78873e-07	0	3.3655	3.3655e+06	
29700	63.5591	63.8871	0	3.22e-06	-9.78873e-07	0	3.3655	3.3655e+06	
29800	63.9591	63.7655	0	3.22e-06	-9.78873e-07	0	3.3655	3.3655e+06	
29900	64.3591	63.6439	0	3.22e-06	-9.78873e-07	0	3.3655	3.3655e+06	
30000	64.7591	63.5223	0	3.22e-06	-9.78873e-07	0	3.3655	3.3655e+06	
30100	65.1568	63.537	0	3.20185e-06	1.18293e-07	0	3.20403	3.20403e+06	
30200	65.5546	63.5517	0	3.20185e-06	1.18293e-07	0	3.20403	3.20403e+06	
30300	65.9523	63.5664	0	3.20185e-06	1.18293e-07	0	3.20403	3.20403e+06	
30400	66.3501	63.5811	0	3.20185e-06	1.18293e-07	0	3.20403	3.20403e+06	
30500	66.7478	63.5958	0	3.20185e-06	1.18293e-07	0	3.20403	3.20403e+06	
30600	67.1478	63.8179	0	3.22e-06	1.78846e-06	0	3.68334	3.68334e+06	
30700	67.5478	64.0401	0	3.22e-06	1.78846e-06	0	3.68334	3.68334e+06	
30800	67.9478	64.2623	0	3.22e-06	1.78846e-06	0	3.68334	3.68334e+06	
30900	68.3478	64.4845	0	3.22e-06	1.78846e-06	0	3.68334	3.68334e+06	
31000	68.7478	64.7066	0	3.22e-06	1.78846e-06	0	3.68334	3.68334e+06	
31100	69.1214	65.0569	0	3.00741e-06	2.81982e-06	0	4.12261	4.12261e+06	
31200	69.495	65.4072	0	3.00741e-06	2.81982e-06	0	4.12261	4.12261e+06	
31300	69.8686	65.7574	0	3.00741e-06	2.81982e-06	0	4.12261	4.12261e+06	
31400	70.2538	65.8771	0	3.00741e-06	2.81982e-06	0	4.12261	4.12261e+06	
31500	70.6324	65.8985	0	3.00741e-06	2.81982e-06	0	4.12261	4.12261e+06	
31600	70.9631	65.8059	0	2.72928e-06	-1.96193e-07	0	2.73633	2.73633e+06	
31700	71.3023	65.774	0	2.72928e-06	-1.96193e-07	0	2.73633	2.73633e+06	
31800	71.6414	65.7492	0	2.72928e-06	-1.96193e-07	0	2.73633	2.73633e+06	
31900	71.9804	65.7245	0	2.72928e-06	-1.96193e-07	0	2.73633	2.73633e+06	
32000	72.3195	65.7	0	2.72928e-06	-1.96193e-07	0	2.73633	2.73633e+06	
32100	72.7195	65.7486	0	3.22e-06	3.92706e-07	0	3.24386	3.24386e+06	
32200	73.1195	65.7937	0	3.22e-06	3.92706e-07	0	3.24386	3.24386e+06	
32300	73.5203	65.8341	0	3.22e-06	3.92706e-07	0	3.24386	3.24386e+06	
32400	73.8717	65.8328	0	3.22e-06	3.92706e-07	0	3.24386	3.24386e+06	
32500	73.8753	65.814	0	3.22e-06	3.92706e-07	0	3.24386	3.24386e+06	
32600	73.9026	65.5946	0	3.22e-06	-1.36002e-06	0	3.49543	3.49543e+06	
32700	73.9083	65.4273	0	3.22e-06	-1.36002e-06	0	3.49543	3.49543e+06	
32800	73.8922	65.3203	0	3.22e-06	-1.36002e-06	0	3.49543	3.49543e+06	
32900	73.8775	65.2019	0	3.22e-06	-1.36002e-06	0	3.49543	3.49543e+06	
33000	73.8683	65.0586	0	3.22e-06	-1.36002e-06	0	3.49543	3.49543e+06	
33100	73.8705	65.1615	0	2.84285e-06	6.85964e-07	0	2.92444	2.92444e+06	
33200	73.8825	65.2816	0	2.84285e-06	6.85964e-07	0	2.92444	2.92444e+06	
33300	73.9022	65.4155	0	2.84285e-06	6.85964e-07	0	2.92444	2.92444e+06	
33400	73.9102	65.5189	0	2.84285e-06	6.85964e-07	0	2.92444	2.92444e+06	
33500	73.9056	65.5703	0	2.84285e-06	6.85964e-07	0	2.92444	2.92444e+06	
33600	73.8826	65.7548	0	3.22e-06	1.96842e-06	0	3.774	3.774e+06	
33700	73.8713	65.859	0	3.22e-06	1.96842e-06	0	3.774	3.774e+06	
33800	73.8713	65.8591	0	3.22e-06	1.96842e-06	0	3.774	3.774e+06	
33900	73.8713	65.8591	0	3.22e-06	1.96842e-06	0	3.774	3.774e+06	
34000	73.8713	65.8591	0	3.22e-06	1.96842e-06	0	3.774	3.774e+06	
34100	73.8704	65.8673	0	3.22e-06	2.83104e-06	0	4.28756	4.28756e+06	
34200	73.8704	65.8673	0	3.22e-06	2.83104e-06	0	4.28756	4.28756e+06	
34300	73.8704	65.8673	0	3.22e-06	2.83104e-06	0	4.28756	4.28756e+06	
34400	73.8704	65.8673	0	3.22e-06	2.83104e-06	0	4.28756	4.28756e+06	
34500	73.8704	65.8673	0	3.22e-06	2.83104e-06	0	4.28756	4.28756e+06	
34600	73.8701	65.8701	0	3.22e-06	3.22e-06	0	4.55377	4.55377e+06	
34700	73.8701	65.8701	0	3.22e-06	3.22e-06	0	4.55377	4.55377e+06	
34800	73.8701	65.8701	0	3.22e-06	3.22e-06	0	4.55377	4.55377e+06	
34900	73.8701	65.8701	0	3.22e-06	3.22e-06	0	4.55377	4.55377e+06	
35000	73.8701	65.8701	0	3.22e-06	3.22e-06	0	4.55377	4.55377e+06	
35100	73.8701	65.8701	0	3.22e-06	3.22e-06	0	4.55377	4.55377e+06	
35200	73.8701	65.8701	0	3.22e-06	3.22e-06	0	4.55377	4.55377e+06	
35300	73.8701	65.8701	0	3.22e-06	3.22e-06	0	4.55377	4.55377e+06	
35400	73.8701	65.8701	0	3.22e-06	3.22e-06	0	4.55377	4.55377e+06	
35500	73.8701	65.8701	0	3.22e-06	3.22e-06	0	4.55377	4.55377e+06	
35600	73.8709	65.8626	0	3.22e-06	2.29722e-06	0	3.95545	3.95545e+06	
35700	73.8709	65.8626	0	3.22e-06	2.29722e-06	0	3.95545	3.95545e+06	
35800	73.8709	65.8626	0	3.22e-06	2.29722e-06	0	3.95545	3.95545e+06	
35900	73.8709	65.8626	0	3.22e-06	2.29722e-06	0	3.95545	3.95545e+06	
36000	73.8709	65.8626	0	3.22e-06	2.29722e-06	0	3.95545	3.95545e+06	
36100	73.8701	65.8701	0	3.22e-06	3.22e-06	0	4.55377	4.55377e+06	
36200	73.8701	65.8701	0	3.22e-06	3.22e-06	0	4.55377	4.55377e+06	
36300	73.8701	65.8701	0	3.22e-06	3.22e-06	0	4.55377	4.55377e+06	
36400	73.8701	65.8701	0	3.22e-06	3.22e-06	0	4.55377	4.55377e+06	
36500	73.8701	65.8701	0	3.22e-06	3.22e-06	0	4.55377	4.55377e+06	
36600	73.8721	65.8508	0	3.22e-06	1.38453e-06	0	3.50504	3.50504e+06	
36700	73.8721	65.8507	0	3.22e-06	1.38453e-06	0	3.50504	3.50504e+06	
36800	73.8721	65.8507	0	3.22e-06	1.38453e-06	0	3.50504	3.50504e+06	
36900	73.8721	65.8507	0	3.22e-06	1.38453e-06	0	3.50504	3.50504e+06	
37000	73.8721	65.8507	0	3.22e-06	1.38453e-06	0	3.50504	3.50504e+06	
37100	73.8701	65.8701	0	3.22e-06	3.22e-06	0	4.55377	4.55377e+06	
37200	73.8701	65.8701	0	3.22e-06	3.22e-06	0	4.55377	4.55377e+06	
37300	73.8701	65.8701	0	3.22e-06	3.22e-06	0	4.55377	4.55377e+06	
37400	73.8701	65.8701	0	3.22e-06	3.22e-06	0	4.55377	4.55377e+06	
37500	73.8701	65.8701	0	3.22e-06	3.22e-06	0	4.55377	4.55377e+06	
37600	73.8614	65.8711	0	2.17766e-06	3.22e-06	0	3.88723	3.88723e+06	
37700	73.8614	65.8711	0	2.17766e-06	3.22e-06	0	3.88723	3.88723e+06	
37800	73.8614	65.8711	0	2.17766e-06	3.22e-06	0	3.88723	3.88723e+06	
37900	73.8614	65.8711	0	2.17766e-06	3.22e-06	0	3.88723	3.88723e+06	
38000	73.8614	65.8711	0	2.17766e-06	3.22e-06	0	3.88723	3.88723e+06	
38100	73.8434	65.8684	0	9.81437e-07	2.59886e-06	0	2.778	2.778e+06	
38200	73.8433	65.8684	0	9.81437e-07	2.59886e-06	0	2.778	2.778e+06	
38300	73.8433	65.8684	0	9.81437e-07	2.59886e-06	0	2.778	2.778e+06	
38400	73.8433	65.8684	0	9.81437e-07	2.59886e-06	0	2.778	2.778e+06	
38500	73.8433	65.8684	0	9.81437e-07	2.59886e-06	0	2.778	2.778e+06	
38600	73.8539	65.8718	0	1.57815e-06	3.22e-06	0	3.58594	3.58594e+06	
38700	73.8539	65.8718	0	1.57815e-06	3.22e-06	0	3.58594	3.58594e+06	
38800	73.8539	65.8718	0	1.57815e-06	3.22e-06	0	3.58594	3.58594e+06	
38900	73.8539	65.8718	0	1.57815e-06	3.22e-06	0	3.58594	3.58594e+06	
39000	73.8539	65.8718	0	1.57815e-06	3.22e-06	0	3.58594	3.58594e+06	
39100	73.8256	65.8742	0	5.45845e-07	3.20465e-06	0	3.2508	3.2508e+06	
39200	73.8228	65.8745	0	5.45845e-07	3.20465e-06	0	3.2508	3.2508e+06	
39300	73.8222	65.8745	0	5.45845e-07	3.20465e-06	0	3.2508	3.2508e+06	
39400	73.8221	65.8746	0	5.45845e-07	3.20465e-06	0	3.2508	3.2508e+06	
39500	73.822	65.8746	0	5.45845e-07	3.20465e-06	0	3.2508	3.2508e+06	
39600	73.7305	65.8626	0	-5.54867e-07	1.17178e-06	0	1.29651	1.29651e+06	
39700	73.6429	65.8745	0	-5.54867e-07	1.17178e-06	0	1.29651	1.29651e+06	
39800	73.5553	65.8874	0	-5.54867e-07	1.17178e-06	0	1.29651	1.29651e+06	
39900	73.4815	65.892	0	-5.54867e-07	1.17178e-06	0	1.29651	1.29651e+06	
40000	73.4265	65.8876	0	-5.54867e-07	1.17178e-06	0	1.29651	1.29651e+06	
40100	73.0854	65.8112	0	-2.79972e-06	-1.81128e-07	0	2.80558	2.80558e+06	
40200	72.7375	65.7787	0	-2.79972e-06	-1.81128e-07	0	2.80558	2.80558e+06	
40300	72.3896	65.7555	0	-2.79972e-06	-1.81128e-07	0	2.80558	2.80558e+06	
40400	72.0419	65.7326	0	-2.79972e-06	-1.81128e-07	0	2.80558	2.80558e+06	
40500	71.6941	65.7098	0	-2.79972e-06	-1.81128e-07	0	2.80558	2.80558e+06	
40600	71.5259	65.6891	0	-1.35401e-06	-1.66481e-07	0	1.3642	1.3642e+06	
40700	71.3577	65.6685	0	-1.35401e-06	-1.66481e-07	0	1.3642	1.3642e+06	
40800	71.1895	65.6478	0	-1.35401e-06	-1.66481e-07	0	1.3642	1.3642e+06	
40900	71.0213	65.6271	0	-1.35401e-06	-1.66481e-07	0	1.3642	1.3642e+06	
41000	70.8531	65.6064	0	-1.35401e-06	-1.66481e-07	0	1.3642	1.3642e+06	
41100	71.0188	65.2519	0	1.33387e-06	-2.85344e-06	0	3.14981	3.14981e+06	
41200	71.1845	64.8975	0	1.33387e-06	-2.85344e-06	0	3.14981	3.14981e+06	
41300	71.3502	64.543	0	1.33387e-06	-2.85344e-06	0	3.14981	3.14981e+06	
41400	71.5159	64.1885	0	1.33387e-06	-2.85344e-06	0	3.14981	3.14981e+06	
41500	71.6816	63.8341	0	1.33387e-06	-2.85344e-06	0	3.14981	3.14981e+06	
41600	71.7155	63.6091	0	2.73387e-07	-1.81137e-06	0	1.83188	1.83188e+06	
41700	71.7495	63.384	0	2.73387e-07	-1.81137e-06	0	1.83188	1.83188e+06	
41800	71.7834	63.159	0	2.73387e-07	-1.81137e-06	0	1.83188	1.83188e+06	
41900	71.8174	62.934	0	2.73387e-07	-1.81137e-06	0	1.83188	1.83188e+06	
42000	71.8514	62.709	0	2.73387e-07	-1.81137e-06	0	1.83188	1.83188e+06	
42100	71.978	62.427	0	1.01942e-06	-2.27036e-06	0	2.48873	2.48873e+06	
42200	72.1046	62.1449	0	1.01942e-06	-2.27036e-06	0	2.48873	2.48873e+06	
42300	72.2313	61.8629	0	1.01942e-06	-2.27036e-06	0	2.48873	2.48873e+06	
42400	72.3579	61.5809	0	1.01942e-06	-2.27036e-06	0	2.48873	2.48873e+06	
42500	72.4845	61.2988	0	1.01942e-06	-2.27036e-06	0	2.48873	2.48873e+06	
42600	72.8138	61.2121	0	2.65062e-06	-6.98036e-07	0	2.74099	2.74099e+06	
42700	73.1431	61.1254	0	2.65062e-06	-6.98036e-07	0	2.74099	2.74099e+06	
42800	73.4723	61.0387	0	2.65062e-06	-6.98036e-07	0	2.74099	2.74099e+06	
42900	73.8008	60.952	0	2.65062e-06	-6.98036e-07	0	2.74099	2.74099e+06	
43000	73.8681	60.8525	0	2.65062e-06	-6.98036e-07	0	2.74099	2.74099e+06	
43100	73.8673	61.0157	0	3.22e-06	1.41743e-06	0	3.51817	3.51817e+06	
43200	73.8768	61.2117	0	3.22e-06	1.41743e-06	0	3.51817	3.51817e+06	
43300	73.9072	61.4375	0	3.22e-06	1.41743e-06	0	3.51817	3.51817e+06	
43400	73.9053	61.5945	0	3.22e-06	1.41743e-06	0	3.51817	3.51817e+06	
43500	73.8881	61.7087	0	3.22e-06	1.41743e-06	0	3.51817	3.51817e+06	
43600	73.8835	61.7394	0	3.22e-06	6.64498e-07	0	3.28785	3.28785e+06	
43700	73.8793	61.7761	0	3.22e-06	6.64498e-07	0	3.28785	3.28785e+06	
43800	73.8751	61.8203	0	3.22e-06	6.64498e-07	0	3.28785	3.28785e+06	
43900	73.8712	61.8736	0	3.22e-06	6.64498e-07	0	3.28785	3.28785e+06	
44000	73.8683	61.9381	0	3.22e-06	6.64498e-07	0	3.28785	3.28785e+06	
44100	73.8698	61.8943	0	3.22e-06	-2.28346e-07	0	3.22809	3.22809e+06	
44200	73.873	61.8415	0	3.22e-06	-2.28346e-07	0	3.22809	3.22809e+06	
44300	73.8785	61.7782	0	3.22e-06	-2.28346e-07	0	3.22809	3.22809e+06	
44400	73.8875	61.703	0	3.22e-06	-2.28346e-07	0	3.22809	3.22809e+06	
44500	73.9002	61.6173	0	3.22e-06	-2.28346e-07	0	3.22809	3.22809e+06	
44600	73.9006	61.6197	0	3.22e-06	5.1354e-07	0	3.26069	3.26069e+06	
44700	73.9002	61.6219	0	3.22e-06	5.1354e-07	0	3.26069	3.26069e+06	
44800	73.8999	61.624	0	3.22e-06	5.1354e-07	0	3.26069	3.26069e+06	
44900	73.8996	61.6261	0	3.22e-06	5.1354e-07	0	3.26069	3.26069e+06	
45000	73.8993	61.6282	0	3.22e-06	5.1354e-07	0	3.26069	3.26069e+06	
45100	73.912	61.4655	0	3.22e-06	-1.12158e-06	0	3.40974	3.40974e+06	
45200	73.9011	61.3797	0	3.22e-06	-1.12158e-06	0	3.40974	3.40974e+06	
45300	73.8893	61.3018	0	3.22e-06	-1.12158e-06	0	3.40974	3.40974e+06	
45400	73.8784	61.2119	0	3.22e-06	-1.12158e-06	0	3.40974	3.40974e+06	
45500	73.8701	61.1031	0	3.22e-06	-1.12158e-06	0	3.40974	3.40974e+06	
45600	73.8774	61.2126	0	3.22e-06	6.50677e-07	0	3.28508	3.28508e+06	
45700	73.8935	61.3419	0	3.22e-06	6.50677e-07	0	3.28508	3.28508e+06	
45800	73.9117	61.4724	0	3.22e-06	6.50677e-07	0	3.28508	3.28508e+06	
45900	73.9112	61.5424	0	3.22e-06	6.50677e-07	0	3.28508	3.28508e+06	
46000	73.9072	61.5763	0	3.22e-06	6.50677e-07	0	3.28508	3.28508e+06	
46100	73.9126	61.5163	0	3.22e-06	-2.04894e-07	0	3.22651	3.22651e+06	
46200	73.9129	61.4898	0	3.22e-06	-2.04894e-07	0	3.22651	3.22651e+06	
46300	73.9125	61.4793	0	3.22e-06	-2.04894e-07	0	3.22651	3.22651e+06	
46400	73.9123	61.4749	0	3.22e-06	-2.04894e-07	0	3.22651	3.22651e+06	
46500	73.9122	61.473	0	3.22e-06	-2.04894e-07	0	3.22651	3.22651e+06	
46600	73.9069	61.4208	0	3.22e-06	-7.7073e-07	0	3.31096	3.31096e+06	
46700	73.9015	61.3846	0	3.22e-06	-7.7073e-07	0	3.31096	3.31096e+06	
46800	73.8963	61.3512	0	3.22e-06	-7.7073e-07	0	3.31096	3.31096e+06	
46900	73.891	61.3156	0	3.22e-06	-7.7073e-07	0	3.31096	3.31096e+06	
47000	73.8854	61.275	0	3.22e-06	-7.7073e-07	0	3.31096	3.31096e+06	
47100	73.9123	61.4857	0	3.22e-06	1.31343e-06	0	3.47757	3.47757e+06	
47200	73.9028	61.6102	0	3.22e-06	1.31343e-06	0	3.47757	3.47757e+06	
47300	73.8876	61.712	0	3.22e-06	1.31343e-06	0	3.47757	3.47757e+06	
47400	73.8746	61.8306	0	3.22e-06	1.31343e-06	0	3.47757	3.47757e+06	
47500	73.8675	61.9745	0	3.22e-06	1.31343e-06	0	3.47757	3.47757e+06	
47600	73.8548	62.2724	0	9.6659e-07	2.3517e-06	0	2.54259	2.54259e+06	
47700	73.8852	62.57	0	9.6659e-07	2.3517e-06	0	2.54259	2.54259e+06	
47800	73.8528	62.843	0	9.6659e-07	2.3517e-06	0	2.54259	2.54259e+06	
47900	73.8453	63.1338	0	9.6659e-07	2.3517e-06	0	2.54259	2.54259e+06	
48000	73.8753	63.4364	0	9.6659e-07	2.3517e-06	0	2.54259	2.54259e+06	
48100	73.7594	63.4851	0	-8.42467e-07	3.82354e-07	0	0.925173	925173	
48200	73.6547	63.5326	0	-8.42467e-07	3.82354e-07	0	0.925173	925173	
48300	73.55	63.5801	0	-8.42467e-07	3.82354e-07	0	0.925173	925173	
48400	73.4454	63.6276	0	-8.42467e-07	3.82354e-07	0	0.925173	925173	
48500	73.3407	63.6751	0	-8.42467e-07	3.82354e-07	0	0.925173	925173	
48600	73.2207	63.4473	0	-9.66344e-07	-1.83405e-06	0	2.07306	2.07306e+06	
48700	73.1006	63.2194	0	-9.66344e-07	-1.83405e-06	0	2.07306	2.07306e+06	
48800	72.9806	62.9916	0	-9.66344e-07	-1.83405e-06	0	2.07306	2.07306e+06	
48900	72.8605	62.7638	0	-9.66344e-07	-1.83405e-06	0	2.07306	2.07306e+06	
49000	72.7405	62.5359	0	-9.66344e-07	-1.83405e-06	0	2.07306	2.07306e+06	
49100	73.1405	62.8664	0	3.22e-06	2.66054e-06	0	4.17694	4.17694e+06	
49200	73.5405	63.1969	0	3.22e-06	2.66054e-06	0	4.17694	4.17694e+06	
49300	73.9085	63.5273	0	3.22e-06	2.66054e-06	0	4.17694	4.17694e+06	
49400	73.8779	63.802	0	3.22e-06	2.66054e-06	0	4.17694	4.17694e+06	
49500	73.87	64.1235	0	3.22e-06	2.66054e-06	0	4.17694	4.17694e+06	
49600	73.9113	64.553	0	3.22e-06	3.22e-06	0	4.55377	4.55377e+06	
49700	73.8706	64.9014	0	3.22e-06	3.22e-06	0	4.55377	4.55377e+06	
49800	73.8877	65.3182	0	3.22e-06	3.22e-06	0	4.55377	4.55377e+06	
49900	73.8904	65.7029	0	3.22e-06	3.22e-06	0	4.55377	4.55377e+06	
50000	73.8701	65.8701	0	3.22e-06	3.22e-06	0	4.55377	4.55377e+06	
