0	45	26	0	2.02063e-06	3.22e-06	0	3.80149	3.80149e+06	
100	45.2652	26.4	0	2.13496e-06	3.22e-06	0	3.86348	3.86348e+06	
200	45.5304	26.8	0	2.13496e-06	3.22e-06	0	3.86348	3.86348e+06	
300	45.7956	27.2	0	2.13496e-06	3.22e-06	0	3.86348	3.86348e+06	
400	46.0608	27.6	0	2.13496e-06	3.22e-06	0	3.86348	3.86348e+06	
500	46.3261	28	0	2.13496e-06	3.22e-06	0	3.86348	3.86348e+06	
600	46.418	27.9493	0	7.39947e-07	-4.07967e-07	0	0.844961	844961	
700	46.5099	27.8986	0	7.39947e-07	-4.07967e-07	0	0.844961	844961	
800	46.6018	27.848	0	7.39947e-07	-4.07967e-07	0	0.844961	844961	
900	46.6937	27.7973	0	7.39947e-07	-4.07967e-07	0	0.844961	844961	
1000	46.7857	27.7466	0	7.39947e-07	-4.07967e-07	0	0.844961	844961	
1100	46.6	27.5346	0	-1.49428e-06	-1.70624e-06	0	2.26806	2.26806e+06	
1200	46.4144	27.3227	0	-1.49428e-06	-1.70624e-06	0	2.26806	2.26806e+06	
1300	46.2288	27.1107	0	-1.49428e-06	-1.70624e-06	0	2.26806	2.26806e+06	
1400	46.0432	26.8988	0	-1.49428e-06	-1.70624e-06	0	2.26806	2.26806e+06	
1500	45.8575	26.6868	0	-1.49428e-06	-1.70624e-06	0	2.26806	2.26806e+06	
1600	45.7178	26.3791	0	-1.12468e-06	-2.47698e-06	0	2.72036	2.72036e+06	
1700	45.5781	26.0714	0	-1.12468e-06	-2.47698e-06	0	2.72036	2.72036e+06	
1800	45.4384	25.7637	0	-1.12468e-06	-2.47698e-06	0	2.72036	2.72036e+06	
1900	45.2987	25.456	0	-1.12468e-06	-2.47698e-06	0	2.72036	2.72036e+06	
2000	45.159	25.1483	0	-1.12468e-06	-2.47698e-06	0	2.72036	2.72036e+06	
2100	44.8963	24.785	0	-2.11449e-06	-2.92514e-06	0	3.60936	3.60936e+06	
2200	44.6336	24.4216	0	-2.11449e-06	-2.92514e-06	0	3.60936	3.60936e+06	
2300	44.371	24.0582	0	-2.11449e-06	-2.92514e-06	0	3.60936	3.60936e+06	
2400	44.1083	23.6948	0	-2.11449e-06	-2.92514e-06	0	3.60936	3.60936e+06	
2500	43.8456	23.3315	0	-2.11449e-06	-2.92514e-06	0	3.60936	3.60936e+06	
2600	43.4456	23.0812	0	-3.22e-06	-2.01496e-06	0	3.79848	3.79848e+06	
2700	43.1269	22.8256	0	-3.22e-06	-2.01496e-06	0	3.79848	3.79848e+06	
2800	43.0895	22.5303	0	-3.22e-06	-2.01496e-06	0	3.79848	3.79848e+06	
2900	43.1067	22.3241	0	-3.22e-06	-2.01496e-06	0	3.79848	3.79848e+06	
3000	43.1288	22.118	0	-3.22e-06	-2.01496e-06	0	3.79848	3.79848e+06	
3100	43.1181	21.7064	0	-2.86246e-06	-3.22e-06	0	4.30837	4.30837e+06	
3200	43.0097	21.2465	0	-2.86246e-06	-3.22e-06	0	4.30837	4.30837e+06	
3300	42.7859	20.781	0	-2.86246e-06	-3.22e-06	0	4.30837	4.30837e+06	
3400	42.4656	20.3523	0	-2.86246e-06	-3.22e-06	0	4.30837	4.30837e+06	
3500	42.1115	19.9504	0	-2.86246e-06	-3.22e-06	0	4.30837	4.30837e+06	
3600	41.9763	19.5504	0	-1.08842e-06	-3.22e-06	0	3.39898	3.39898e+06	
3700	41.8411	19.1504	0	-1.08842e-06	-3.22e-06	0	3.39898	3.39898e+06	
3800	41.7059	18.7504	0	-1.08842e-06	-3.22e-06	0	3.39898	3.39898e+06	
3900	41.5707	18.3504	0	-1.08842e-06	-3.22e-06	0	3.39898	3.39898e+06	
4000	41.4355	17.9504	0	-1.08842e-06	-3.22e-06	0	3.39898	3.39898e+06	
4100	41.0937	17.5504	0	-2.75092e-06	-3.22e-06	0	4.23509	4.23509e+06	
4200	40.752	17.1504	0	-2.75092e-06	-3.22e-06	0	4.23509	4.23509e+06	
4300	40.4103	16.7504	0	-2.75092e-06	-3.22e-06	0	4.23509	4.23509e+06	
4400	40.0685	16.3504	0	-2.75092e-06	-3.22e-06	0	4.23509	4.23509e+06	
4500	39.7268	15.9504	0	-2.75092e-06	-3.22e-06	0	4.23509	4.23509e+06	
4600	39.6711	15.7807	0	-4.48406e-07	-1.366e-06	0	1.43771	1.43771e+06	
4700	39.6154	15.611	0	-4.48406e-07	-1.366e-06	0	1.43771	1.43771e+06	
4800	39.5597	15.4414	0	-4.48406e-07	-1.366e-06	0	1.43771	1.43771e+06	
4900	39.504	15.2717	0	-4.48406e-07	-1.366e-06	0	1.43771	1.43771e+06	
5000	39.4483	15.102	0	-4.48406e-07	-1.366e-06	0	1.43771	1.43771e+06	
5100	39.5762	14.9263	0	1.02996e-06	-1.41449e-06	0	1.74974	1.74974e+06	
5200	39.7042	14.7506	0	1.02996e-06	-1.41449e-06	0	1.74974	1.74974e+06	
5300	39.8321	14.5748	0	1.02996e-06	-1.41449e-06	0	1.74974	1.74974e+06	
5400	39.9601	14.3991	0	1.02996e-06	-1.41449e-06	0	1.74974	1.74974e+06	
5500	40.088	14.2234	0	1.02996e-06	-1.41449e-06	0	1.74974	1.74974e+06	
5600	40.488	13.8234	0	3.22e-06	-3.22e-06	0	4.55377	4.55377e+06	
5700	40.888	13.4234	0	3.22e-06	-3.22e-06	0	4.55377	4.55377e+06	
5800	41.288	13.0234	0	3.22e-06	-3.22e-06	0	4.55377	4.55377e+06	
5900	41.688	12.6234	0	3.22e-06	-3.22e-06	0	4.55377	4.55377e+06	
6000	42.088	12.2234	0	3.22e-06	-3.22e-06	0	4.55377	4.55377e+06	
6100	42.488	11.8234	0	3.22e-06	-3.22e-06	0	4.55377	4.55377e+06	
6200	42.888	11.4234	0	3.22e-06	-3.22e-06	0	4.55377	4.55377e+06	
6300	43.288	11.0234	0	3.22e-06	-3.22e-06	0	4.55377	4.55377e+06	
6400	43.688	10.6234	0	3.22e-06	-3.22e-06	0	4.55377	4.55377e+06	
6500	44.088	10.2234	0	3.22e-06	-3.22e-06	0	4.55377	4.55377e+06	
6600	44.044	9.82342	0	-3.54199e-07	-3.22e-06	0	3.23942	3.23942e+06	
6700	44	9.42342	0	-3.54199e-07	-3.22e-06	0	3.23942	3.23942e+06	
6800	43.956	9.02342	0	-3.54199e-07	-3.22e-06	0	3.23942	3.23942e+06	
6900	43.912	8.62342	0	-3.54199e-07	-3.22e-06	0	3.23942	3.23942e+06	
7000	43.868	8.22342	0	-3.54199e-07	-3.22e-06	0	3.23942	3.23942e+06	
7100	44.1244	8.35422	0	2.06378e-06	1.05294e-06	0	2.31686	2.31686e+06	
7200	44.3787	8.48682	0	2.06378e-06	1.05294e-06	0	2.31686	2.31686e+06	
7300	44.6	8.655	0	2.06378e-06	1.05294e-06	0	2.31686	2.31686e+06	
7400	44.8221	8.83153	0	2.06378e-06	1.05294e-06	0	2.31686	2.31686e+06	
7500	45.0643	8.98738	0	2.06378e-06	1.05294e-06	0	2.31686	2.31686e+06	
7600	45.2661	9.34678	0	1.62921e-06	2.88298e-06	0	3.31148	3.31148e+06	
7700	45.4685	9.70491	0	1.62921e-06	2.88298e-06	0	3.31148	3.31148e+06	
7800	45.6708	10.063	0	1.62921e-06	2.88298e-06	0	3.31148	3.31148e+06	
7900	45.8732	10.4212	0	1.62921e-06	2.88298e-06	0	3.31148	3.31148e+06	
8000	46.0756	10.7793	0	1.62921e-06	2.88298e-06	0	3.31148	3.31148e+06	
8100	46.0014	11.1793	0	-5.97336e-07	3.22e-06	0	3.27494	3.27494e+06	
8200	45.9272	11.5793	0	-5.97336e-07	3.22e-06	0	3.27494	3.27494e+06	
8300	45.853	11.9793	0	-5.97336e-07	3.22e-06	0	3.27494	3.27494e+06	
8400	45.7788	12.3793	0	-5.97336e-07	3.22e-06	0	3.27494	3.27494e+06	
8500	45.7046	12.7793	0	-5.97336e-07	3.22e-06	0	3.27494	3.27494e+06	
8600	45.9966	12.6708	0	2.35039e-06	-8.7384e-07	0	2.50757	2.50757e+06	
8700	46.2885	12.5622	0	2.35039e-06	-8.7384e-07	0	2.50757	2.50757e+06	
8800	46.5805	12.4537	0	2.35039e-06	-8.7384e-07	0	2.50757	2.50757e+06	
8900	46.8725	12.3451	0	2.35039e-06	-8.7384e-07	0	2.50757	2.50757e+06	
9000	47.1645	12.2366	0	2.35039e-06	-8.7384e-07	0	2.50757	2.50757e+06	
9100	47.1075	12.5006	0	-4.58838e-07	2.12527e-06	0	2.17424	2.17424e+06	
9200	47.0505	12.7646	0	-4.58838e-07	2.12527e-06	0	2.17424	2.17424e+06	
9300	46.9935	13.0286	0	-4.58838e-07	2.12527e-06	0	2.17424	2.17424e+06	
9400	46.9365	13.2926	0	-4.58838e-07	2.12527e-06	0	2.17424	2.17424e+06	
9500	46.8795	13.5566	0	-4.58838e-07	2.12527e-06	0	2.17424	2.17424e+06	
9600	46.9067	13.6502	0	2.19315e-07	7.53613e-07	0	0.784877	784877	
9700	46.934	13.7438	0	2.19315e-07	7.53613e-07	0	0.784877	784877	
9800	46.9612	13.8374	0	2.19315e-07	7.53613e-07	0	0.784877	784877	
9900	46.9885	13.9311	0	2.19315e-07	7.53613e-07	0	0.784877	784877	
10000	47.0157	14.0247	0	2.19315e-07	7.53613e-07	0	0.784877	784877	
10100	47.2576	14.2131	0	1.94754e-06	1.51669e-06	0	2.46845	2.46845e+06	
10200	47.4996	14.4015	0	1.94754e-06	1.51669e-06	0	2.46845	2.46845e+06	
10300	47.7415	14.5899	0	1.94754e-06	1.51669e-06	0	2.46845	2.46845e+06	
10400	47.9834	14.7783	0	1.94754e-06	1.51669e-06	0	2.46845	2.46845e+06	
10500	48.2253	14.9667	0	1.94754e-06	1.51669e-06	0	2.46845	2.46845e+06	
10600	48.6253	15.0046	0	3.22e-06	3.04946e-07	0	3.23441	3.23441e+06	
10700	49.0253	15.0425	0	3.22e-06	3.04946e-07	0	3.23441	3.23441e+06	
10800	49.4253	15.0804	0	3.22e-06	3.04946e-07	0	3.23441	3.23441e+06	
10900	49.8253	15.1183	0	3.22e-06	3.04946e-07	0	3.23441	3.23441e+06	
11000	50.2253	15.1561	0	3.22e-06	3.04946e-07	0	3.23441	3.23441e+06	
11100	50.4053	14.8567	0	1.44837e-06	-2.41071e-06	0	2.81234	2.81234e+06	
11200	50.5852	14.5572	0	1.44837e-06	-2.41071e-06	0	2.81234	2.81234e+06	
11300	50.7651	14.2577	0	1.44837e-06	-2.41071e-06	0	2.81234	2.81234e+06	
11400	50.945	13.9583	0	1.44837e-06	-2.41071e-06	0	2.81234	2.81234e+06	
11500	51.125	13.6588	0	1.44837e-06	-2.41071e-06	0	2.81234	2.81234e+06	
11600	50.9107	13.3817	0	-1.72467e-06	-2.23077e-06	0	2.81972	2.81972e+06	
11700	50.6965	13.1046	0	-1.72467e-06	-2.23077e-06	0	2.81972	2.81972e+06	
11800	50.4822	12.8275	0	-1.72467e-06	-2.23077e-06	0	2.81972	2.81972e+06	
11900	50.268	12.5503	0	-1.72467e-06	-2.23077e-06	0	2.81972	2.81972e+06	
12000	50.0537	12.2732	0	-1.72467e-06	-2.23077e-06	0	2.81972	2.81972e+06	
12100	49.8953	11.8732	0	-1.27566e-06	-3.22e-06	0	3.46348	3.46348e+06	
12200	49.7368	11.4732	0	-1.27566e-06	-3.22e-06	0	3.46348	3.46348e+06	
12300	49.5783	11.0732	0	-1.27566e-06	-3.22e-06	0	3.46348	3.46348e+06	
12400	49.4199	10.6732	0	-1.27566e-06	-3.22e-06	0	3.46348	3.46348e+06	
12500	49.2614	10.2732	0	-1.27566e-06	-3.22e-06	0	3.46348	3.46348e+06	
12600	49.6517	9.95763	0	3.14183e-06	-2.54062e-06	0	4.04052	4.04052e+06	
12700	50.042	9.64202	0	3.14183e-06	-2.54062e-06	0	4.04052	4.04052e+06	
12800	50.4323	9.32642	0	3.14183e-06	-2.54062e-06	0	4.04052	4.04052e+06	
12900	50.8089	9.12677	0	3.14183e-06	-2.54062e-06	0	4.04052	4.04052e+06	
13000	51.1977	9.13048	0	3.14183e-06	-2.54062e-06	0	4.04052	4.04052e+06	
13100	51.6581	9.03727	0	3.22e-06	-3.22e-06	0	4.55377	4.55377e+06	
13200	52.1422	8.82528	0	3.22e-06	-3.22e-06	0	4.55377	4.55377e+06	
13300	52.5939	8.49217	0	3.22e-06	-3.22e-06	0	4.55377	4.55377e+06	
13400	53.0009	8.09804	0	3.22e-06	-3.22e-06	0	4.55377	4.55377e+06	
13500	53.4027	7.70036	0	3.22e-06	-3.22e-06	0	4.55377	4.55377e+06	
13600	53.8101	7.30772	0	3.22e-06	-3.22e-06	0	4.55377	4.55377e+06	
13700	54.2105	6.90799	0	3.22e-06	-3.22e-06	0	4.55377	4.55377e+06	
13800	54.6105	6.50799	0	3.22e-06	-3.22e-06	0	4.55377	4.55377e+06	
13900	55.0105	6.10799	0	3.22e-06	-3.22e-06	0	4.55377	4.55377e+06	
14000	55.4105	5.70799	0	3.22e-06	-3.22e-06	0	4.55377	4.55377e+06	
14100	55.7626	5.30799	0	2.83405e-06	-3.22e-06	0	4.28955	4.28955e+06	
14200	56.1147	4.90799	0	2.83405e-06	-3.22e-06	0	4.28955	4.28955e+06	
14300	56.4667	4.50799	0	2.83405e-06	-3.22e-06	0	4.28955	4.28955e+06	
14400	56.8188	4.10799	0	2.83405e-06	-3.22e-06	0	4.28955	4.28955e+06	
14500	57.1708	3.70799	0	2.83405e-06	-3.22e-06	0	4.28955	4.28955e+06	
14600	57.5708	3.30799	0	3.22e-06	-3.22e-06	0	4.55377	4.55377e+06	
14700	57.9708	2.90799	0	3.22e-06	-3.22e-06	0	4.55377	4.55377e+06	
14800	58.3708	2.50799	0	3.22e-06	-3.22e-06	0	4.55377	4.55377e+06	
14900	58.7686	2.12672	0	3.22e-06	-3.22e-06	0	4.55377	4.55377e+06	
15000	59.1601	2.12813	0	3.22e-06	-3.22e-06	0	4.55377	4.55377e+06	
15100	59.3606	2.16836	0	1.56757e-06	-1.50168e-07	0	1.57475	1.57475e+06	
15200	59.556	2.16095	0	1.56757e-06	-1.50168e-07	0	1.57475	1.57475e+06	
15300	59.7474	2.16675	0	1.56757e-06	-1.50168e-07	0	1.57475	1.57475e+06	
15400	59.9396	2.18292	0	1.56757e-06	-1.50168e-07	0	1.57475	1.57475e+06	
15500	60.1347	2.18948	0	1.56757e-06	-1.50168e-07	0	1.57475	1.57475e+06	
15600	60.2193	2.41615	0	6.80798e-07	1.81109e-06	0	1.93482	1.93482e+06	
15700	60.3039	2.64113	0	6.80798e-07	1.81109e-06	0	1.93482	1.93482e+06	
15800	60.3885	2.86611	0	6.80798e-07	1.81109e-06	0	1.93482	1.93482e+06	
15900	60.4731	3.09109	0	6.80798e-07	1.81109e-06	0	1.93482	1.93482e+06	
16000	60.5576	3.31607	0	6.80798e-07	1.81109e-06	0	1.93482	1.93482e+06	
16100	60.5911	3.58944	0	2.69409e-07	2.2006e-06	0	2.21703	2.21703e+06	
16200	60.6246	3.8628	0	2.69409e-07	2.2006e-06	0	2.21703	2.21703e+06	
16300	60.658	4.13617	0	2.69409e-07	2.2006e-06	0	2.21703	2.21703e+06	
16400	60.6915	4.40954	0	2.69409e-07	2.2006e-06	0	2.21703	2.21703e+06	
16500	60.725	4.6829	0	2.69409e-07	2.2006e-06	0	2.21703	2.21703e+06	
16600	60.429	4.78107	0	-2.38281e-06	7.90244e-07	0	2.51043	2.51043e+06	
16700	60.133	4.87924	0	-2.38281e-06	7.90244e-07	0	2.51043	2.51043e+06	
16800	59.837	4.9774	0	-2.38281e-06	7.90244e-07	0	2.51043	2.51043e+06	
16900	59.541	5.07557	0	-2.38281e-06	7.90244e-07	0	2.51043	2.51043e+06	
17000	59.245	5.17374	0	-2.38281e-06	7.90244e-07	0	2.51043	2.51043e+06	
17100	58.845	5.50527	0	-3.22e-06	2.66886e-06	0	4.18225	4.18225e+06	
17200	58.445	5.83681	0	-3.22e-06	2.66886e-06	0	4.18225	4.18225e+06	
17300	58.045	6.16834	0	-3.22e-06	2.66886e-06	0	4.18225	4.18225e+06	
17400	57.645	6.49988	0	-3.22e-06	2.66886e-06	0	4.18225	4.18225e+06	
17500	57.245	6.83141	0	-3.22e-06	2.66886e-06	0	4.18225	4.18225e+06	
17600	56.845	7.23141	0	-3.22e-06	3.22e-06	0	4.55377	4.55377e+06	
17700	56.445	7.63141	0	-3.22e-06	3.22e-06	0	4.55377	4.55377e+06	
17800	56.045	8.03141	0	-3.22e-06	3.22e-06	0	4.55377	4.55377e+06	
17900	55.645	8.43141	0	-3.22e-06	3.22e-06	0	4.55377	4.55377e+06	
18000	55.245	8.83141	0	-3.22e-06	3.22e-06	0	4.55377	4.55377e+06	
18100	54.845	9.23141	0	-3.22e-06	3.22e-06	0	4.55377	4.55377e+06	
18200	54.445	9.63141	0	-3.22e-06	3.22e-06	0	4.55377	4.55377e+06	
18300	54.045	10.0314	0	-3.22e-06	3.22e-06	0	4.55377	4.55377e+06	
18400	53.645	10.4314	0	-3.22e-06	3.22e-06	0	4.55377	4.55377e+06	
18500	53.245	10.8314	0	-3.22e-06	3.22e-06	0	4.55377	4.55377e+06	
18600	52.845	11.2314	0	-3.22e-06	3.22e-06	0	4.55377	4.55377e+06	
18700	52.445	11.6314	0	-3.22e-06	3.22e-06	0	4.55377	4.55377e+06	
18800	52.045	12.0314	0	-3.22e-06	3.22e-06	0	4.55377	4.55377e+06	
18900	51.645	12.4314	0	-3.22e-06	3.22e-06	0	4.55377	4.55377e+06	
19000	51.245	12.8314	0	-3.22e-06	3.22e-06	0	4.55377	4.55377e+06	
19100	50.9533	13.2084	0	-2.34817e-06	3.03496e-06	0	3.8373	3.8373e+06	
19200	50.6616	13.5854	0	-2.34817e-06	3.03496e-06	0	3.8373	3.8373e+06	
19300	50.3699	13.9625	0	-2.34817e-06	3.03496e-06	0	3.8373	3.8373e+06	
19400	50.0782	14.3395	0	-2.34817e-06	3.03496e-06	0	3.8373	3.8373e+06	
19500	49.7865	14.7165	0	-2.34817e-06	3.03496e-06	0	3.8373	3.8373e+06	
19600	49.6485	14.9937	0	-1.11028e-06	2.23177e-06	0	2.49269	2.49269e+06	
19700	49.5106	15.271	0	-1.11028e-06	2.23177e-06	0	2.49269	2.49269e+06	
19800	49.3727	15.5482	0	-1.11028e-06	2.23177e-06	0	2.49269	2.49269e+06	
19900	49.2348	15.8254	0	-1.11028e-06	2.23177e-06	0	2.49269	2.49269e+06	
20000	49.0969	16.1027	0	-1.11028e-06	2.23177e-06	0	2.49269	2.49269e+06	
20100	48.6969	16.5027	0	-3.22e-06	3.22e-06	0	4.55377	4.55377e+06	
20200	48.2969	16.9027	0	-3.22e-06	3.22e-06	0	4.55377	4.55377e+06	
20300	47.8969	17.3027	0	-3.22e-06	3.22e-06	0	4.55377	4.55377e+06	
20400	47.4969	17.7027	0	-3.22e-06	3.22e-06	0	4.55377	4.55377e+06	
20500	47.0969	18.1027	0	-3.22e-06	3.22e-06	0	4.55377	4.55377e+06	
20600	46.6969	18.5027	0	-3.22e-06	3.22e-06	0	4.55377	4.55377e+06	
20700	46.2969	18.9027	0	-3.22e-06	3.22e-06	0	4.55377	4.55377e+06	
20800	45.8969	19.3027	0	-3.22e-06	3.22e-06	0	4.55377	4.55377e+06	
20900	45.4969	19.7027	0	-3.22e-06	3.22e-06	0	4.55377	4.55377e+06	
21000	45.0969	20.1027	0	-3.22e-06	3.22e-06	0	4.55377	4.55377e+06	
21100	44.6969	20.5027	0	-3.22e-06	3.22e-06	0	4.55377	4.55377e+06	
21200	44.2969	20.9027	0	-3.22e-06	3.22e-06	0	4.55377	4.55377e+06	
21300	43.8969	21.3027	0	-3.22e-06	3.22e-06	0	4.55377	4.55377e+06	
21400	43.4969	21.7027	0	-3.22e-06	3.22e-06	0	4.55377	4.55377e+06	
21500	43.1338	22.1039	0	-3.22e-06	3.22e-06	0	4.55377	4.55377e+06	
21600	43.0877	22.5359	0	-3.22e-06	3.22e-06	0	4.55377	4.55377e+06	
21700	43.1284	22.8836	0	-3.22e-06	3.22e-06	0	4.55377	4.55377e+06	
21800	43.1149	23.2973	0	-3.22e-06	3.22e-06	0	4.55377	4.55377e+06	
21900	43.0006	23.7681	0	-3.22e-06	3.22e-06	0	4.55377	4.55377e+06	
22000	42.759	24.2495	0	-3.22e-06	3.22e-06	0	4.55377	4.55377e+06	
22100	42.4049	24.6889	0	-3.22e-06	3.22e-06	0	4.55377	4.55377e+06	
22200	42.0072	25.0919	0	-3.22e-06	3.22e-06	0	4.55377	4.55377e+06	
22300	41.6117	25.4956	0	-3.22e-06	3.22e-06	0	4.55377	4.55377e+06	
22400	41.217	25.9014	0	-3.22e-06	3.22e-06	0	4.55377	4.55377e+06	
22500	40.8174	26.3017	0	-3.22e-06	3.22e-06	0	4.55377	4.55377e+06	
22600	40.4222	26.7062	0	-3.22e-06	3.22e-06	0	4.55377	4.55377e+06	
22700	40.0229	27.1071	0	-3.22e-06	3.22e-06	0	4.55377	4.55377e+06	
22800	39.6229	27.5071	0	-3.22e-06	3.22e-06	0	4.55377	4.55377e+06	
22900	39.2229	27.9071	0	-3.22e-06	3.22e-06	0	4.55377	4.55377e+06	
23000	38.8229	28.3071	0	-3.22e-06	3.22e-06	0	4.55377	4.55377e+06	
23100	38.4229	28.7071	0	-3.22e-06	3.22e-06	0	4.55377	4.55377e+06	
23200	38.0229	29.1071	0	-3.22e-06	3.22e-06	0	4.55377	4.55377e+06	
23300	37.6229	29.5071	0	-3.22e-06	3.22e-06	0	4.55377	4.55377e+06	
23400	37.2229	29.9071	0	-3.22e-06	3.22e-06	0	4.55377	4.55377e+06	
23500	36.8229	30.3071	0	-3.22e-06	3.22e-06	0	4.55377	4.55377e+06	
23600	36.4229	30.7071	0	-3.22e-06	3.22e-06	0	4.55377	4.55377e+06	
23700	36.0229	31.1071	0	-3.22e-06	3.22e-06	0	4.55377	4.55377e+06	
23800	35.6229	31.5071	0	-3.22e-06	3.22e-06	0	4.55377	4.55377e+06	
23900	35.2229	31.9071	0	-3.22e-06	3.22e-06	0	4.55377	4.55377e+06	
24000	34.8229	32.3071	0	-3.22e-06	3.22e-06	0	4.55377	4.55377e+06	
24100	34.4229	32.4571	0	-3.22e-06	1.2073e-06	0	3.43889	3.43889e+06	
24200	34.0229	32.6071	0	-3.22e-06	1.2073e-06	0	3.43889	3.43889e+06	
24300	33.6229	32.757	0	-3.22e-06	1.2073e-06	0	3.43889	3.43889e+06	
24400	33.2229	32.907	0	-3.22e-06	1.2073e-06	0	3.43889	3.43889e+06	
24500	32.8229	33.057	0	-3.22e-06	1.2073e-06	0	3.43889	3.43889e+06	
24600	32.5633	32.9951	0	-2.08993e-06	-4.98596e-07	0	2.14858	2.14858e+06	
24700	32.3036	32.9331	0	-2.08993e-06	-4.98596e-07	0	2.14858	2.14858e+06	
24800	32.044	32.8712	0	-2.08993e-06	-4.98596e-07	0	2.14858	2.14858e+06	
24900	31.7844	32.8092	0	-2.08993e-06	-4.98596e-07	0	2.14858	2.14858e+06	
25000	31.5248	32.7473	0	-2.08993e-06	-4.98596e-07	0	2.14858	2.14858e+06	
25100	31.4482	32.5466	0	-6.16852e-07	-1.61542e-06	0	1.72919	1.72919e+06	
25200	31.3715	32.346	0	-6.16852e-07	-1.61542e-06	0	1.72919	1.72919e+06	
25300	31.2949	32.1453	0	-6.16852e-07	-1.61542e-06	0	1.72919	1.72919e+06	
25400	31.2183	31.9446	0	-6.16852e-07	-1.61542e-06	0	1.72919	1.72919e+06	
25500	31.1416	31.7439	0	-6.16852e-07	-1.61542e-06	0	1.72919	1.72919e+06	
25600	31.1924	31.4571	0	4.08866e-07	-2.30914e-06	0	2.34506	2.34506e+06	
25700	31.2432	31.1702	0	4.08866e-07	-2.30914e-06	0	2.34506	2.34506e+06	
25800	31.294	30.8834	0	4.08866e-07	-2.30914e-06	0	2.34506	2.34506e+06	
25900	31.3448	30.5965	0	4.08866e-07	-2.30914e-06	0	2.34506	2.34506e+06	
26000	31.3956	30.3097	0	4.08866e-07	-2.30914e-06	0	2.34506	2.34506e+06	
26100	31.1781	30.1502	0	-1.75084e-06	-1.28363e-06	0	2.17098	2.17098e+06	
26200	30.9606	29.9908	0	-1.75084e-06	-1.28363e-06	0	2.17098	2.17098e+06	
26300	30.7431	29.8313	0	-1.75084e-06	-1.28363e-06	0	2.17098	2.17098e+06	
26400	30.5256	29.6719	0	-1.75084e-06	-1.28363e-06	0	2.17098	2.17098e+06	
26500	30.3081	29.5124	0	-1.75084e-06	-1.28363e-06	0	2.17098	2.17098e+06	
26600	30.2942	29.3512	0	-1.11727e-07	-1.29752e-06	0	1.30232	1.30232e+06	
26700	30.2804	29.19	0	-1.11727e-07	-1.29752e-06	0	1.30232	1.30232e+06	
26800	30.2665	29.0289	0	-1.11727e-07	-1.29752e-06	0	1.30232	1.30232e+06	
26900	30.2526	28.8677	0	-1.11727e-07	-1.29752e-06	0	1.30232	1.30232e+06	
27000	30.2387	28.7065	0	-1.11727e-07	-1.29752e-06	0	1.30232	1.30232e+06	
27100	30.333	28.488	0	7.58899e-07	-1.75873e-06	0	1.91548	1.91548e+06	
27200	30.4273	28.2695	0	7.58899e-07	-1.75873e-06	0	1.91548	1.91548e+06	
27300	30.5215	28.0511	0	7.58899e-07	-1.75873e-06	0	1.91548	1.91548e+06	
27400	30.6158	27.8326	0	7.58899e-07	-1.75873e-06	0	1.91548	1.91548e+06	
27500	30.7101	27.6141	0	7.58899e-07	-1.75873e-06	0	1.91548	1.91548e+06	
27600	30.5258	27.404	0	-1.48351e-06	-1.69176e-06	0	2.25008	2.25008e+06	
27700	30.3415	27.1938	0	-1.48351e-06	-1.69176e-06	0	2.25008	2.25008e+06	
27800	30.1572	26.9836	0	-1.48351e-06	-1.69176e-06	0	2.25008	2.25008e+06	
27900	29.9729	26.7735	0	-1.48351e-06	-1.69176e-06	0	2.25008	2.25008e+06	
28000	29.7887	26.5633	0	-1.48351e-06	-1.69176e-06	0	2.25008	2.25008e+06	
28100	29.9926	26.4687	0	1.64148e-06	-7.62031e-07	0	1.80974	1.80974e+06	
28200	30.1965	26.374	0	1.64148e-06	-7.62031e-07	0	1.80974	1.80974e+06	
28300	30.4004	26.2793	0	1.64148e-06	-7.62031e-07	0	1.80974	1.80974e+06	
28400	30.6043	26.1847	0	1.64148e-06	-7.62031e-07	0	1.80974	1.80974e+06	
28500	30.8082	26.09	0	1.64148e-06	-7.62031e-07	0	1.80974	1.80974e+06	
28600	30.7755	26.0332	0	-2.63594e-07	-4.57233e-07	0	0.527772	527772	
28700	30.7427	25.9764	0	-2.63594e-07	-4.57233e-07	0	0.527772	527772	
28800	30.71	25.9196	0	-2.63594e-07	-4.57233e-07	0	0.527772	527772	
28900	30.6771	25.8629	0	-2.63594e-07	-4.57233e-07	0	0.527772	527772	
29000	30.6442	25.8065	0	-2.63594e-07	-4.57233e-07	0	0.527772	527772	
29100	30.7258	25.7574	0	7.3541e-07	-5.02628e-07	0	0.890765	890765	
29200	30.7633	25.7707	0	7.3541e-07	-5.02628e-07	0	0.890765	890765	
29300	30.7963	25.7934	0	7.3541e-07	-5.02628e-07	0	0.890765	890765	
29400	30.8313	25.8166	0	7.3541e-07	-5.02628e-07	0	0.890765	890765	
29500	30.8685	25.8402	0	7.3541e-07	-5.02628e-07	0	0.890765	890765	
29600	30.9161	26.1143	0	4.18577e-07	2.1478e-06	0	2.18821	2.18821e+06	
29700	30.9681	26.3811	0	4.18577e-07	2.1478e-06	0	2.18821	2.18821e+06	
29800	31.0201	26.648	0	4.18577e-07	2.1478e-06	0	2.18821	2.18821e+06	
29900	31.0721	26.9148	0	4.18577e-07	2.1478e-06	0	2.18821	2.18821e+06	
30000	31.1241	27.1816	0	4.18577e-07	2.1478e-06	0	2.18821	2.18821e+06	
30100	31.1045	27.0694	0	-1.57681e-07	-9.0275e-07	0	0.916418	916418	
30200	31.0849	26.9573	0	-1.57681e-07	-9.0275e-07	0	0.916418	916418	
30300	31.0653	26.8451	0	-1.57681e-07	-9.0275e-07	0	0.916418	916418	
30400	31.0457	26.733	0	-1.57681e-07	-9.0275e-07	0	0.916418	916418	
30500	31.0262	26.6209	0	-1.57681e-07	-9.0275e-07	0	0.916418	916418	
30600	31.1828	26.535	0	1.2609e-06	-6.90784e-07	0	1.43773	1.43773e+06	
30700	31.3394	26.4492	0	1.2609e-06	-6.90784e-07	0	1.43773	1.43773e+06	
30800	31.4961	26.3634	0	1.2609e-06	-6.90784e-07	0	1.43773	1.43773e+06	
30900	31.6527	26.2776	0	1.2609e-06	-6.90784e-07	0	1.43773	1.43773e+06	
31000	31.8075	26.1944	0	1.2609e-06	-6.90784e-07	0	1.43773	1.43773e+06	
31100	31.7958	26.1407	0	8.77387e-08	-1.34435e-06	0	1.34721	1.34721e+06	
31200	31.7838	26.1394	0	8.77387e-08	-1.34435e-06	0	1.34721	1.34721e+06	
31300	31.7736	26.1383	0	8.77387e-08	-1.34435e-06	0	1.34721	1.34721e+06	
31400	31.7642	26.1373	0	8.77387e-08	-1.34435e-06	0	1.34721	1.34721e+06	
31500	31.755	26.1362	0	8.77387e-08	-1.34435e-06	0	1.34721	1.34721e+06	
31600	31.5737	26.3128	0	-1.44492e-06	1.31349e-06	0	1.95271	1.95271e+06	
31700	31.3942	26.476	0	-1.44492e-06	1.31349e-06	0	1.95271	1.95271e+06	
31800	31.2147	26.6391	0	-1.44492e-06	1.31349e-06	0	1.95271	1.95271e+06	
31900	31.0352	26.8023	0	-1.44492e-06	1.31349e-06	0	1.95271	1.95271e+06	
32000	30.8557	26.9655	0	-1.44492e-06	1.31349e-06	0	1.95271	1.95271e+06	
32100	30.4557	27.0094	0	-3.22e-06	3.53419e-07	0	3.23934	3.23934e+06	
32200	30.0557	27.0533	0	-3.22e-06	3.53419e-07	0	3.23934	3.23934e+06	
32300	29.6557	27.0972	0	-3.22e-06	3.53419e-07	0	3.23934	3.23934e+06	
32400	29.2557	27.1411	0	-3.22e-06	3.53419e-07	0	3.23934	3.23934e+06	
32500	28.8557	27.185	0	-3.22e-06	3.53419e-07	0	3.23934	3.23934e+06	
32600	28.6131	27.2416	0	-1.95369e-06	4.55908e-07	0	2.00617	2.00617e+06	
32700	28.3704	27.2983	0	-1.95369e-06	4.55908e-07	0	2.00617	2.00617e+06	
32800	28.1277	27.3549	0	-1.95369e-06	4.55908e-07	0	2.00617	2.00617e+06	
32900	27.885	27.4115	0	-1.95369e-06	4.55908e-07	0	2.00617	2.00617e+06	
33000	27.6423	27.4682	0	-1.95369e-06	4.55908e-07	0	2.00617	2.00617e+06	
33100	27.8302	27.6548	0	1.51257e-06	1.50278e-06	0	2.13219	2.13219e+06	
33200	28.0181	27.8415	0	1.51257e-06	1.50278e-06	0	2.13219	2.13219e+06	
33300	28.206	28.0282	0	1.51257e-06	1.50278e-06	0	2.13219	2.13219e+06	
33400	28.3939	28.2149	0	1.51257e-06	1.50278e-06	0	2.13219	2.13219e+06	
33500	28.5818	28.4016	0	1.51257e-06	1.50278e-06	0	2.13219	2.13219e+06	
33600	28.508	28.5243	0	-5.93916e-07	9.88274e-07	0	1.15301	1.15301e+06	
33700	28.4342	28.6471	0	-5.93916e-07	9.88274e-07	0	1.15301	1.15301e+06	
33800	28.3604	28.7699	0	-5.93916e-07	9.88274e-07	0	1.15301	1.15301e+06	
33900	28.2866	28.8926	0	-5.93916e-07	9.88274e-07	0	1.15301	1.15301e+06	
34000	28.2129	29.0154	0	-5.93916e-07	9.88274e-07	0	1.15301	1.15301e+06	
34100	28.5338	29.3502	0	2.5837e-06	2.69473e-06	0	3.73324	3.73324e+06	
34200	28.8548	29.6849	0	2.5837e-06	2.69473e-06	0	3.73324	3.73324e+06	
34300	29.1757	30.0197	0	2.5837e-06	2.69473e-06	0	3.73324	3.73324e+06	
34400	29.4967	30.3544	0	2.5837e-06	2.69473e-06	0	3.73324	3.73324e+06	
34500	29.8177	30.6892	0	2.5837e-06	2.69473e-06	0	3.73324	3.73324e+06	
34600	30.2177	30.7354	0	3.22e-06	3.72146e-07	0	3.24143	3.24143e+06	
34700	30.6177	30.7816	0	3.22e-06	3.72146e-07	0	3.24143	3.24143e+06	
34800	31.0177	30.8278	0	3.22e-06	3.72146e-07	0	3.24143	3.24143e+06	
34900	31.4177	30.8741	0	3.22e-06	3.72146e-07	0	3.24143	3.24143e+06	
35000	31.8177	30.9203	0	3.22e-06	3.72146e-07	0	3.24143	3.24143e+06	
35100	32.2177	31.1855	0	3.22e-06	2.1351e-06	0	3.86355	3.86355e+06	
35200	32.6177	31.4508	0	3.22e-06	2.1351e-06	0	3.86355	3.86355e+06	
35300	33.0177	31.716	0	3.22e-06	2.1351e-06	0	3.86355	3.86355e+06	
35400	33.4177	31.9812	0	3.22e-06	2.1351e-06	0	3.86355	3.86355e+06	
35500	33.8177	32.2465	0	3.22e-06	2.1351e-06	0	3.86355	3.86355e+06	
35600	33.659	32.1543	0	-1.27717e-06	-7.41618e-07	0	1.47688	1.47688e+06	
35700	33.5003	32.0622	0	-1.27717e-06	-7.41618e-07	0	1.47688	1.47688e+06	
35800	33.3417	31.9701	0	-1.27717e-06	-7.41618e-07	0	1.47688	1.47688e+06	
35900	33.183	31.8779	0	-1.27717e-06	-7.41618e-07	0	1.47688	1.47688e+06	
36000	33.0244	31.7858	0	-1.27717e-06	-7.41618e-07	0	1.47688	1.47688e+06	
36100	33.0059	31.8671	0	-1.48887e-07	6.54639e-07	0	0.671357	671357	
36200	32.9874	31.9485	0	-1.48887e-07	6.54639e-07	0	0.671357	671357	
36300	32.9689	32.0298	0	-1.48887e-07	6.54639e-07	0	0.671357	671357	
36400	32.9504	32.1111	0	-1.48887e-07	6.54639e-07	0	0.671357	671357	
36500	32.9319	32.1924	0	-1.48887e-07	6.54639e-07	0	0.671357	671357	
36600	32.9727	32.4297	0	3.28424e-07	1.91025e-06	0	1.93828	1.93828e+06	
36700	33.0135	32.667	0	3.28424e-07	1.91025e-06	0	1.93828	1.93828e+06	
36800	33.0543	32.9043	0	3.28424e-07	1.91025e-06	0	1.93828	1.93828e+06	
36900	33.0951	33.1416	0	3.28424e-07	1.91025e-06	0	1.93828	1.93828e+06	
37000	33.1359	33.3789	0	3.28424e-07	1.91025e-06	0	1.93828	1.93828e+06	
37100	33.2584	33.6571	0	9.85935e-07	2.23944e-06	0	2.44687	2.44687e+06	
37200	33.3808	33.9353	0	9.85935e-07	2.23944e-06	0	2.44687	2.44687e+06	
37300	33.5033	34.2135	0	9.85935e-07	2.23944e-06	0	2.44687	2.44687e+06	
37400	33.6258	34.4917	0	9.85935e-07	2.23944e-06	0	2.44687	2.44687e+06	
37500	33.7483	34.7699	0	9.85935e-07	2.23944e-06	0	2.44687	2.44687e+06	
37600	34.047	34.7217	0	2.40458e-06	-3.8813e-07	0	2.4357	2.4357e+06	
37700	34.3457	34.6734	0	2.40458e-06	-3.8813e-07	0	2.4357	2.4357e+06	
37800	34.6444	34.6252	0	2.40458e-06	-3.8813e-07	0	2.4357	2.4357e+06	
37900	34.9431	34.577	0	2.40458e-06	-3.8813e-07	0	2.4357	2.4357e+06	
38000	35.2418	34.5288	0	2.40458e-06	-3.8813e-07	0	2.4357	2.4357e+06	
38100	35.3368	34.2074	0	7.64719e-07	-2.58713e-06	0	2.69779	2.69779e+06	
38200	35.4318	33.886	0	7.64719e-07	-2.58713e-06	0	2.69779	2.69779e+06	
38300	35.5268	33.5646	0	7.64719e-07	-2.58713e-06	0	2.69779	2.69779e+06	
38400	35.6218	33.2433	0	7.64719e-07	-2.58713e-06	0	2.69779	2.69779e+06	
38500	35.7168	32.9219	0	7.64719e-07	-2.58713e-06	0	2.69779	2.69779e+06	
38600	36.1168	32.5219	0	3.22e-06	-3.22e-06	0	4.55377	4.55377e+06	
38700	36.5168	32.1219	0	3.22e-06	-3.22e-06	0	4.55377	4.55377e+06	
38800	36.9168	31.7219	0	3.22e-06	-3.22e-06	0	4.55377	4.55377e+06	
38900	37.3168	31.3219	0	3.22e-06	-3.22e-06	0	4.55377	4.55377e+06	
39000	37.7168	30.9219	0	3.22e-06	-3.22e-06	0	4.55377	4.55377e+06	
39100	38.1168	30.5219	0	3.22e-06	-3.22e-06	0	4.55377	4.55377e+06	
39200	38.5168	30.1219	0	3.22e-06	-3.22e-06	0	4.55377	4.55377e+06	
39300	38.9168	29.7219	0	3.22e-06	-3.22e-06	0	4.55377	4.55377e+06	
39400	39.3168	29.3219	0	3.22e-06	-3.22e-06	0	4.55377	4.55377e+06	
39500	39.7168	28.9219	0	3.22e-06	-3.22e-06	0	4.55377	4.55377e+06	
39600	40.1168	28.5219	0	3.22e-06	-3.22e-06	0	4.55377	4.55377e+06	
39700	40.5168	28.1219	0	3.22e-06	-3.22e-06	0	4.55377	4.55377e+06	
39800	40.9168	27.7219	0	3.22e-06	-3.22e-06	0	4.55377	4.55377e+06	
39900	41.3168	27.3219	0	3.22e-06	-3.22e-06	0	4.55377	4.55377e+06	
40000	41.7168	26.9219	0	3.22e-06	-3.22e-06	0	4.55377	4.55377e+06	
40100	42.1168	26.5219	0	3.22e-06	-3.22e-06	0	4.55377	4.55377e+06	
40200	42.5168	26.1219	0	3.22e-06	-3.22e-06	0	4.55377	4.55377e+06	
40300	42.9168	25.7219	0	3.22e-06	-3.22e-06	0	4.55377	4.55377e+06	
40400	43.3168	25.3219	0	3.22e-06	-3.22e-06	0	4.55377	4.55377e+06	
40500	43.7168	24.9219	0	3.22e-06	-3.22e-06	0	4.55377	4.55377e+06	
40600	44.1168	24.5219	0	3.22e-06	-3.22e-06	0	4.55377	4.55377e+06	
40700	44.5168	24.1219	0	3.22e-06	-3.22e-06	0	4.55377	4.55377e+06	
40800	44.9168	23.7219	0	3.22e-06	-3.22e-06	0	4.55377	4.55377e+06	
40900	45.3168	23.3219	0	3.22e-06	-3.22e-06	0	4.55377	4.55377e+06	
41000	45.7168	22.9219	0	3.22e-06	-3.22e-06	0	4.55377	4.55377e+06	
41100	46.1168	22.8955	0	3.22e-06	-2.12371e-07	0	3.227	3.227e+06	
41200	46.5168	22.8691	0	3.22e-06	-2.12371e-07	0	3.227	3.227e+06	
41300	46.9168	22.8427	0	3.22e-06	-2.12371e-07	0	3.227	3.227e+06	
41400	47.3168	22.8164	0	3.22e-06	-2.12371e-07	0	3.227	3.227e+06	
41500	47.7168	22.79	0	3.22e-06	-2.12371e-07	0	3.227	3.227e+06	
41600	48.1168	22.4768	0	3.22e-06	-2.52136e-06	0	4.0897	4.0897e+06	
41700	48.5168	22.1636	0	3.22e-06	-2.52136e-06	0	4.0897	4.0897e+06	
41800	48.9168	21.8503	0	3.22e-06	-2.52136e-06	0	4.0897	4.0897e+06	
41900	49.3168	21.5371	0	3.22e-06	-2.52136e-06	0	4.0897	4.0897e+06	
42000	49.7168	21.2239	0	3.22e-06	-2.52136e-06	0	4.0897	4.0897e+06	
42100	50.1168	21.0263	0	3.22e-06	-1.59093e-06	0	3.59158	3.59158e+06	
42200	50.5168	20.8287	0	3.22e-06	-1.59093e-06	0	3.59158	3.59158e+06	
42300	50.9168	20.631	0	3.22e-06	-1.59093e-06	0	3.59158	3.59158e+06	
42400	51.3168	20.4334	0	3.22e-06	-1.59093e-06	0	3.59158	3.59158e+06	
42500	51.7168	20.2358	0	3.22e-06	-1.59093e-06	0	3.59158	3.59158e+06	
42600	52.1168	20.1369	0	3.22e-06	-7.96091e-07	0	3.31695	3.31695e+06	
42700	52.5168	20.038	0	3.22e-06	-7.96091e-07	0	3.31695	3.31695e+06	
42800	52.8667	19.9379	0	3.22e-06	-7.96091e-07	0	3.31695	3.31695e+06	
42900	52.8746	19.8169	0	3.22e-06	-7.96091e-07	0	3.31695	3.31695e+06	
43000	52.8912	19.6732	0	3.22e-06	-7.96091e-07	0	3.31695	3.31695e+06	
43100	52.8956	19.6501	0	3.22e-06	2.90078e-07	0	3.23304	3.23304e+06	
43200	52.8995	19.6253	0	3.22e-06	2.90078e-07	0	3.23304	3.23304e+06	
43300	52.9033	19.601	0	3.22e-06	2.90078e-07	0	3.23304	3.23304e+06	
43400	52.9064	19.58	0	3.22e-06	2.90078e-07	0	3.23304	3.23304e+06	
43500	52.9085	19.5645	0	3.22e-06	2.90078e-07	0	3.23304	3.23304e+06	
43600	52.9056	19.4078	0	3.22e-06	-1.40259e-06	0	3.51222	3.51222e+06	
43700	52.8887	19.2956	0	3.22e-06	-1.40259e-06	0	3.51222	3.51222e+06	
43800	52.8744	19.1666	0	3.22e-06	-1.40259e-06	0	3.51222	3.51222e+06	
43900	52.8674	19.0099	0	3.22e-06	-1.40259e-06	0	3.51222	3.51222e+06	
44000	52.874	18.8208	0	3.22e-06	-1.40259e-06	0	3.51222	3.51222e+06	
44100	52.9178	18.5234	0	3.22e-06	-1.9597e-06	0	3.76946	3.76946e+06	
44200	53.0206	18.1873	0	3.22e-06	-1.9597e-06	0	3.76946	3.76946e+06	
44300	53.201	17.8307	0	3.22e-06	-1.9597e-06	0	3.76946	3.76946e+06	
44400	53.4685	17.4828	0	3.22e-06	-1.9597e-06	0	3.76946	3.76946e+06	
44500	53.8131	17.175	0	3.22e-06	-1.9597e-06	0	3.76946	3.76946e+06	
44600	53.8682	16.9259	0	3.22e-06	-1.99017e-06	0	3.78539	3.78539e+06	
44700	53.8951	16.642	0	3.22e-06	-1.99017e-06	0	3.78539	3.78539e+06	
44800	53.9743	16.3155	0	3.22e-06	-1.99017e-06	0	3.78539	3.78539e+06	
44900	54.1257	15.9604	0	3.22e-06	-1.99017e-06	0	3.78539	3.78539e+06	
45000	54.3635	15.6028	0	3.22e-06	-1.99017e-06	0	3.78539	3.78539e+06	
45100	54.5069	15.4598	0	2.42381e-06	3.92605e-08	0	2.42413	2.42413e+06	
45200	54.6735	15.3113	0	2.42381e-06	3.92605e-08	0	2.42413	2.42413e+06	
45300	54.8716	15.1695	0	2.42381e-06	3.92605e-08	0	2.42413	2.42413e+06	
45400	55.1012	15.0419	0	2.42381e-06	3.92605e-08	0	2.42413	2.42413e+06	
45500	55.3597	14.9368	0	2.42381e-06	3.92605e-08	0	2.42413	2.42413e+06	
45600	55.5396	14.8913	0	1.68388e-06	5.25443e-07	0	1.76396	1.76396e+06	
45700	55.7311	14.8552	0	1.68388e-06	5.25443e-07	0	1.76396	1.76396e+06	
45800	55.9335	14.8352	0	1.68388e-06	5.25443e-07	0	1.76396	1.76396e+06	
45900	56.1436	14.8333	0	1.68388e-06	5.25443e-07	0	1.76396	1.76396e+06	
46000	56.3581	14.8502	0	1.68388e-06	5.25443e-07	0	1.76396	1.76396e+06	
46100	56.7355	14.8804	0	3.22e-06	2.3486e-06	0	3.98551	3.98551e+06	
46200	57.1233	14.8632	0	3.22e-06	2.3486e-06	0	3.98551	3.98551e+06	
46300	57.545	14.9054	0	3.22e-06	2.3486e-06	0	3.98551	3.98551e+06	
46400	57.9068	14.8644	0	3.22e-06	2.3486e-06	0	3.98551	3.98551e+06	
46500	58.3192	14.8804	0	3.22e-06	2.3486e-06	0	3.98551	3.98551e+06	
46600	58.6563	14.895	0	2.7738e-06	2.89218e-06	0	4.00732	4.00732e+06	
46700	58.9654	14.8658	0	2.7738e-06	2.89218e-06	0	4.00732	4.00732e+06	
46800	59.3313	14.8875	0	2.7738e-06	2.89218e-06	0	4.00732	4.00732e+06	
46900	59.6657	14.8936	0	2.7738e-06	2.89218e-06	0	4.00732	4.00732e+06	
47000	59.9766	14.8656	0	2.7738e-06	2.89218e-06	0	4.00732	4.00732e+06	
47100	60.4043	14.8994	0	3.22e-06	3.09046e-06	0	4.46311	4.46311e+06	
47200	60.7701	14.881	0	3.22e-06	3.09046e-06	0	4.46311	4.46311e+06	
47300	61.1613	14.8711	0	3.22e-06	3.09046e-06	0	4.46311	4.46311e+06	
47400	61.583	14.9074	0	3.22e-06	3.09046e-06	0	4.46311	4.46311e+06	
47500	61.9366	14.8681	0	3.22e-06	3.09046e-06	0	4.46311	4.46311e+06	
47600	62.2934	14.8849	0	2.72259e-06	3.22e-06	0	4.21674	4.21674e+06	
47700	62.6328	14.9006	0	2.72259e-06	3.22e-06	0	4.21674	4.21674e+06	
47800	62.9258	14.8692	0	2.72259e-06	3.22e-06	0	4.21674	4.21674e+06	
47900	63.2807	14.8834	0	2.72259e-06	3.22e-06	0	4.21674	4.21674e+06	
48000	63.6889	14.9738	0	2.72259e-06	3.22e-06	0	4.21674	4.21674e+06	
48100	63.8218	15.0302	0	2.67827e-08	3.22e-06	0	3.22011	3.22011e+06	
48200	63.9772	15.1016	0	2.67827e-08	3.22e-06	0	3.22011	3.22011e+06	
48300	64.1526	15.2014	0	2.67827e-08	3.22e-06	0	3.22011	3.22011e+06	
48400	64.3449	15.3382	0	2.67827e-08	3.22e-06	0	3.22011	3.22011e+06	
48500	64.5468	15.521	0	2.67827e-08	3.22e-06	0	3.22011	3.22011e+06	
48600	64.4811	15.4581	0	-2.2818e-06	1.23985e-06	0	2.59689	2.59689e+06	
48700	64.4038	15.387	0	-2.2818e-06	1.23985e-06	0	2.59689	2.59689e+06	
48800	64.3107	15.3099	0	-2.2818e-06	1.23985e-06	0	2.59689	2.59689e+06	
48900	64.1987	15.228	0	-2.2818e-06	1.23985e-06	0	2.59689	2.59689e+06	
49000	64.0646	15.1434	0	-2.2818e-06	1.23985e-06	0	2.59689	2.59689e+06	
49100	64.0089	15.1255	0	-2.31915e-06	3.22e-06	0	3.96823	3.96823e+06	
49200	63.945	15.0924	0	-2.31915e-06	3.22e-06	0	3.96823	3.96823e+06	
49300	63.8633	15.0539	0	-2.31915e-06	3.22e-06	0	3.96823	3.96823e+06	
49400	63.7586	15.0105	0	-2.31915e-06	3.22e-06	0	3.96823	3.96823e+06	
49500	63.6248	14.9641	0	-2.31915e-06	3.22e-06	0	3.96823	3.96823e+06	
49600	63.6743	14.9768	0	-5.96535e-07	3.22e-06	0	3.27479	3.27479e+06	
49700	63.7327	14.9971	0	-5.96535e-07	3.22e-06	0	3.27479	3.27479e+06	
49800	63.8023	15.0238	0	-5.96535e-07	3.22e-06	0	3.27479	3.27479e+06	
49900	63.8848	15.0592	0	-5.96535e-07	3.22e-06	0	3.27479	3.27479e+06	
50000	63.9821	15.1062	0	-5.96535e-07	3.22e-06	0	3.27479	3.27479e+06	
