0	46	27	0	-1.83721e-06	3.22e-06	0	3.70725	3.70725e+06	
100	45.9647	27.1215	0	-2.83868e-07	9.78474e-07	0	1.01882	1.01882e+06	
200	45.9295	27.2431	0	-2.83868e-07	9.78474e-07	0	1.01882	1.01882e+06	
300	45.8942	27.3646	0	-2.83868e-07	9.78474e-07	0	1.01882	1.01882e+06	
400	45.8589	27.4862	0	-2.83868e-07	9.78474e-07	0	1.01882	1.01882e+06	
500	45.8237	27.6077	0	-2.83868e-07	9.78474e-07	0	1.01882	1.01882e+06	
600	45.839	27.8247	0	1.2356e-07	1.7465e-06	0	1.75087	1.75087e+06	
700	45.8544	28.0417	0	1.2356e-07	1.7465e-06	0	1.75087	1.75087e+06	
800	45.8697	28.2586	0	1.2356e-07	1.7465e-06	0	1.75087	1.75087e+06	
900	45.8851	28.4756	0	1.2356e-07	1.7465e-06	0	1.75087	1.75087e+06	
1000	45.9004	28.6925	0	1.2356e-07	1.7465e-06	0	1.75087	1.75087e+06	
1100	45.8113	28.4994	0	-7.17289e-07	-1.55444e-06	0	1.71196	1.71196e+06	
1200	45.7222	28.3063	0	-7.17289e-07	-1.55444e-06	0	1.71196	1.71196e+06	
1300	45.6331	28.1132	0	-7.17289e-07	-1.55444e-06	0	1.71196	1.71196e+06	
1400	45.544	27.9201	0	-7.17289e-07	-1.55444e-06	0	1.71196	1.71196e+06	
1500	45.4549	27.727	0	-7.17289e-07	-1.55444e-06	0	1.71196	1.71196e+06	
1600	45.5808	27.7765	0	1.01328e-06	3.98159e-07	0	1.0887	1.0887e+06	
1700	45.7067	27.826	0	1.01328e-06	3.98159e-07	0	1.0887	1.0887e+06	
1800	45.8325	27.8754	0	1.01328e-06	3.98159e-07	0	1.0887	1.0887e+06	
1900	45.9584	27.9249	0	1.01328e-06	3.98159e-07	0	1.0887	1.0887e+06	
2000	46.0843	27.9743	0	1.01328e-06	3.98159e-07	0	1.0887	1.0887e+06	
2100	46.4687	28.0237	0	3.09444e-06	3.97369e-07	0	3.11985	3.11985e+06	
2200	46.8531	28.0731	0	3.09444e-06	3.97369e-07	0	3.11985	3.11985e+06	
2300	47.2375	28.1224	0	3.09444e-06	3.97369e-07	0	3.11985	3.11985e+06	
2400	47.6219	28.1718	0	3.09444e-06	3.97369e-07	0	3.11985	3.11985e+06	
2500	48.0063	28.2212	0	3.09444e-06	3.97369e-07	0	3.11985	3.11985e+06	
2600	47.9273	28.4684	0	-6.3593e-07	1.99032e-06	0	2.08944	2.08944e+06	
2700	47.8483	28.7156	0	-6.3593e-07	1.99032e-06	0	2.08944	2.08944e+06	
2800	47.7693	28.9629	0	-6.3593e-07	1.99032e-06	0	2.08944	2.08944e+06	
2900	47.6903	29.2101	0	-6.3593e-07	1.99032e-06	0	2.08944	2.08944e+06	
3000	47.6113	29.4574	0	-6.3593e-07	1.99032e-06	0	2.08944	2.08944e+06	
3100	47.2764	29.8477	0	-2.69564e-06	3.14214e-06	0	4.13999	4.13999e+06	
3200	46.9416	30.238	0	-2.69564e-06	3.14214e-06	0	4.13999	4.13999e+06	
3300	46.6067	30.6284	0	-2.69564e-06	3.14214e-06	0	4.13999	4.13999e+06	
3400	46.2719	31.0187	0	-2.69564e-06	3.14214e-06	0	4.13999	4.13999e+06	
3500	45.937	31.409	0	-2.69564e-06	3.14214e-06	0	4.13999	4.13999e+06	
3600	45.6538	31.809	0	-2.27962e-06	3.22e-06	0	3.94526	3.94526e+06	
3700	45.3706	32.209	0	-2.27962e-06	3.22e-06	0	3.94526	3.94526e+06	
3800	45.0874	32.609	0	-2.27962e-06	3.22e-06	0	3.94526	3.94526e+06	
3900	44.8043	33.009	0	-2.27962e-06	3.22e-06	0	3.94526	3.94526e+06	
4000	44.5211	33.409	0	-2.27962e-06	3.22e-06	0	3.94526	3.94526e+06	
4100	44.3775	33.5427	0	-1.15585e-06	1.07644e-06	0	1.57947	1.57947e+06	
4200	44.2339	33.6765	0	-1.15585e-06	1.07644e-06	0	1.57947	1.57947e+06	
4300	44.0903	33.8102	0	-1.15585e-06	1.07644e-06	0	1.57947	1.57947e+06	
4400	43.9467	33.9439	0	-1.15585e-06	1.07644e-06	0	1.57947	1.57947e+06	
4500	43.8032	34.0776	0	-1.15585e-06	1.07644e-06	0	1.57947	1.57947e+06	
4600	43.8734	34.1634	0	5.65611e-07	6.90179e-07	0	0.892335	892335	
4700	43.9437	34.2491	0	5.65611e-07	6.90179e-07	0	0.892335	892335	
4800	44.014	34.3348	0	5.65611e-07	6.90179e-07	0	0.892335	892335	
4900	44.0842	34.4206	0	5.65611e-07	6.90179e-07	0	0.892335	892335	
5000	44.1545	34.5063	0	5.65611e-07	6.90179e-07	0	0.892335	892335	
5100	43.9691	34.6346	0	-1.49214e-06	1.03319e-06	0	1.81492	1.81492e+06	
5200	43.7838	34.763	0	-1.49214e-06	1.03319e-06	0	1.81492	1.81492e+06	
5300	43.5984	34.8913	0	-1.49214e-06	1.03319e-06	0	1.81492	1.81492e+06	
5400	43.413	35.0197	0	-1.49214e-06	1.03319e-06	0	1.81492	1.81492e+06	
5500	43.2277	35.148	0	-1.49214e-06	1.03319e-06	0	1.81492	1.81492e+06	
5600	42.8277	35.3802	0	-3.22e-06	1.86916e-06	0	3.72319	3.72319e+06	
5700	42.4277	35.6124	0	-3.22e-06	1.86916e-06	0	3.72319	3.72319e+06	
5800	42.0277	35.8446	0	-3.22e-06	1.86916e-06	0	3.72319	3.72319e+06	
5900	41.6277	36.0768	0	-3.22e-06	1.86916e-06	0	3.72319	3.72319e+06	
6000	41.2277	36.309	0	-3.22e-06	1.86916e-06	0	3.72319	3.72319e+06	
6100	40.9068	36.3763	0	-2.58344e-06	5.41852e-07	0	2.63965	2.63965e+06	
6200	40.5858	36.4436	0	-2.58344e-06	5.41852e-07	0	2.63965	2.63965e+06	
6300	40.2649	36.5109	0	-2.58344e-06	5.41852e-07	0	2.63965	2.63965e+06	
6400	39.944	36.5782	0	-2.58344e-06	5.41852e-07	0	2.63965	2.63965e+06	
6500	39.6231	36.6455	0	-2.58344e-06	5.41852e-07	0	2.63965	2.63965e+06	
6600	39.4017	36.6981	0	-1.78195e-06	4.22729e-07	0	1.8314	1.8314e+06	
6700	39.1803	36.7506	0	-1.78195e-06	4.22729e-07	0	1.8314	1.8314e+06	
6800	38.959	36.8031	0	-1.78195e-06	4.22729e-07	0	1.8314	1.8314e+06	
6900	38.7376	36.8556	0	-1.78195e-06	4.22729e-07	0	1.8314	1.8314e+06	
7000	38.5163	36.9081	0	-1.78195e-06	4.22729e-07	0	1.8314	1.8314e+06	
7100	38.5469	37.0187	0	2.46389e-07	8.89883e-07	0	0.923363	923363	
7200	38.5775	37.1292	0	2.46389e-07	8.89883e-07	0	0.923363	923363	
7300	38.6081	37.2397	0	2.46389e-07	8.89883e-07	0	0.923363	923363	
7400	38.6387	37.3503	0	2.46389e-07	8.89883e-07	0	0.923363	923363	
7500	38.6693	37.4608	0	2.46389e-07	8.89883e-07	0	0.923363	923363	
7600	38.4735	37.345	0	-1.57601e-06	-9.32453e-07	0	1.83119	1.83119e+06	
7700	38.2777	37.2292	0	-1.57601e-06	-9.32453e-07	0	1.83119	1.83119e+06	
7800	38.082	37.1133	0	-1.57601e-06	-9.32453e-07	0	1.83119	1.83119e+06	
7900	37.8862	36.9975	0	-1.57601e-06	-9.32453e-07	0	1.83119	1.83119e+06	
8000	37.6904	36.8817	0	-1.57601e-06	-9.32453e-07	0	1.83119	1.83119e+06	
8100	37.2904	36.5426	0	-3.22e-06	-2.72945e-06	0	4.22117	4.22117e+06	
8200	36.8904	36.2036	0	-3.22e-06	-2.72945e-06	0	4.22117	4.22117e+06	
8300	36.4904	35.8645	0	-3.22e-06	-2.72945e-06	0	4.22117	4.22117e+06	
8400	36.0904	35.5254	0	-3.22e-06	-2.72945e-06	0	4.22117	4.22117e+06	
8500	35.6904	35.1864	0	-3.22e-06	-2.72945e-06	0	4.22117	4.22117e+06	
8600	35.411	34.7864	0	-2.24909e-06	-3.22e-06	0	3.9277	3.9277e+06	
8700	35.1316	34.3864	0	-2.24909e-06	-3.22e-06	0	3.9277	3.9277e+06	
8800	34.8522	33.9864	0	-2.24909e-06	-3.22e-06	0	3.9277	3.9277e+06	
8900	34.5728	33.5864	0	-2.24909e-06	-3.22e-06	0	3.9277	3.9277e+06	
9000	34.2935	33.1864	0	-2.24909e-06	-3.22e-06	0	3.9277	3.9277e+06	
9100	34.0661	33.0979	0	-1.83009e-06	-7.12213e-07	0	1.9638	1.9638e+06	
9200	33.8388	33.0094	0	-1.83009e-06	-7.12213e-07	0	1.9638	1.9638e+06	
9300	33.6114	32.9209	0	-1.83009e-06	-7.12213e-07	0	1.9638	1.9638e+06	
9400	33.3841	32.8325	0	-1.83009e-06	-7.12213e-07	0	1.9638	1.9638e+06	
9500	33.1568	32.744	0	-1.83009e-06	-7.12213e-07	0	1.9638	1.9638e+06	
9600	32.7568	32.5231	0	-3.22e-06	-1.7786e-06	0	3.67856	3.67856e+06	
9700	32.3568	32.3021	0	-3.22e-06	-1.7786e-06	0	3.67856	3.67856e+06	
9800	31.9568	32.0812	0	-3.22e-06	-1.7786e-06	0	3.67856	3.67856e+06	
9900	31.5568	31.8602	0	-3.22e-06	-1.7786e-06	0	3.67856	3.67856e+06	
10000	31.1568	31.6393	0	-3.22e-06	-1.7786e-06	0	3.67856	3.67856e+06	
10100	31.5207	31.3255	0	2.92948e-06	-2.5257e-06	0	3.86794	3.86794e+06	
10200	31.8846	31.0118	0	2.92948e-06	-2.5257e-06	0	3.86794	3.86794e+06	
10300	32.2485	30.698	0	2.92948e-06	-2.5257e-06	0	3.86794	3.86794e+06	
10400	32.6124	30.3843	0	2.92948e-06	-2.5257e-06	0	3.86794	3.86794e+06	
10500	32.9763	30.0705	0	2.92948e-06	-2.5257e-06	0	3.86794	3.86794e+06	
10600	32.908	30.0086	0	-5.49614e-07	-4.98462e-07	0	0.741984	741984	
10700	32.8398	29.9467	0	-5.49614e-07	-4.98462e-07	0	0.741984	741984	
10800	32.7715	29.8848	0	-5.49614e-07	-4.98462e-07	0	0.741984	741984	
10900	32.7032	29.8228	0	-5.49614e-07	-4.98462e-07	0	0.741984	741984	
11000	32.6349	29.7609	0	-5.49614e-07	-4.98462e-07	0	0.741984	741984	
11100	32.413	29.5031	0	-1.78673e-06	-2.07569e-06	0	2.73877	2.73877e+06	
11200	32.191	29.2452	0	-1.78673e-06	-2.07569e-06	0	2.73877	2.73877e+06	
11300	31.9691	28.9874	0	-1.78673e-06	-2.07569e-06	0	2.73877	2.73877e+06	
11400	31.7471	28.7295	0	-1.78673e-06	-2.07569e-06	0	2.73877	2.73877e+06	
11500	31.5252	28.4717	0	-1.78673e-06	-2.07569e-06	0	2.73877	2.73877e+06	
11600	31.3972	28.0717	0	-1.03008e-06	-3.22e-06	0	3.38075	3.38075e+06	
11700	31.2692	27.6717	0	-1.03008e-06	-3.22e-06	0	3.38075	3.38075e+06	
11800	31.1413	27.2717	0	-1.03008e-06	-3.22e-06	0	3.38075	3.38075e+06	
11900	31.0133	26.8717	0	-1.03008e-06	-3.22e-06	0	3.38075	3.38075e+06	
12000	30.8854	26.4717	0	-1.03008e-06	-3.22e-06	0	3.38075	3.38075e+06	
12100	30.763	26.1536	0	-9.85146e-07	-2.5603e-06	0	2.74329	2.74329e+06	
12200	30.6406	25.8356	0	-9.85146e-07	-2.5603e-06	0	2.74329	2.74329e+06	
12300	30.4944	25.5434	0	-9.85146e-07	-2.5603e-06	0	2.74329	2.74329e+06	
12400	30.2805	25.3069	0	-9.85146e-07	-2.5603e-06	0	2.74329	2.74329e+06	
12500	30.0904	25.0336	0	-9.85146e-07	-2.5603e-06	0	2.74329	2.74329e+06	
12600	29.8476	24.8039	0	-1.05097e-06	-3.22e-06	0	3.38717	3.38717e+06	
12700	29.5705	24.5992	0	-1.05097e-06	-3.22e-06	0	3.38717	3.38717e+06	
12800	29.3057	24.3268	0	-1.05097e-06	-3.22e-06	0	3.38717	3.38717e+06	
12900	29.0764	23.9916	0	-1.05097e-06	-3.22e-06	0	3.38717	3.38717e+06	
13000	28.8981	23.6118	0	-1.05097e-06	-3.22e-06	0	3.38717	3.38717e+06	
13100	28.9422	23.6222	0	1.369e-06	-2.17628e-07	0	1.38619	1.38619e+06	
13200	28.9494	23.6455	0	1.369e-06	-2.17628e-07	0	1.38619	1.38619e+06	
13300	28.9574	23.6705	0	1.369e-06	-2.17628e-07	0	1.38619	1.38619e+06	
13400	28.9664	23.6975	0	1.369e-06	-2.17628e-07	0	1.38619	1.38619e+06	
13500	28.9765	23.7265	0	1.369e-06	-2.17628e-07	0	1.38619	1.38619e+06	
13600	28.8876	23.561	0	-2.79975e-07	-1.47426e-06	0	1.50061	1.50061e+06	
13700	28.8331	23.3823	0	-2.79975e-07	-1.47426e-06	0	1.50061	1.50061e+06	
13800	28.7894	23.2004	0	-2.79975e-07	-1.47426e-06	0	1.50061	1.50061e+06	
13900	28.7517	23.0175	0	-2.79975e-07	-1.47426e-06	0	1.50061	1.50061e+06	
14000	28.7164	22.8343	0	-2.79975e-07	-1.47426e-06	0	1.50061	1.50061e+06	
14100	28.6037	22.6775	0	-9.06412e-07	-1.26261e-06	0	1.55427	1.55427e+06	
14200	28.4911	22.5206	0	-9.06412e-07	-1.26261e-06	0	1.55427	1.55427e+06	
14300	28.3786	22.3638	0	-9.06412e-07	-1.26261e-06	0	1.55427	1.55427e+06	
14400	28.266	22.2069	0	-9.06412e-07	-1.26261e-06	0	1.55427	1.55427e+06	
14500	28.1534	22.0501	0	-9.06412e-07	-1.26261e-06	0	1.55427	1.55427e+06	
14600	28.0636	21.9992	0	-7.22772e-07	-4.10059e-07	0	0.830992	830992	
14700	27.9738	21.9482	0	-7.22772e-07	-4.10059e-07	0	0.830992	830992	
14800	27.884	21.8973	0	-7.22772e-07	-4.10059e-07	0	0.830992	830992	
14900	27.7942	21.8463	0	-7.22772e-07	-4.10059e-07	0	0.830992	830992	
15000	27.7044	21.7954	0	-7.22772e-07	-4.10059e-07	0	0.830992	830992	
15100	27.8335	21.7116	0	1.03863e-06	-6.74836e-07	0	1.23861	1.23861e+06	
15200	27.9625	21.6277	0	1.03863e-06	-6.74836e-07	0	1.23861	1.23861e+06	
15300	28.0915	21.5439	0	1.03863e-06	-6.74836e-07	0	1.23861	1.23861e+06	
15400	28.2205	21.4601	0	1.03863e-06	-6.74836e-07	0	1.23861	1.23861e+06	
15500	28.3495	21.3762	0	1.03863e-06	-6.74836e-07	0	1.23861	1.23861e+06	
15600	28.1865	21.2751	0	-1.31245e-06	-8.1451e-07	0	1.54465	1.54465e+06	
15700	28.0235	21.1739	0	-1.31245e-06	-8.1451e-07	0	1.54465	1.54465e+06	
15800	27.8604	21.0727	0	-1.31245e-06	-8.1451e-07	0	1.54465	1.54465e+06	
15900	27.6974	20.9715	0	-1.31245e-06	-8.1451e-07	0	1.54465	1.54465e+06	
16000	27.5344	20.8703	0	-1.31245e-06	-8.1451e-07	0	1.54465	1.54465e+06	
16100	27.3247	21.1259	0	-1.68739e-06	2.05708e-06	0	2.66062	2.66062e+06	
16200	27.1151	21.3814	0	-1.68739e-06	2.05708e-06	0	2.66062	2.66062e+06	
16300	26.9055	21.637	0	-1.68739e-06	2.05708e-06	0	2.66062	2.66062e+06	
16400	26.6959	21.8925	0	-1.68739e-06	2.05708e-06	0	2.66062	2.66062e+06	
16500	26.4863	22.148	0	-1.68739e-06	2.05708e-06	0	2.66062	2.66062e+06	
16600	26.526	22.0319	0	3.19809e-07	-9.34517e-07	0	0.987724	987724	
16700	26.5657	21.9159	0	3.19809e-07	-9.34517e-07	0	0.987724	987724	
16800	26.6055	21.7998	0	3.19809e-07	-9.34517e-07	0	0.987724	987724	
16900	26.6452	21.6837	0	3.19809e-07	-9.34517e-07	0	0.987724	987724	
17000	26.6849	21.5676	0	3.19809e-07	-9.34517e-07	0	0.987724	987724	
17100	27.0849	21.5486	0	3.22e-06	-1.52635e-07	0	3.22362	3.22362e+06	
17200	27.4849	21.5297	0	3.22e-06	-1.52635e-07	0	3.22362	3.22362e+06	
17300	27.8849	21.5107	0	3.22e-06	-1.52635e-07	0	3.22362	3.22362e+06	
17400	28.2849	21.4917	0	3.22e-06	-1.52635e-07	0	3.22362	3.22362e+06	
17500	28.6849	21.4728	0	3.22e-06	-1.52635e-07	0	3.22362	3.22362e+06	
17600	28.9247	21.5099	0	3.22e-06	6.00511e-07	0	3.27552	3.27552e+06	
17700	28.9297	21.4892	0	3.22e-06	6.00511e-07	0	3.27552	3.27552e+06	
17800	28.936	21.4642	0	3.22e-06	6.00511e-07	0	3.27552	3.27552e+06	
17900	28.944	21.4341	0	3.22e-06	6.00511e-07	0	3.27552	3.27552e+06	
18000	28.9543	21.3979	0	3.22e-06	6.00511e-07	0	3.27552	3.27552e+06	
18100	29.1021	21.0018	0	3.22e-06	-2.38823e-06	0	4.00899	4.00899e+06	
18200	29.3543	20.6081	0	3.22e-06	-2.38823e-06	0	4.00899	4.00899e+06	
18300	29.6968	20.253	0	3.22e-06	-2.38823e-06	0	4.00899	4.00899e+06	
18400	30.0891	19.9444	0	3.22e-06	-2.38823e-06	0	4.00899	4.00899e+06	
18500	30.489	19.6476	0	3.22e-06	-2.38823e-06	0	4.00899	4.00899e+06	
18600	30.889	19.5074	0	3.22e-06	-1.12845e-06	0	3.41201	3.41201e+06	
18700	31.289	19.3672	0	3.22e-06	-1.12845e-06	0	3.41201	3.41201e+06	
18800	31.6881	19.2259	0	3.22e-06	-1.12845e-06	0	3.41201	3.41201e+06	
18900	32.0577	19.0405	0	3.22e-06	-1.12845e-06	0	3.41201	3.41201e+06	
19000	32.2473	18.7686	0	3.22e-06	-1.12845e-06	0	3.41201	3.41201e+06	
19100	32.5793	18.339	0	3.22e-06	-2.99878e-06	0	4.40012	4.40012e+06	
19200	32.9744	17.96	0	3.22e-06	-2.99878e-06	0	4.40012	4.40012e+06	
19300	33.3588	17.5755	0	3.22e-06	-2.99878e-06	0	4.40012	4.40012e+06	
19400	33.7371	17.1805	0	3.22e-06	-2.99878e-06	0	4.40012	4.40012e+06	
19500	34.1356	16.8064	0	3.22e-06	-2.99878e-06	0	4.40012	4.40012e+06	
19600	34.5155	16.389	0	3.22e-06	-3.22e-06	0	4.55377	4.55377e+06	
19700	34.9114	15.984	0	3.22e-06	-3.22e-06	0	4.55377	4.55377e+06	
19800	35.3114	15.584	0	3.22e-06	-3.22e-06	0	4.55377	4.55377e+06	
19900	35.7114	15.184	0	3.22e-06	-3.22e-06	0	4.55377	4.55377e+06	
20000	36.1114	14.784	0	3.22e-06	-3.22e-06	0	4.55377	4.55377e+06	
20100	36.5114	14.514	0	3.22e-06	-2.17383e-06	0	3.88509	3.88509e+06	
20200	36.9114	14.2439	0	3.22e-06	-2.17383e-06	0	3.88509	3.88509e+06	
20300	37.3114	13.9739	0	3.22e-06	-2.17383e-06	0	3.88509	3.88509e+06	
20400	37.7114	13.7039	0	3.22e-06	-2.17383e-06	0	3.88509	3.88509e+06	
20500	38.1114	13.4338	0	3.22e-06	-2.17383e-06	0	3.88509	3.88509e+06	
20600	38.5114	13.0338	0	3.22e-06	-3.22e-06	0	4.55377	4.55377e+06	
20700	38.9114	12.6338	0	3.22e-06	-3.22e-06	0	4.55377	4.55377e+06	
20800	39.3114	12.2338	0	3.22e-06	-3.22e-06	0	4.55377	4.55377e+06	
20900	39.7114	11.8338	0	3.22e-06	-3.22e-06	0	4.55377	4.55377e+06	
21000	40.1114	11.4338	0	3.22e-06	-3.22e-06	0	4.55377	4.55377e+06	
21100	40.5114	11.0338	0	3.22e-06	-3.22e-06	0	4.55377	4.55377e+06	
21200	40.9114	10.6338	0	3.22e-06	-3.22e-06	0	4.55377	4.55377e+06	
21300	41.3114	10.2338	0	3.22e-06	-3.22e-06	0	4.55377	4.55377e+06	
21400	41.7114	9.83381	0	3.22e-06	-3.22e-06	0	4.55377	4.55377e+06	
21500	42.1114	9.43381	0	3.22e-06	-3.22e-06	0	4.55377	4.55377e+06	
21600	41.8779	9.03381	0	-1.87932e-06	-3.22e-06	0	3.7283	3.7283e+06	
21700	41.6445	8.63381	0	-1.87932e-06	-3.22e-06	0	3.7283	3.7283e+06	
21800	41.411	8.23381	0	-1.87932e-06	-3.22e-06	0	3.7283	3.7283e+06	
21900	41.1776	7.83381	0	-1.87932e-06	-3.22e-06	0	3.7283	3.7283e+06	
22000	40.9441	7.43381	0	-1.87932e-06	-3.22e-06	0	3.7283	3.7283e+06	
22100	40.5441	7.28059	0	-3.22e-06	-1.23349e-06	0	3.44817	3.44817e+06	
22200	40.1441	7.12736	0	-3.22e-06	-1.23349e-06	0	3.44817	3.44817e+06	
22300	39.7441	6.97413	0	-3.22e-06	-1.23349e-06	0	3.44817	3.44817e+06	
22400	39.3441	6.8209	0	-3.22e-06	-1.23349e-06	0	3.44817	3.44817e+06	
22500	38.9441	6.66767	0	-3.22e-06	-1.23349e-06	0	3.44817	3.44817e+06	
22600	38.7078	6.42847	0	-1.90239e-06	-1.92554e-06	0	2.7068	2.7068e+06	
22700	38.4715	6.18927	0	-1.90239e-06	-1.92554e-06	0	2.7068	2.7068e+06	
22800	38.2352	5.95008	0	-1.90239e-06	-1.92554e-06	0	2.7068	2.7068e+06	
22900	37.9988	5.71088	0	-1.90239e-06	-1.92554e-06	0	2.7068	2.7068e+06	
23000	37.7625	5.47168	0	-1.90239e-06	-1.92554e-06	0	2.7068	2.7068e+06	
23100	37.3625	5.31951	0	-3.22e-06	-1.22499e-06	0	3.44514	3.44514e+06	
23200	36.9625	5.16734	0	-3.22e-06	-1.22499e-06	0	3.44514	3.44514e+06	
23300	36.5625	5.01516	0	-3.22e-06	-1.22499e-06	0	3.44514	3.44514e+06	
23400	36.1625	4.86299	0	-3.22e-06	-1.22499e-06	0	3.44514	3.44514e+06	
23500	35.7625	4.71082	0	-3.22e-06	-1.22499e-06	0	3.44514	3.44514e+06	
23600	35.5579	4.50783	0	-1.64676e-06	-1.63408e-06	0	2.31992	2.31992e+06	
23700	35.3534	4.30483	0	-1.64676e-06	-1.63408e-06	0	2.31992	2.31992e+06	
23800	35.1488	4.10184	0	-1.64676e-06	-1.63408e-06	0	2.31992	2.31992e+06	
23900	34.9442	3.89885	0	-1.64676e-06	-1.63408e-06	0	2.31992	2.31992e+06	
24000	34.7397	3.69586	0	-1.64676e-06	-1.63408e-06	0	2.31992	2.31992e+06	
24100	34.9717	3.29586	0	1.86745e-06	-3.22e-06	0	3.72234	3.72234e+06	
24200	35.2036	2.89586	0	1.86745e-06	-3.22e-06	0	3.72234	3.72234e+06	
24300	35.4356	2.49586	0	1.86745e-06	-3.22e-06	0	3.72234	3.72234e+06	
24400	35.6649	2.11413	0	1.86745e-06	-3.22e-06	0	3.72234	3.72234e+06	
24500	35.8502	2.12669	0	1.86745e-06	-3.22e-06	0	3.72234	3.72234e+06	
24600	36.1713	2.12711	0	2.58316e-06	-3.22e-06	0	4.12809	4.12809e+06	
24700	36.5283	2.08743	0	2.58316e-06	-3.22e-06	0	4.12809	4.12809e+06	
24800	36.7926	2.12117	0	2.58316e-06	-3.22e-06	0	4.12809	4.12809e+06	
24900	37.1015	2.131	0	2.58316e-06	-3.22e-06	0	4.12809	4.12809e+06	
25000	37.4625	2.09072	0	2.58316e-06	-3.22e-06	0	4.12809	4.12809e+06	
25100	37.5336	2.09222	0	5.84633e-07	-2.63166e-06	0	2.69582	2.69582e+06	
25200	37.5712	2.09617	0	5.84633e-07	-2.63166e-06	0	2.69582	2.69582e+06	
25300	37.5976	2.09994	0	5.84633e-07	-2.63166e-06	0	2.69582	2.69582e+06	
25400	37.6204	2.10343	0	5.84633e-07	-2.63166e-06	0	2.69582	2.69582e+06	
25500	37.6422	2.10684	0	5.84633e-07	-2.63166e-06	0	2.69582	2.69582e+06	
25600	37.8417	2.1311	0	1.9237e-06	-2.46161e-06	0	3.12412	3.12412e+06	
25700	38.0737	2.13728	0	1.9237e-06	-2.46161e-06	0	3.12412	3.12412e+06	
25800	38.3387	2.11418	0	1.9237e-06	-2.46161e-06	0	3.12412	3.12412e+06	
25900	38.585	2.09803	0	1.9237e-06	-2.46161e-06	0	3.12412	3.12412e+06	
26000	38.7781	2.12507	0	1.9237e-06	-2.46161e-06	0	3.12412	3.12412e+06	
26100	38.9342	2.14212	0	1.3954e-06	-1.86539e-06	0	2.32956	2.32956e+06	
26200	39.1095	2.14155	0	1.3954e-06	-1.86539e-06	0	2.32956	2.32956e+06	
26300	39.303	2.12459	0	1.3954e-06	-1.86539e-06	0	2.32956	2.32956e+06	
26400	39.5004	2.09879	0	1.3954e-06	-1.86539e-06	0	2.32956	2.32956e+06	
26500	39.6455	2.11279	0	1.3954e-06	-1.86539e-06	0	2.32956	2.32956e+06	
26600	39.7212	2.12174	0	9.26515e-07	-2.15275e-06	0	2.34366	2.34366e+06	
26700	39.8057	2.13127	0	9.26515e-07	-2.15275e-06	0	2.34366	2.34366e+06	
26800	39.9019	2.13815	0	9.26515e-07	-2.15275e-06	0	2.34366	2.34366e+06	
26900	40.0112	2.14078	0	9.26515e-07	-2.15275e-06	0	2.34366	2.34366e+06	
27000	40.1351	2.13708	0	9.26515e-07	-2.15275e-06	0	2.34366	2.34366e+06	
27100	40.2044	2.13893	0	4.398e-07	-1.49962e-06	0	1.56278	1.56278e+06	
27200	40.2789	2.13087	0	4.398e-07	-1.49962e-06	0	1.56278	1.56278e+06	
27300	40.3583	2.11977	0	4.398e-07	-1.49962e-06	0	1.56278	1.56278e+06	
27400	40.438	2.1079	0	4.398e-07	-1.49962e-06	0	1.56278	1.56278e+06	
27500	40.503	2.10276	0	4.398e-07	-1.49962e-06	0	1.56278	1.56278e+06	
27600	40.4758	2.09537	0	-2.79618e-07	-2.20637e-06	0	2.22402	2.22402e+06	
27700	40.4605	2.09645	0	-2.79618e-07	-2.20637e-06	0	2.22402	2.22402e+06	
27800	40.4512	2.09734	0	-2.79618e-07	-2.20637e-06	0	2.22402	2.22402e+06	
27900	40.4452	2.098	0	-2.79618e-07	-2.20637e-06	0	2.22402	2.22402e+06	
28000	40.4411	2.09848	0	-2.79618e-07	-2.20637e-06	0	2.22402	2.22402e+06	
28100	40.4312	2.11464	0	-2.19367e-07	-1.05297e-06	0	1.07558	1.07558e+06	
28200	40.421	2.116	0	-2.19367e-07	-1.05297e-06	0	1.07558	1.07558e+06	
28300	40.4119	2.11728	0	-2.19367e-07	-1.05297e-06	0	1.07558	1.07558e+06	
28400	40.4035	2.11851	0	-2.19367e-07	-1.05297e-06	0	1.07558	1.07558e+06	
28500	40.3956	2.11969	0	-2.19367e-07	-1.05297e-06	0	1.07558	1.07558e+06	
28600	40.3351	2.11791	0	-7.50868e-07	-1.7558e-06	0	1.90962	1.90962e+06	
28700	40.2731	2.1266	0	-7.50868e-07	-1.7558e-06	0	1.90962	1.90962e+06	
28800	40.2049	2.13435	0	-7.50868e-07	-1.7558e-06	0	1.90962	1.90962e+06	
28900	40.1293	2.14048	0	-7.50868e-07	-1.7558e-06	0	1.90962	1.90962e+06	
29000	40.0451	2.14419	0	-7.50868e-07	-1.7558e-06	0	1.90962	1.90962e+06	
29100	40.2555	2.1396	0	1.61391e-06	-1.2459e-06	0	2.03887	2.03887e+06	
29200	40.4725	2.11062	0	1.61391e-06	-1.2459e-06	0	2.03887	2.03887e+06	
29300	40.6564	2.12121	0	1.61391e-06	-1.2459e-06	0	2.03887	2.03887e+06	
29400	40.8361	2.14345	0	1.61391e-06	-1.2459e-06	0	2.03887	2.03887e+06	
29500	41.0163	2.14858	0	1.61391e-06	-1.2459e-06	0	2.03887	2.03887e+06	
29600	41.0132	2.18716	0	1.4341e-06	4.98107e-07	0	1.51814	1.51814e+06	
29700	41.0092	2.19581	0	1.4341e-06	4.98107e-07	0	1.51814	1.51814e+06	
29800	41.0072	2.20031	0	1.4341e-06	4.98107e-07	0	1.51814	1.51814e+06	
29900	41.006	2.20305	0	1.4341e-06	4.98107e-07	0	1.51814	1.51814e+06	
30000	41.0053	2.20485	0	1.4341e-06	4.98107e-07	0	1.51814	1.51814e+06	
30100	40.9744	2.13295	0	-1.20409e-08	-3.12387e-06	0	3.12389	3.12389e+06	
30200	40.9591	2.13284	0	-1.20409e-08	-3.12387e-06	0	3.12389	3.12389e+06	
30300	40.9449	2.13258	0	-1.20409e-08	-3.12387e-06	0	3.12389	3.12389e+06	
30400	40.9301	2.13218	0	-1.20409e-08	-3.12387e-06	0	3.12389	3.12389e+06	
30500	40.9134	2.1316	0	-1.20409e-08	-3.12387e-06	0	3.12389	3.12389e+06	
30600	40.9023	2.19205	0	-6.01745e-08	4.72639e-09	0	0.0603598	60359.8	
30700	40.8932	2.2052	0	-6.01745e-08	4.72639e-09	0	0.0603598	60359.8	
30800	40.8845	2.21306	0	-6.01745e-08	4.72639e-09	0	0.0603598	60359.8	
30900	40.8761	2.21872	0	-6.01745e-08	4.72639e-09	0	0.0603598	60359.8	
31000	40.8679	2.22317	0	-6.01745e-08	4.72639e-09	0	0.0603598	60359.8	
31100	40.7884	2.13404	0	-5.43232e-07	-1.85121e-06	0	1.92927	1.92927e+06	
31200	40.6949	2.12321	0	-5.43232e-07	-1.85121e-06	0	1.92927	1.92927e+06	
31300	40.5955	2.1084	0	-5.43232e-07	-1.85121e-06	0	1.92927	1.92927e+06	
31400	40.5077	2.09866	0	-5.43232e-07	-1.85121e-06	0	1.92927	1.92927e+06	
31500	40.4515	2.1006	0	-5.43232e-07	-1.85121e-06	0	1.92927	1.92927e+06	
31600	40.235	2.11841	0	-2.20813e-06	-3.22e-06	0	3.90439	3.90439e+06	
31700	39.9832	2.1327	0	-2.20813e-06	-3.22e-06	0	3.90439	3.90439e+06	
31800	39.6808	2.11122	0	-2.20813e-06	-3.22e-06	0	3.90439	3.90439e+06	
31900	39.3998	2.09491	0	-2.20813e-06	-3.22e-06	0	3.90439	3.90439e+06	
32000	39.1815	2.12389	0	-2.20813e-06	-3.22e-06	0	3.90439	3.90439e+06	
32100	38.9816	2.14396	0	-1.69333e-06	-1.83107e-06	0	2.49403	2.49403e+06	
32200	38.7586	2.13256	0	-1.69333e-06	-1.83107e-06	0	2.49403	2.49403e+06	
32300	38.5229	2.10114	0	-1.69333e-06	-1.83107e-06	0	2.49403	2.49403e+06	
32400	38.3379	2.11523	0	-1.69333e-06	-1.83107e-06	0	2.49403	2.49403e+06	
32500	38.1562	2.13698	0	-1.69333e-06	-1.83107e-06	0	2.49403	2.49403e+06	
32600	38.053	2.38438	0	-8.39101e-07	1.86663e-06	0	2.04656	2.04656e+06	
32700	37.9488	2.61626	0	-8.39101e-07	1.86663e-06	0	2.04656	2.04656e+06	
32800	37.8446	2.84814	0	-8.39101e-07	1.86663e-06	0	2.04656	2.04656e+06	
32900	37.7403	3.08002	0	-8.39101e-07	1.86663e-06	0	2.04656	2.04656e+06	
33000	37.6361	3.31189	0	-8.39101e-07	1.86663e-06	0	2.04656	2.04656e+06	
33100	37.954	3.37381	0	2.55901e-06	4.98396e-07	0	2.60709	2.60709e+06	
33200	38.2719	3.43572	0	2.55901e-06	4.98396e-07	0	2.60709	2.60709e+06	
33300	38.5898	3.49763	0	2.55901e-06	4.98396e-07	0	2.60709	2.60709e+06	
33400	38.9077	3.55955	0	2.55901e-06	4.98396e-07	0	2.60709	2.60709e+06	
33500	39.2255	3.62146	0	2.55901e-06	4.98396e-07	0	2.60709	2.60709e+06	
33600	39.4577	3.44693	0	1.86898e-06	-1.40498e-06	0	2.33817	2.33817e+06	
33700	39.6899	3.27239	0	1.86898e-06	-1.40498e-06	0	2.33817	2.33817e+06	
33800	39.9221	3.09786	0	1.86898e-06	-1.40498e-06	0	2.33817	2.33817e+06	
33900	40.1542	2.92333	0	1.86898e-06	-1.40498e-06	0	2.33817	2.33817e+06	
34000	40.3864	2.7488	0	1.86898e-06	-1.40498e-06	0	2.33817	2.33817e+06	
34100	40.4756	2.78987	0	7.17785e-07	3.30585e-07	0	0.790254	790254	
34200	40.5647	2.83093	0	7.17785e-07	3.30585e-07	0	0.790254	790254	
34300	40.6539	2.872	0	7.17785e-07	3.30585e-07	0	0.790254	790254	
34400	40.7429	2.91306	0	7.17785e-07	3.30585e-07	0	0.790254	790254	
34500	40.8212	2.95385	0	7.17785e-07	3.30585e-07	0	0.790254	790254	
34600	40.8679	2.94704	0	3.22e-06	1.09565e-08	0	3.22002	3.22002e+06	
34700	40.8682	2.93762	0	3.22e-06	1.09565e-08	0	3.22002	3.22002e+06	
34800	40.8685	2.92626	0	3.22e-06	1.09565e-08	0	3.22002	3.22002e+06	
34900	40.869	2.91257	0	3.22e-06	1.09565e-08	0	3.22002	3.22002e+06	
35000	40.8698	2.89607	0	3.22e-06	1.09565e-08	0	3.22002	3.22002e+06	
35100	40.8673	3.0088	0	3.22e-06	9.83542e-07	0	3.36686	3.36686e+06	
35200	40.8717	3.14465	0	3.22e-06	9.83542e-07	0	3.36686	3.36686e+06	
35300	40.8881	3.30649	0	3.22e-06	9.83542e-07	0	3.36686	3.36686e+06	
35400	40.9119	3.47789	0	3.22e-06	9.83542e-07	0	3.36686	3.36686e+06	
35500	40.9078	3.57417	0	3.22e-06	9.83542e-07	0	3.36686	3.36686e+06	
35600	40.8655	3.83199	0	1.92222e-06	2.36722e-06	0	3.04937	3.04937e+06	
35700	40.8593	4.12254	0	1.92222e-06	2.36722e-06	0	3.04937	3.04937e+06	
35800	40.8972	4.44236	0	1.92222e-06	2.36722e-06	0	3.04937	3.04937e+06	
35900	40.9896	4.77883	0	1.92222e-06	2.36722e-06	0	3.04937	3.04937e+06	
36000	41.1407	5.11474	0	1.92222e-06	2.36722e-06	0	3.04937	3.04937e+06	
36100	41.1059	5.36559	0	-2.26754e-07	1.98689e-06	0	1.99979	1.99979e+06	
36200	41.0778	5.61242	0	-2.26754e-07	1.98689e-06	0	1.99979	1.99979e+06	
36300	41.0496	5.85923	0	-2.26754e-07	1.98689e-06	0	1.99979	1.99979e+06	
36400	41.0214	6.10605	0	-2.26754e-07	1.98689e-06	0	1.99979	1.99979e+06	
36500	40.9933	6.35287	0	-2.26754e-07	1.98689e-06	0	1.99979	1.99979e+06	
36600	41.1367	6.38352	0	1.15496e-06	2.46711e-07	0	1.18102	1.18102e+06	
36700	41.2802	6.41417	0	1.15496e-06	2.46711e-07	0	1.18102	1.18102e+06	
36800	41.4237	6.44481	0	1.15496e-06	2.46711e-07	0	1.18102	1.18102e+06	
36900	41.5672	6.47546	0	1.15496e-06	2.46711e-07	0	1.18102	1.18102e+06	
37000	41.7106	6.50611	0	1.15496e-06	2.46711e-07	0	1.18102	1.18102e+06	
37100	41.4705	6.74515	0	-1.93282e-06	1.92428e-06	0	2.72739	2.72739e+06	
37200	41.2304	6.98419	0	-1.93282e-06	1.92428e-06	0	2.72739	2.72739e+06	
37300	40.9903	7.22323	0	-1.93282e-06	1.92428e-06	0	2.72739	2.72739e+06	
37400	40.7502	7.46227	0	-1.93282e-06	1.92428e-06	0	2.72739	2.72739e+06	
37500	40.5101	7.70131	0	-1.93282e-06	1.92428e-06	0	2.72739	2.72739e+06	
37600	40.9101	7.4342	0	3.22e-06	-2.15023e-06	0	3.87194	3.87194e+06	
37700	41.3101	7.16709	0	3.22e-06	-2.15023e-06	0	3.87194	3.87194e+06	
37800	41.7101	6.89998	0	3.22e-06	-2.15023e-06	0	3.87194	3.87194e+06	
37900	42.1101	6.63287	0	3.22e-06	-2.15023e-06	0	3.87194	3.87194e+06	
38000	42.4301	6.4385	0	3.22e-06	-2.15023e-06	0	3.87194	3.87194e+06	
38100	42.2355	6.41674	0	-1.34674e-06	-3.73187e-07	0	1.39749	1.39749e+06	
38200	42.0681	6.37046	0	-1.34674e-06	-3.73187e-07	0	1.39749	1.39749e+06	
38300	41.9008	6.3241	0	-1.34674e-06	-3.73187e-07	0	1.39749	1.39749e+06	
38400	41.7335	6.27774	0	-1.34674e-06	-3.73187e-07	0	1.39749	1.39749e+06	
38500	41.5662	6.23138	0	-1.34674e-06	-3.73187e-07	0	1.39749	1.39749e+06	
38600	41.2106	6.25573	0	-2.86214e-06	1.96032e-07	0	2.86884	2.86884e+06	
38700	40.8551	6.28008	0	-2.86214e-06	1.96032e-07	0	2.86884	2.86884e+06	
38800	40.4995	6.30444	0	-2.86214e-06	1.96032e-07	0	2.86884	2.86884e+06	
38900	40.144	6.32879	0	-2.86214e-06	1.96032e-07	0	2.86884	2.86884e+06	
39000	39.7885	6.35314	0	-2.86214e-06	1.96032e-07	0	2.86884	2.86884e+06	
39100	39.572	6.58903	0	-1.74251e-06	1.89888e-06	0	2.57723	2.57723e+06	
39200	39.3555	6.82491	0	-1.74251e-06	1.89888e-06	0	2.57723	2.57723e+06	
39300	39.1391	7.0608	0	-1.74251e-06	1.89888e-06	0	2.57723	2.57723e+06	
39400	38.9226	7.29668	0	-1.74251e-06	1.89888e-06	0	2.57723	2.57723e+06	
39500	38.7062	7.53257	0	-1.74251e-06	1.89888e-06	0	2.57723	2.57723e+06	
39600	38.7931	7.64711	0	6.99694e-07	9.22072e-07	0	1.15749	1.15749e+06	
39700	38.88	7.76165	0	6.99694e-07	9.22072e-07	0	1.15749	1.15749e+06	
39800	38.9669	7.8762	0	6.99694e-07	9.22072e-07	0	1.15749	1.15749e+06	
39900	39.0538	7.99074	0	6.99694e-07	9.22072e-07	0	1.15749	1.15749e+06	
40000	39.1407	8.10528	0	6.99694e-07	9.22072e-07	0	1.15749	1.15749e+06	
40100	39.5407	8.03076	0	3.22e-06	-5.99917e-07	0	3.27541	3.27541e+06	
40200	39.9407	7.95623	0	3.22e-06	-5.99917e-07	0	3.27541	3.27541e+06	
40300	40.3407	7.88171	0	3.22e-06	-5.99917e-07	0	3.27541	3.27541e+06	
40400	40.7407	7.80719	0	3.22e-06	-5.99917e-07	0	3.27541	3.27541e+06	
40500	41.1407	7.73266	0	3.22e-06	-5.99917e-07	0	3.27541	3.27541e+06	
40600	41.5407	8.13266	0	3.22e-06	3.22e-06	0	4.55377	4.55377e+06	
40700	41.9407	8.53266	0	3.22e-06	3.22e-06	0	4.55377	4.55377e+06	
40800	42.3407	8.93266	0	3.22e-06	3.22e-06	0	4.55377	4.55377e+06	
40900	42.7407	9.33266	0	3.22e-06	3.22e-06	0	4.55377	4.55377e+06	
41000	43.1407	9.73266	0	3.22e-06	3.22e-06	0	4.55377	4.55377e+06	
41100	43.5407	10.0328	0	3.22e-06	2.41643e-06	0	4.02586	4.02586e+06	
41200	43.9407	10.333	0	3.22e-06	2.41643e-06	0	4.02586	4.02586e+06	
41300	44.3407	10.6332	0	3.22e-06	2.41643e-06	0	4.02586	4.02586e+06	
41400	44.7407	10.9334	0	3.22e-06	2.41643e-06	0	4.02586	4.02586e+06	
41500	45.1407	11.2336	0	3.22e-06	2.41643e-06	0	4.02586	4.02586e+06	
41600	45.3522	11.532	0	1.70235e-06	2.40233e-06	0	2.94435	2.94435e+06	
41700	45.5637	11.8304	0	1.70235e-06	2.40233e-06	0	2.94435	2.94435e+06	
41800	45.7752	12.1288	0	1.70235e-06	2.40233e-06	0	2.94435	2.94435e+06	
41900	45.9866	12.4273	0	1.70235e-06	2.40233e-06	0	2.94435	2.94435e+06	
42000	46.1981	12.7257	0	1.70235e-06	2.40233e-06	0	2.94435	2.94435e+06	
42100	46.3593	12.8387	0	1.29759e-06	9.09937e-07	0	1.58484	1.58484e+06	
42200	46.5205	12.9518	0	1.29759e-06	9.09937e-07	0	1.58484	1.58484e+06	
42300	46.6817	13.0648	0	1.29759e-06	9.09937e-07	0	1.58484	1.58484e+06	
42400	46.8429	13.1778	0	1.29759e-06	9.09937e-07	0	1.58484	1.58484e+06	
42500	47.0041	13.2909	0	1.29759e-06	9.09937e-07	0	1.58484	1.58484e+06	
42600	47.4041	13.6909	0	3.22e-06	3.22e-06	0	4.55377	4.55377e+06	
42700	47.8041	14.0909	0	3.22e-06	3.22e-06	0	4.55377	4.55377e+06	
42800	48.2041	14.4909	0	3.22e-06	3.22e-06	0	4.55377	4.55377e+06	
42900	48.6041	14.8909	0	3.22e-06	3.22e-06	0	4.55377	4.55377e+06	
43000	49.0041	15.2909	0	3.22e-06	3.22e-06	0	4.55377	4.55377e+06	
43100	49.4041	15.6909	0	3.22e-06	3.22e-06	0	4.55377	4.55377e+06	
43200	49.8041	16.0909	0	3.22e-06	3.22e-06	0	4.55377	4.55377e+06	
43300	50.2041	16.4909	0	3.22e-06	3.22e-06	0	4.55377	4.55377e+06	
43400	50.6041	16.8909	0	3.22e-06	3.22e-06	0	4.55377	4.55377e+06	
43500	51.0041	17.2909	0	3.22e-06	3.22e-06	0	4.55377	4.55377e+06	
43600	51.3244	17.6909	0	2.57891e-06	3.22e-06	0	4.12543	4.12543e+06	
43700	51.6448	18.0909	0	2.57891e-06	3.22e-06	0	4.12543	4.12543e+06	
43800	51.9651	18.4909	0	2.57891e-06	3.22e-06	0	4.12543	4.12543e+06	
43900	52.2855	18.8909	0	2.57891e-06	3.22e-06	0	4.12543	4.12543e+06	
44000	52.6059	19.2909	0	2.57891e-06	3.22e-06	0	4.12543	4.12543e+06	
44100	52.8892	19.3084	0	3.22e-06	1.22545e-08	0	3.22002	3.22002e+06	
44200	52.8982	19.3681	0	3.22e-06	1.22545e-08	0	3.22002	3.22002e+06	
44300	52.9071	19.4271	0	3.22e-06	1.22545e-08	0	3.22002	3.22002e+06	
44400	52.9118	19.4686	0	3.22e-06	1.22545e-08	0	3.22002	3.22002e+06	
44500	52.9128	19.4884	0	3.22e-06	1.22545e-08	0	3.22002	3.22002e+06	
44600	52.908	19.4284	0	3.22e-06	-7.77726e-07	0	3.31259	3.31259e+06	
44700	52.9023	19.39	0	3.22e-06	-7.77726e-07	0	3.31259	3.31259e+06	
44800	52.897	19.3557	0	3.22e-06	-7.77726e-07	0	3.31259	3.31259e+06	
44900	52.8916	19.3197	0	3.22e-06	-7.77726e-07	0	3.31259	3.31259e+06	
45000	52.8859	19.2788	0	3.22e-06	-7.77726e-07	0	3.31259	3.31259e+06	
45100	52.8721	19.1347	0	3.22e-06	-1.48714e-06	0	3.54683	3.54683e+06	
45200	52.8675	18.9597	0	3.22e-06	-1.48714e-06	0	3.54683	3.54683e+06	
45300	52.8808	18.7494	0	3.22e-06	-1.48714e-06	0	3.54683	3.54683e+06	
45400	52.9233	18.5021	0	3.22e-06	-1.48714e-06	0	3.54683	3.54683e+06	
45500	53.0094	18.22	0	3.22e-06	-1.48714e-06	0	3.54683	3.54683e+06	
45600	52.9616	18.3105	0	8.94782e-07	1.19825e-06	0	1.49547	1.49547e+06	
45700	52.9286	18.4145	0	8.94782e-07	1.19825e-06	0	1.49547	1.49547e+06	
45800	52.899	18.5276	0	8.94782e-07	1.19825e-06	0	1.49547	1.49547e+06	
45900	52.8742	18.6498	0	8.94782e-07	1.19825e-06	0	1.49547	1.49547e+06	
46000	52.8554	18.7813	0	8.94782e-07	1.19825e-06	0	1.49547	1.49547e+06	
46100	52.7525	18.9222	0	-6.62668e-07	1.14962e-06	0	1.32693	1.32693e+06	
46200	52.6699	19.065	0	-6.62668e-07	1.14962e-06	0	1.32693	1.32693e+06	
46300	52.5875	19.2078	0	-6.62668e-07	1.14962e-06	0	1.32693	1.32693e+06	
46400	52.5052	19.3507	0	-6.62668e-07	1.14962e-06	0	1.32693	1.32693e+06	
46500	52.4229	19.4935	0	-6.62668e-07	1.14962e-06	0	1.32693	1.32693e+06	
46600	52.0229	19.161	0	-3.22e-06	-2.67597e-06	0	4.18679	4.18679e+06	
46700	51.6229	18.8286	0	-3.22e-06	-2.67597e-06	0	4.18679	4.18679e+06	
46800	51.2229	18.4962	0	-3.22e-06	-2.67597e-06	0	4.18679	4.18679e+06	
46900	50.8229	18.1638	0	-3.22e-06	-2.67597e-06	0	4.18679	4.18679e+06	
47000	50.4229	17.8314	0	-3.22e-06	-2.67597e-06	0	4.18679	4.18679e+06	
47100	50.1088	17.8135	0	-2.52839e-06	-1.43626e-07	0	2.53247	2.53247e+06	
47200	49.7947	17.7957	0	-2.52839e-06	-1.43626e-07	0	2.53247	2.53247e+06	
47300	49.4806	17.7778	0	-2.52839e-06	-1.43626e-07	0	2.53247	2.53247e+06	
47400	49.1666	17.76	0	-2.52839e-06	-1.43626e-07	0	2.53247	2.53247e+06	
47500	48.8525	17.7422	0	-2.52839e-06	-1.43626e-07	0	2.53247	2.53247e+06	
47600	48.4525	17.8807	0	-3.22e-06	1.11512e-06	0	3.40762	3.40762e+06	
47700	48.0525	18.0192	0	-3.22e-06	1.11512e-06	0	3.40762	3.40762e+06	
47800	47.6525	18.1577	0	-3.22e-06	1.11512e-06	0	3.40762	3.40762e+06	
47900	47.2525	18.2963	0	-3.22e-06	1.11512e-06	0	3.40762	3.40762e+06	
48000	46.8525	18.4348	0	-3.22e-06	1.11512e-06	0	3.40762	3.40762e+06	
48100	46.4525	18.4698	0	-3.22e-06	2.81468e-07	0	3.23228	3.23228e+06	
48200	46.0525	18.5047	0	-3.22e-06	2.81468e-07	0	3.23228	3.23228e+06	
48300	45.6525	18.5397	0	-3.22e-06	2.81468e-07	0	3.23228	3.23228e+06	
48400	45.2525	18.5746	0	-3.22e-06	2.81468e-07	0	3.23228	3.23228e+06	
48500	44.8525	18.6096	0	-3.22e-06	2.81468e-07	0	3.23228	3.23228e+06	
48600	44.4525	18.6509	0	-3.22e-06	3.31998e-07	0	3.23707	3.23707e+06	
48700	44.0525	18.6921	0	-3.22e-06	3.31998e-07	0	3.23707	3.23707e+06	
48800	43.6525	18.7333	0	-3.22e-06	3.31998e-07	0	3.23707	3.23707e+06	
48900	43.2525	18.7746	0	-3.22e-06	3.31998e-07	0	3.23707	3.23707e+06	
49000	42.8525	18.8158	0	-3.22e-06	3.31998e-07	0	3.23707	3.23707e+06	
49100	42.4525	18.8438	0	-3.22e-06	2.25313e-07	0	3.22787	3.22787e+06	
49200	42.0525	18.8718	0	-3.22e-06	2.25313e-07	0	3.22787	3.22787e+06	
49300	41.6525	18.8998	0	-3.22e-06	2.25313e-07	0	3.22787	3.22787e+06	
49400	41.2525	18.9278	0	-3.22e-06	2.25313e-07	0	3.22787	3.22787e+06	
49500	40.8527	18.9552	0	-3.22e-06	2.25313e-07	0	3.22787	3.22787e+06	
49600	40.4535	18.7509	0	-3.22e-06	-1.62804e-06	0	3.60817	3.60817e+06	
49700	40.0535	18.5486	0	-3.22e-06	-1.62804e-06	0	3.60817	3.60817e+06	
49800	39.6535	18.3464	0	-3.22e-06	-1.62804e-06	0	3.60817	3.60817e+06	
49900	39.2538	18.1438	0	-3.22e-06	-1.62804e-06	0	3.60817	3.60817e+06	
50000	38.8692	17.931	0	-3.22e-06	-1.62804e-06	0	3.60817	3.60817e+06	
