0	58	8	0	-2.80027e-06	2.30848e-06	0	3.62913	3.62913e+06	
100	57.9232	8.16769	0	-6.17932e-07	1.34993e-06	0	1.48463	1.48463e+06	
200	57.8465	8.33539	0	-6.17932e-07	1.34993e-06	0	1.48463	1.48463e+06	
300	57.7697	8.50308	0	-6.17932e-07	1.34993e-06	0	1.48463	1.48463e+06	
400	57.693	8.67077	0	-6.17932e-07	1.34993e-06	0	1.48463	1.48463e+06	
500	57.6162	8.83846	0	-6.17932e-07	1.34993e-06	0	1.48463	1.48463e+06	
600	57.8847	9.20405	0	2.16151e-06	2.94299e-06	0	3.65148	3.65148e+06	
700	58.1532	9.56964	0	2.16151e-06	2.94299e-06	0	3.65148	3.65148e+06	
800	58.4217	9.93523	0	2.16151e-06	2.94299e-06	0	3.65148	3.65148e+06	
900	58.6902	10.3008	0	2.16151e-06	2.94299e-06	0	3.65148	3.65148e+06	
1000	58.9587	10.6664	0	2.16151e-06	2.94299e-06	0	3.65148	3.65148e+06	
1100	59.3587	10.9227	0	3.22e-06	2.06299e-06	0	3.82418	3.82418e+06	
1200	59.7587	11.179	0	3.22e-06	2.06299e-06	0	3.82418	3.82418e+06	
1300	60.1587	11.4352	0	3.22e-06	2.06299e-06	0	3.82418	3.82418e+06	
1400	60.5587	11.6915	0	3.22e-06	2.06299e-06	0	3.82418	3.82418e+06	
1500	60.9587	11.9478	0	3.22e-06	2.06299e-06	0	3.82418	3.82418e+06	
1600	61.3587	12.1603	0	3.22e-06	1.71094e-06	0	3.64633	3.64633e+06	
1700	61.7587	12.3728	0	3.22e-06	1.71094e-06	0	3.64633	3.64633e+06	
1800	62.1587	12.5854	0	3.22e-06	1.71094e-06	0	3.64633	3.64633e+06	
1900	62.5587	12.7979	0	3.22e-06	1.71094e-06	0	3.64633	3.64633e+06	
2000	62.9587	13.0105	0	3.22e-06	1.71094e-06	0	3.64633	3.64633e+06	
2100	63.2184	13.3357	0	2.08987e-06	2.61819e-06	0	3.35	3.35e+06	
2200	63.478	13.6609	0	2.08987e-06	2.61819e-06	0	3.35	3.35e+06	
2300	63.7376	13.9862	0	2.08987e-06	2.61819e-06	0	3.35	3.35e+06	
2400	63.9972	14.3114	0	2.08987e-06	2.61819e-06	0	3.35	3.35e+06	
2500	64.2568	14.6367	0	2.08987e-06	2.61819e-06	0	3.35	3.35e+06	
2600	64.1591	14.8285	0	-7.86343e-07	1.54463e-06	0	1.73327	1.73327e+06	
2700	64.0615	15.0203	0	-7.86343e-07	1.54463e-06	0	1.73327	1.73327e+06	
2800	64.0179	15.1117	0	-7.86343e-07	1.54463e-06	0	1.73327	1.73327e+06	
2900	64.0226	15.1143	0	-7.86343e-07	1.54463e-06	0	1.73327	1.73327e+06	
3000	64.0277	15.1171	0	-7.86343e-07	1.54463e-06	0	1.73327	1.73327e+06	
3100	63.9569	15.0145	0	-7.33461e-07	-5.15622e-07	0	0.896566	896566	
3200	63.8684	14.9449	0	-7.33461e-07	-5.15622e-07	0	0.896566	896566	
3300	63.7779	14.8793	0	-7.33461e-07	-5.15622e-07	0	0.896566	896566	
3400	63.6869	14.8149	0	-7.33461e-07	-5.15622e-07	0	0.896566	896566	
3500	63.5958	14.7508	0	-7.33461e-07	-5.15622e-07	0	0.896566	896566	
3600	63.4941	14.6856	0	-8.18586e-07	-5.25106e-07	0	0.972532	972532	
3700	63.3924	14.6203	0	-8.18586e-07	-5.25106e-07	0	0.972532	972532	
3800	63.2907	14.5551	0	-8.18586e-07	-5.25106e-07	0	0.972532	972532	
3900	63.1891	14.4899	0	-8.18586e-07	-5.25106e-07	0	0.972532	972532	
4000	63.0874	14.4246	0	-8.18586e-07	-5.25106e-07	0	0.972532	972532	
4100	63.2433	14.4736	0	1.25548e-06	3.93807e-07	0	1.31579	1.31579e+06	
4200	63.3993	14.5225	0	1.25548e-06	3.93807e-07	0	1.31579	1.31579e+06	
4300	63.5552	14.5714	0	1.25548e-06	3.93807e-07	0	1.31579	1.31579e+06	
4400	63.7112	14.6203	0	1.25548e-06	3.93807e-07	0	1.31579	1.31579e+06	
4500	63.8672	14.6692	0	1.25548e-06	3.93807e-07	0	1.31579	1.31579e+06	
4600	63.9685	14.6651	0	8.16169e-07	-3.36458e-08	0	0.816862	816862	
4700	64.0699	14.6609	0	8.16169e-07	-3.36458e-08	0	0.816862	816862	
4800	64.1713	14.6567	0	8.16169e-07	-3.36458e-08	0	0.816862	816862	
4900	64.2727	14.6525	0	8.16169e-07	-3.36458e-08	0	0.816862	816862	
5000	64.3741	14.6483	0	8.16169e-07	-3.36458e-08	0	0.816862	816862	
5100	64.3554	14.5514	0	-1.50643e-07	-7.80283e-07	0	0.794692	794692	
5200	64.3367	14.4545	0	-1.50643e-07	-7.80283e-07	0	0.794692	794692	
5300	64.318	14.3575	0	-1.50643e-07	-7.80283e-07	0	0.794692	794692	
5400	64.2992	14.2606	0	-1.50643e-07	-7.80283e-07	0	0.794692	794692	
5500	64.2805	14.1637	0	-1.50643e-07	-7.80283e-07	0	0.794692	794692	
5600	64.0329	14.0294	0	-1.99366e-06	-1.08121e-06	0	2.26798	2.26798e+06	
5700	63.7852	13.8951	0	-1.99366e-06	-1.08121e-06	0	2.26798	2.26798e+06	
5800	63.5376	13.7608	0	-1.99366e-06	-1.08121e-06	0	2.26798	2.26798e+06	
5900	63.2899	13.6264	0	-1.99366e-06	-1.08121e-06	0	2.26798	2.26798e+06	
6000	63.0422	13.4921	0	-1.99366e-06	-1.08121e-06	0	2.26798	2.26798e+06	
6100	63.1439	13.5869	0	8.18693e-07	7.63097e-07	0	1.11919	1.11919e+06	
6200	63.2456	13.6817	0	8.18693e-07	7.63097e-07	0	1.11919	1.11919e+06	
6300	63.3473	13.7765	0	8.18693e-07	7.63097e-07	0	1.11919	1.11919e+06	
6400	63.449	13.8713	0	8.18693e-07	7.63097e-07	0	1.11919	1.11919e+06	
6500	63.5507	13.9661	0	8.18693e-07	7.63097e-07	0	1.11919	1.11919e+06	
6600	63.4973	13.5661	0	-4.30028e-07	-3.22e-06	0	3.24859	3.24859e+06	
6700	63.4439	13.1661	0	-4.30028e-07	-3.22e-06	0	3.24859	3.24859e+06	
6800	63.3905	12.7661	0	-4.30028e-07	-3.22e-06	0	3.24859	3.24859e+06	
6900	63.3371	12.3661	0	-4.30028e-07	-3.22e-06	0	3.24859	3.24859e+06	
7000	63.2836	11.9661	0	-4.30028e-07	-3.22e-06	0	3.24859	3.24859e+06	
7100	63.5664	11.7846	0	2.27636e-06	-1.46071e-06	0	2.70471	2.70471e+06	
7200	63.8492	11.6032	0	2.27636e-06	-1.46071e-06	0	2.70471	2.70471e+06	
7300	64.132	11.4217	0	2.27636e-06	-1.46071e-06	0	2.70471	2.70471e+06	
7400	64.4147	11.2403	0	2.27636e-06	-1.46071e-06	0	2.70471	2.70471e+06	
7500	64.6975	11.0588	0	2.27636e-06	-1.46071e-06	0	2.70471	2.70471e+06	
7600	64.7967	10.6588	0	7.98591e-07	-3.22e-06	0	3.31755	3.31755e+06	
7700	64.8959	10.2588	0	7.98591e-07	-3.22e-06	0	3.31755	3.31755e+06	
7800	64.9951	9.85883	0	7.98591e-07	-3.22e-06	0	3.31755	3.31755e+06	
7900	65.0943	9.45883	0	7.98591e-07	-3.22e-06	0	3.31755	3.31755e+06	
8000	65.1935	9.05883	0	7.98591e-07	-3.22e-06	0	3.31755	3.31755e+06	
8100	65.4185	8.65883	0	1.81082e-06	-3.22e-06	0	3.69425	3.69425e+06	
8200	65.6434	8.25883	0	1.81082e-06	-3.22e-06	0	3.69425	3.69425e+06	
8300	65.8684	7.85883	0	1.81082e-06	-3.22e-06	0	3.69425	3.69425e+06	
8400	66.0933	7.45883	0	1.81082e-06	-3.22e-06	0	3.69425	3.69425e+06	
8500	66.3183	7.05883	0	1.81082e-06	-3.22e-06	0	3.69425	3.69425e+06	
8600	66.572	6.65883	0	2.0423e-06	-3.22e-06	0	3.81305	3.81305e+06	
8700	66.8257	6.25883	0	2.0423e-06	-3.22e-06	0	3.81305	3.81305e+06	
8800	67.0794	5.85883	0	2.0423e-06	-3.22e-06	0	3.81305	3.81305e+06	
8900	67.3331	5.45883	0	2.0423e-06	-3.22e-06	0	3.81305	3.81305e+06	
9000	67.5868	5.05883	0	2.0423e-06	-3.22e-06	0	3.81305	3.81305e+06	
9100	67.9704	4.85125	0	3.08843e-06	-1.67105e-06	0	3.51152	3.51152e+06	
9200	68.3541	4.64366	0	3.08843e-06	-1.67105e-06	0	3.51152	3.51152e+06	
9300	68.7378	4.43608	0	3.08843e-06	-1.67105e-06	0	3.51152	3.51152e+06	
9400	69.1214	4.22849	0	3.08843e-06	-1.67105e-06	0	3.51152	3.51152e+06	
9500	69.5051	4.02091	0	3.08843e-06	-1.67105e-06	0	3.51152	3.51152e+06	
9600	69.8086	3.91834	0	2.44344e-06	-8.25714e-07	0	2.57919	2.57919e+06	
9700	70.1121	3.81576	0	2.44344e-06	-8.25714e-07	0	2.57919	2.57919e+06	
9800	70.4157	3.71319	0	2.44344e-06	-8.25714e-07	0	2.57919	2.57919e+06	
9900	70.7192	3.61062	0	2.44344e-06	-8.25714e-07	0	2.57919	2.57919e+06	
10000	71.0227	3.50804	0	2.44344e-06	-8.25714e-07	0	2.57919	2.57919e+06	
10100	71.3078	3.32897	0	2.29466e-06	-1.44159e-06	0	2.70991	2.70991e+06	
10200	71.5928	3.14989	0	2.29466e-06	-1.44159e-06	0	2.70991	2.70991e+06	
10300	71.8779	2.97081	0	2.29466e-06	-1.44159e-06	0	2.70991	2.70991e+06	
10400	72.1629	2.79173	0	2.29466e-06	-1.44159e-06	0	2.70991	2.70991e+06	
10500	72.448	2.61265	0	2.29466e-06	-1.44159e-06	0	2.70991	2.70991e+06	
10600	72.7974	2.21284	0	2.81284e-06	-3.22e-06	0	4.27557	4.27557e+06	
10700	73.1468	2.12881	0	2.81284e-06	-3.22e-06	0	4.27557	4.27557e+06	
10800	73.531	2.08752	0	2.81284e-06	-3.22e-06	0	4.27557	4.27557e+06	
10900	73.8227	2.12409	0	2.81284e-06	-3.22e-06	0	4.27557	4.27557e+06	
11000	73.8671	2.12958	0	2.81284e-06	-3.22e-06	0	4.27557	4.27557e+06	
11100	73.8429	2.1272	0	1.01933e-06	-3.22e-06	0	3.37749	3.37749e+06	
11200	73.8428	2.12718	0	1.01933e-06	-3.22e-06	0	3.37749	3.37749e+06	
11300	73.8428	2.12718	0	1.01933e-06	-3.22e-06	0	3.37749	3.37749e+06	
11400	73.8428	2.12718	0	1.01933e-06	-3.22e-06	0	3.37749	3.37749e+06	
11500	73.8428	2.12718	0	1.01933e-06	-3.22e-06	0	3.37749	3.37749e+06	
11600	73.867	2.15173	0	2.48035e-06	-1.18242e-06	0	2.74778	2.74778e+06	
11700	73.867	2.15177	0	2.48035e-06	-1.18242e-06	0	2.74778	2.74778e+06	
11800	73.867	2.15177	0	2.48035e-06	-1.18242e-06	0	2.74778	2.74778e+06	
11900	73.867	2.15177	0	2.48035e-06	-1.18242e-06	0	2.74778	2.74778e+06	
12000	73.867	2.15177	0	2.48035e-06	-1.18242e-06	0	2.74778	2.74778e+06	
12100	73.8637	2.1604	0	2.02938e-06	-7.95002e-07	0	2.17955	2.17955e+06	
12200	73.8637	2.16053	0	2.02938e-06	-7.95002e-07	0	2.17955	2.17955e+06	
12300	73.8637	2.16054	0	2.02938e-06	-7.95002e-07	0	2.17955	2.17955e+06	
12400	73.8637	2.16054	0	2.02938e-06	-7.95002e-07	0	2.17955	2.17955e+06	
12500	73.8637	2.16054	0	2.02938e-06	-7.95002e-07	0	2.17955	2.17955e+06	
12600	73.8587	2.13325	0	1.87135e-06	-2.58679e-06	0	3.19271	3.19271e+06	
12700	73.8587	2.13325	0	1.87135e-06	-2.58679e-06	0	3.19271	3.19271e+06	
12800	73.8587	2.13325	0	1.87135e-06	-2.58679e-06	0	3.19271	3.19271e+06	
12900	73.8587	2.13325	0	1.87135e-06	-2.58679e-06	0	3.19271	3.19271e+06	
13000	73.8587	2.13325	0	1.87135e-06	-2.58679e-06	0	3.19271	3.19271e+06	
13100	73.8409	2.12701	0	9.44829e-07	-3.22e-06	0	3.35576	3.35576e+06	
13200	73.8407	2.12699	0	9.44829e-07	-3.22e-06	0	3.35576	3.35576e+06	
13300	73.8407	2.12699	0	9.44829e-07	-3.22e-06	0	3.35576	3.35576e+06	
13400	73.8407	2.12699	0	9.44829e-07	-3.22e-06	0	3.35576	3.35576e+06	
13500	73.8407	2.12699	0	9.44829e-07	-3.22e-06	0	3.35576	3.35576e+06	
13600	73.729	2.11607	0	-4.71243e-07	-3.22e-06	0	3.2543	3.2543e+06	
13700	73.6151	2.09967	0	-4.71243e-07	-3.22e-06	0	3.2543	3.2543e+06	
13800	73.5149	2.08741	0	-4.71243e-07	-3.22e-06	0	3.2543	3.2543e+06	
13900	73.4674	2.08811	0	-4.71243e-07	-3.22e-06	0	3.2543	3.2543e+06	
14000	73.4461	2.0901	0	-4.71243e-07	-3.22e-06	0	3.2543	3.2543e+06	
14100	73.3492	2.10355	0	-1.25866e-06	-3.22e-06	0	3.45726	3.45726e+06	
14200	73.2496	2.11737	0	-1.25866e-06	-3.22e-06	0	3.45726	3.45726e+06	
14300	73.1303	2.12831	0	-1.25866e-06	-3.22e-06	0	3.45726	3.45726e+06	
14400	72.9856	2.13272	0	-1.25866e-06	-3.22e-06	0	3.45726	3.45726e+06	
14500	72.8113	2.12513	0	-1.25866e-06	-3.22e-06	0	3.45726	3.45726e+06	
14600	72.3964	2.09716	0	-3.22e-06	-2.79441e-06	0	4.26347	4.26347e+06	
14700	72.0355	2.1347	0	-3.22e-06	-2.79441e-06	0	4.26347	4.26347e+06	
14800	71.6123	2.10557	0	-3.22e-06	-2.79441e-06	0	4.26347	4.26347e+06	
14900	71.2402	2.11961	0	-3.22e-06	-2.79441e-06	0	4.26347	4.26347e+06	
15000	70.8501	2.13177	0	-3.22e-06	-2.79441e-06	0	4.26347	4.26347e+06	
15100	70.5042	2.17689	0	-2.75242e-06	2.40045e-08	0	2.75252	2.75252e+06	
15200	70.1634	2.19005	0	-2.75242e-06	2.40045e-08	0	2.75252	2.75252e+06	
15300	69.8216	2.20644	0	-2.75242e-06	2.40045e-08	0	2.75252	2.75252e+06	
15400	69.4794	2.21223	0	-2.75242e-06	2.40045e-08	0	2.75252	2.75252e+06	
15500	69.1378	2.21768	0	-2.75242e-06	2.40045e-08	0	2.75252	2.75252e+06	
15600	68.8863	2.13738	0	-2.01136e-06	-2.28775e-06	0	3.04621	3.04621e+06	
15700	68.6082	2.10804	0	-2.01136e-06	-2.28775e-06	0	3.04621	3.04621e+06	
15800	68.3691	2.10602	0	-2.01136e-06	-2.28775e-06	0	3.04621	3.04621e+06	
15900	68.1569	2.13252	0	-2.01136e-06	-2.28775e-06	0	3.04621	3.04621e+06	
16000	67.9126	2.13839	0	-2.01136e-06	-2.28775e-06	0	3.04621	3.04621e+06	
16100	67.6131	2.11092	0	-2.21461e-06	-2.1201e-06	0	3.06583	3.06583e+06	
16200	67.3501	2.11006	0	-2.21461e-06	-2.1201e-06	0	3.06583	3.06583e+06	
16300	67.1062	2.13733	0	-2.21461e-06	-2.1201e-06	0	3.06583	3.06583e+06	
16400	66.8279	2.13575	0	-2.21461e-06	-2.1201e-06	0	3.06583	3.06583e+06	
16500	66.5252	2.09869	0	-2.21461e-06	-2.1201e-06	0	3.06583	3.06583e+06	
16600	66.3041	2.12713	0	-1.92664e-06	-1.19652e-06	0	2.26795	2.26795e+06	
16700	66.0804	2.14951	0	-1.92664e-06	-1.19652e-06	0	2.26795	2.26795e+06	
16800	65.8387	2.14853	0	-1.92664e-06	-1.19652e-06	0	2.26795	2.26795e+06	
16900	65.5846	2.1203	0	-1.92664e-06	-1.19652e-06	0	2.26795	2.26795e+06	
17000	65.3544	2.11963	0	-1.92664e-06	-1.19652e-06	0	2.26795	2.26795e+06	
17100	65.237	2.12809	0	-1.21994e-06	-1.98362e-06	0	2.32873	2.32873e+06	
17200	65.1064	2.13916	0	-1.21994e-06	-1.98362e-06	0	2.32873	2.32873e+06	
17300	64.9589	2.14221	0	-1.21994e-06	-1.98362e-06	0	2.32873	2.32873e+06	
17400	64.794	2.13375	0	-1.21994e-06	-1.98362e-06	0	2.32873	2.32873e+06	
17500	64.6132	2.1108	0	-1.21994e-06	-1.98362e-06	0	2.32873	2.32873e+06	
17600	64.3684	2.28452	0	-1.95357e-06	1.26731e-06	0	2.32863	2.32863e+06	
17700	64.1257	2.44196	0	-1.95357e-06	1.26731e-06	0	2.32863	2.32863e+06	
17800	63.883	2.59939	0	-1.95357e-06	1.26731e-06	0	2.32863	2.32863e+06	
17900	63.6403	2.75682	0	-1.95357e-06	1.26731e-06	0	2.32863	2.32863e+06	
18000	63.3977	2.91425	0	-1.95357e-06	1.26731e-06	0	2.32863	2.32863e+06	
18100	62.9977	2.84432	0	-3.22e-06	-5.62907e-07	0	3.26883	3.26883e+06	
18200	62.5977	2.7744	0	-3.22e-06	-5.62907e-07	0	3.26883	3.26883e+06	
18300	62.1977	2.70447	0	-3.22e-06	-5.62907e-07	0	3.26883	3.26883e+06	
18400	61.7977	2.63454	0	-3.22e-06	-5.62907e-07	0	3.26883	3.26883e+06	
18500	61.3977	2.56462	0	-3.22e-06	-5.62907e-07	0	3.26883	3.26883e+06	
18600	60.9977	2.7295	0	-3.22e-06	1.32728e-06	0	3.48282	3.48282e+06	
18700	60.5977	2.89438	0	-3.22e-06	1.32728e-06	0	3.48282	3.48282e+06	
18800	60.1977	3.05926	0	-3.22e-06	1.32728e-06	0	3.48282	3.48282e+06	
18900	59.7977	3.22414	0	-3.22e-06	1.32728e-06	0	3.48282	3.48282e+06	
19000	59.3977	3.38901	0	-3.22e-06	1.32728e-06	0	3.48282	3.48282e+06	
19100	58.9977	3.72897	0	-3.22e-06	2.73661e-06	0	4.22581	4.22581e+06	
19200	58.5977	4.06892	0	-3.22e-06	2.73661e-06	0	4.22581	4.22581e+06	
19300	58.1977	4.40887	0	-3.22e-06	2.73661e-06	0	4.22581	4.22581e+06	
19400	57.7977	4.74882	0	-3.22e-06	2.73661e-06	0	4.22581	4.22581e+06	
19500	57.3977	5.08877	0	-3.22e-06	2.73661e-06	0	4.22581	4.22581e+06	
19600	56.9977	5.36205	0	-3.22e-06	2.19985e-06	0	3.89971	3.89971e+06	
19700	56.5977	5.63532	0	-3.22e-06	2.19985e-06	0	3.89971	3.89971e+06	
19800	56.1977	5.90859	0	-3.22e-06	2.19985e-06	0	3.89971	3.89971e+06	
19900	55.7977	6.18187	0	-3.22e-06	2.19985e-06	0	3.89971	3.89971e+06	
20000	55.3977	6.45514	0	-3.22e-06	2.19985e-06	0	3.89971	3.89971e+06	
20100	55.1891	6.71066	0	-1.6788e-06	2.05692e-06	0	2.65505	2.65505e+06	
20200	54.9806	6.96618	0	-1.6788e-06	2.05692e-06	0	2.65505	2.65505e+06	
20300	54.772	7.22169	0	-1.6788e-06	2.05692e-06	0	2.65505	2.65505e+06	
20400	54.5635	7.47721	0	-1.6788e-06	2.05692e-06	0	2.65505	2.65505e+06	
20500	54.3549	7.73273	0	-1.6788e-06	2.05692e-06	0	2.65505	2.65505e+06	
20600	53.9549	7.91467	0	-3.22e-06	1.46462e-06	0	3.53745	3.53745e+06	
20700	53.5549	8.09661	0	-3.22e-06	1.46462e-06	0	3.53745	3.53745e+06	
20800	53.1549	8.27855	0	-3.22e-06	1.46462e-06	0	3.53745	3.53745e+06	
20900	52.7549	8.46051	0	-3.22e-06	1.46462e-06	0	3.53745	3.53745e+06	
21000	52.3757	8.66559	0	-3.22e-06	1.46462e-06	0	3.53745	3.53745e+06	
21100	52.578	8.6463	0	1.55544e-06	-2.41599e-07	0	1.57409	1.57409e+06	
21200	52.7713	8.61632	0	1.55544e-06	-2.41599e-07	0	1.57409	1.57409e+06	
21300	52.9645	8.58631	0	1.55544e-06	-2.41599e-07	0	1.57409	1.57409e+06	
21400	53.1577	8.5563	0	1.55544e-06	-2.41599e-07	0	1.57409	1.57409e+06	
21500	53.3509	8.52628	0	1.55544e-06	-2.41599e-07	0	1.57409	1.57409e+06	
21600	53.2772	8.58697	0	-5.93763e-07	4.88556e-07	0	0.768922	768922	
21700	53.2034	8.64766	0	-5.93763e-07	4.88556e-07	0	0.768922	768922	
21800	53.1296	8.70835	0	-5.93763e-07	4.88556e-07	0	0.768922	768922	
21900	53.0559	8.76904	0	-5.93763e-07	4.88556e-07	0	0.768922	768922	
22000	52.9821	8.82973	0	-5.93763e-07	4.88556e-07	0	0.768922	768922	
22100	52.6423	8.9441	0	-2.7352e-06	9.20678e-07	0	2.886	2.886e+06	
22200	52.3026	9.05847	0	-2.7352e-06	9.20678e-07	0	2.886	2.886e+06	
22300	51.9628	9.17284	0	-2.7352e-06	9.20678e-07	0	2.886	2.886e+06	
22400	51.623	9.28722	0	-2.7352e-06	9.20678e-07	0	2.886	2.886e+06	
22500	51.2832	9.40159	0	-2.7352e-06	9.20678e-07	0	2.886	2.886e+06	
22600	51.4811	9.70914	0	1.5926e-06	2.4758e-06	0	2.9438	2.9438e+06	
22700	51.6789	10.0167	0	1.5926e-06	2.4758e-06	0	2.9438	2.9438e+06	
22800	51.8768	10.3242	0	1.5926e-06	2.4758e-06	0	2.9438	2.9438e+06	
22900	52.0746	10.6318	0	1.5926e-06	2.4758e-06	0	2.9438	2.9438e+06	
23000	52.2724	10.9394	0	1.5926e-06	2.4758e-06	0	2.9438	2.9438e+06	
23100	52.3721	11.3394	0	8.02054e-07	3.22e-06	0	3.31839	3.31839e+06	
23200	52.4717	11.7394	0	8.02054e-07	3.22e-06	0	3.31839	3.31839e+06	
23300	52.5713	12.1394	0	8.02054e-07	3.22e-06	0	3.31839	3.31839e+06	
23400	52.671	12.5394	0	8.02054e-07	3.22e-06	0	3.31839	3.31839e+06	
23500	52.7706	12.9394	0	8.02054e-07	3.22e-06	0	3.31839	3.31839e+06	
23600	52.4538	13.3394	0	-2.55023e-06	3.22e-06	0	4.10756	4.10756e+06	
23700	52.137	13.7394	0	-2.55023e-06	3.22e-06	0	4.10756	4.10756e+06	
23800	51.8202	14.1394	0	-2.55023e-06	3.22e-06	0	4.10756	4.10756e+06	
23900	51.5034	14.5394	0	-2.55023e-06	3.22e-06	0	4.10756	4.10756e+06	
24000	51.1866	14.9394	0	-2.55023e-06	3.22e-06	0	4.10756	4.10756e+06	
24100	50.7866	15.2828	0	-3.22e-06	2.76513e-06	0	4.24433	4.24433e+06	
24200	50.3866	15.6263	0	-3.22e-06	2.76513e-06	0	4.24433	4.24433e+06	
24300	49.9866	15.9698	0	-3.22e-06	2.76513e-06	0	4.24433	4.24433e+06	
24400	49.5866	16.3133	0	-3.22e-06	2.76513e-06	0	4.24433	4.24433e+06	
24500	49.1866	16.6568	0	-3.22e-06	2.76513e-06	0	4.24433	4.24433e+06	
24600	48.8865	16.8241	0	-2.41603e-06	1.3467e-06	0	2.76601	2.76601e+06	
24700	48.5863	16.9914	0	-2.41603e-06	1.3467e-06	0	2.76601	2.76601e+06	
24800	48.2862	17.1587	0	-2.41603e-06	1.3467e-06	0	2.76601	2.76601e+06	
24900	47.9861	17.326	0	-2.41603e-06	1.3467e-06	0	2.76601	2.76601e+06	
25000	47.686	17.4933	0	-2.41603e-06	1.3467e-06	0	2.76601	2.76601e+06	
25100	47.47	17.568	0	-1.73823e-06	6.01244e-07	0	1.83928	1.83928e+06	
25200	47.2541	17.6427	0	-1.73823e-06	6.01244e-07	0	1.83928	1.83928e+06	
25300	47.0382	17.7174	0	-1.73823e-06	6.01244e-07	0	1.83928	1.83928e+06	
25400	46.8222	17.792	0	-1.73823e-06	6.01244e-07	0	1.83928	1.83928e+06	
25500	46.6063	17.8667	0	-1.73823e-06	6.01244e-07	0	1.83928	1.83928e+06	
25600	46.6703	17.8482	0	5.14886e-07	-1.49254e-07	0	0.536082	536082	
25700	46.7342	17.8296	0	5.14886e-07	-1.49254e-07	0	0.536082	536082	
25800	46.7982	17.8111	0	5.14886e-07	-1.49254e-07	0	0.536082	536082	
25900	46.8622	17.7926	0	5.14886e-07	-1.49254e-07	0	0.536082	536082	
26000	46.9261	17.774	0	5.14886e-07	-1.49254e-07	0	0.536082	536082	
26100	47.0991	17.6743	0	1.39239e-06	-8.02946e-07	0	1.60732	1.60732e+06	
26200	47.2721	17.5745	0	1.39239e-06	-8.02946e-07	0	1.60732	1.60732e+06	
26300	47.445	17.4748	0	1.39239e-06	-8.02946e-07	0	1.60732	1.60732e+06	
26400	47.618	17.375	0	1.39239e-06	-8.02946e-07	0	1.60732	1.60732e+06	
26500	47.791	17.2753	0	1.39239e-06	-8.02946e-07	0	1.60732	1.60732e+06	
26600	47.6617	16.9195	0	-1.04027e-06	-2.86452e-06	0	3.04756	3.04756e+06	
26700	47.5325	16.5636	0	-1.04027e-06	-2.86452e-06	0	3.04756	3.04756e+06	
26800	47.4033	16.2078	0	-1.04027e-06	-2.86452e-06	0	3.04756	3.04756e+06	
26900	47.2741	15.8519	0	-1.04027e-06	-2.86452e-06	0	3.04756	3.04756e+06	
27000	47.1448	15.4961	0	-1.04027e-06	-2.86452e-06	0	3.04756	3.04756e+06	
27100	47.0162	15.0961	0	-1.03527e-06	-3.22e-06	0	3.38233	3.38233e+06	
27200	46.8876	14.6961	0	-1.03527e-06	-3.22e-06	0	3.38233	3.38233e+06	
27300	46.759	14.2961	0	-1.03527e-06	-3.22e-06	0	3.38233	3.38233e+06	
27400	46.6304	13.8961	0	-1.03527e-06	-3.22e-06	0	3.38233	3.38233e+06	
27500	46.5018	13.4961	0	-1.03527e-06	-3.22e-06	0	3.38233	3.38233e+06	
27600	46.4951	13.1708	0	-5.36919e-08	-2.6189e-06	0	2.61945	2.61945e+06	
27700	46.4885	12.8454	0	-5.36919e-08	-2.6189e-06	0	2.61945	2.61945e+06	
27800	46.4818	12.5201	0	-5.36919e-08	-2.6189e-06	0	2.61945	2.61945e+06	
27900	46.4751	12.1948	0	-5.36919e-08	-2.6189e-06	0	2.61945	2.61945e+06	
28000	46.4685	11.8695	0	-5.36919e-08	-2.6189e-06	0	2.61945	2.61945e+06	
28100	46.6128	11.7034	0	1.16171e-06	-1.33706e-06	0	1.77124	1.77124e+06	
28200	46.7571	11.5373	0	1.16171e-06	-1.33706e-06	0	1.77124	1.77124e+06	
28300	46.9014	11.3712	0	1.16171e-06	-1.33706e-06	0	1.77124	1.77124e+06	
28400	47.0457	11.2051	0	1.16171e-06	-1.33706e-06	0	1.77124	1.77124e+06	
28500	47.19	11.039	0	1.16171e-06	-1.33706e-06	0	1.77124	1.77124e+06	
28600	47.4647	11.0572	0	2.21083e-06	1.46744e-07	0	2.2157	2.2157e+06	
28700	47.7393	11.0754	0	2.21083e-06	1.46744e-07	0	2.2157	2.2157e+06	
28800	48.0139	11.0937	0	2.21083e-06	1.46744e-07	0	2.2157	2.2157e+06	
28900	48.2886	11.1119	0	2.21083e-06	1.46744e-07	0	2.2157	2.2157e+06	
29000	48.5632	11.1301	0	2.21083e-06	1.46744e-07	0	2.2157	2.2157e+06	
29100	48.8384	10.954	0	2.21562e-06	-1.41806e-06	0	2.63057	2.63057e+06	
29200	49.1137	10.7778	0	2.21562e-06	-1.41806e-06	0	2.63057	2.63057e+06	
29300	49.3889	10.6017	0	2.21562e-06	-1.41806e-06	0	2.63057	2.63057e+06	
29400	49.6641	10.4255	0	2.21562e-06	-1.41806e-06	0	2.63057	2.63057e+06	
29500	49.9394	10.2493	0	2.21562e-06	-1.41806e-06	0	2.63057	2.63057e+06	
29600	50.2481	10.1337	0	2.48563e-06	-9.30633e-07	0	2.65414	2.65414e+06	
29700	50.5569	10.0181	0	2.48563e-06	-9.30633e-07	0	2.65414	2.65414e+06	
29800	50.8657	9.90252	0	2.48563e-06	-9.30633e-07	0	2.65414	2.65414e+06	
29900	51.1745	9.78692	0	2.48563e-06	-9.30633e-07	0	2.65414	2.65414e+06	
30000	51.4832	9.67131	0	2.48563e-06	-9.30633e-07	0	2.65414	2.65414e+06	
30100	51.8832	9.69523	0	3.22e-06	1.92579e-07	0	3.22575	3.22575e+06	
30200	52.2832	9.71916	0	3.22e-06	1.92579e-07	0	3.22575	3.22575e+06	
30300	52.6832	9.74308	0	3.22e-06	1.92579e-07	0	3.22575	3.22575e+06	
30400	53.0832	9.767	0	3.22e-06	1.92579e-07	0	3.22575	3.22575e+06	
30500	53.4832	9.79092	0	3.22e-06	1.92579e-07	0	3.22575	3.22575e+06	
30600	53.8832	9.70446	0	3.22e-06	-6.96031e-07	0	3.29437	3.29437e+06	
30700	54.2832	9.618	0	3.22e-06	-6.96031e-07	0	3.29437	3.29437e+06	
30800	54.6832	9.53153	0	3.22e-06	-6.96031e-07	0	3.29437	3.29437e+06	
30900	55.0832	9.44507	0	3.22e-06	-6.96031e-07	0	3.29437	3.29437e+06	
31000	55.4832	9.35861	0	3.22e-06	-6.96031e-07	0	3.29437	3.29437e+06	
31100	55.8832	9.3165	0	3.22e-06	-3.39003e-07	0	3.2378	3.2378e+06	
31200	56.2832	9.27438	0	3.22e-06	-3.39003e-07	0	3.2378	3.2378e+06	
31300	56.6832	9.23227	0	3.22e-06	-3.39003e-07	0	3.2378	3.2378e+06	
31400	57.0832	9.19016	0	3.22e-06	-3.39003e-07	0	3.2378	3.2378e+06	
31500	57.4832	9.14805	0	3.22e-06	-3.39003e-07	0	3.2378	3.2378e+06	
31600	57.8832	8.93489	0	3.22e-06	-1.71587e-06	0	3.64865	3.64865e+06	
31700	58.2832	8.72174	0	3.22e-06	-1.71587e-06	0	3.64865	3.64865e+06	
31800	58.6832	8.50859	0	3.22e-06	-1.71587e-06	0	3.64865	3.64865e+06	
31900	59.0832	8.29544	0	3.22e-06	-1.71587e-06	0	3.64865	3.64865e+06	
32000	59.4832	8.08229	0	3.22e-06	-1.71587e-06	0	3.64865	3.64865e+06	
32100	59.8832	8.02304	0	3.22e-06	-4.76936e-07	0	3.25513	3.25513e+06	
32200	60.2832	7.96379	0	3.22e-06	-4.76936e-07	0	3.25513	3.25513e+06	
32300	60.6832	7.90455	0	3.22e-06	-4.76936e-07	0	3.25513	3.25513e+06	
32400	61.0832	7.8453	0	3.22e-06	-4.76936e-07	0	3.25513	3.25513e+06	
32500	61.4832	7.78605	0	3.22e-06	-4.76936e-07	0	3.25513	3.25513e+06	
32600	61.8832	7.622	0	3.22e-06	-1.32066e-06	0	3.48031	3.48031e+06	
32700	62.2832	7.45794	0	3.22e-06	-1.32066e-06	0	3.48031	3.48031e+06	
32800	62.6832	7.29388	0	3.22e-06	-1.32066e-06	0	3.48031	3.48031e+06	
32900	63.0832	7.12982	0	3.22e-06	-1.32066e-06	0	3.48031	3.48031e+06	
33000	63.4832	6.96577	0	3.22e-06	-1.32066e-06	0	3.48031	3.48031e+06	
33100	63.8832	6.79628	0	3.22e-06	-1.36435e-06	0	3.49712	3.49712e+06	
33200	64.2832	6.6268	0	3.22e-06	-1.36435e-06	0	3.49712	3.49712e+06	
33300	64.6832	6.45731	0	3.22e-06	-1.36435e-06	0	3.49712	3.49712e+06	
33400	65.0832	6.28783	0	3.22e-06	-1.36435e-06	0	3.49712	3.49712e+06	
33500	65.4832	6.11834	0	3.22e-06	-1.36435e-06	0	3.49712	3.49712e+06	
33600	65.8832	5.94511	0	3.22e-06	-1.39452e-06	0	3.509	3.509e+06	
33700	66.2832	5.77188	0	3.22e-06	-1.39452e-06	0	3.509	3.509e+06	
33800	66.6832	5.59865	0	3.22e-06	-1.39452e-06	0	3.509	3.509e+06	
33900	67.0832	5.42541	0	3.22e-06	-1.39452e-06	0	3.509	3.509e+06	
34000	67.4832	5.25218	0	3.22e-06	-1.39452e-06	0	3.509	3.509e+06	
34100	67.8832	4.9566	0	3.22e-06	-2.37944e-06	0	4.00376	4.00376e+06	
34200	68.2832	4.66102	0	3.22e-06	-2.37944e-06	0	4.00376	4.00376e+06	
34300	68.6832	4.36544	0	3.22e-06	-2.37944e-06	0	4.00376	4.00376e+06	
34400	69.0832	4.06985	0	3.22e-06	-2.37944e-06	0	4.00376	4.00376e+06	
34500	69.4832	3.77427	0	3.22e-06	-2.37944e-06	0	4.00376	4.00376e+06	
34600	69.6471	3.61609	0	1.31867e-06	-1.27338e-06	0	1.83314	1.83314e+06	
34700	69.8109	3.4579	0	1.31867e-06	-1.27338e-06	0	1.83314	1.83314e+06	
34800	69.9747	3.29972	0	1.31867e-06	-1.27338e-06	0	1.83314	1.83314e+06	
34900	70.1385	3.14154	0	1.31867e-06	-1.27338e-06	0	1.83314	1.83314e+06	
35000	70.3023	2.98335	0	1.31867e-06	-1.27338e-06	0	1.83314	1.83314e+06	
35100	70.6898	2.58335	0	3.11964e-06	-3.22e-06	0	4.48336	4.48336e+06	
35200	71.0774	2.18469	0	3.11964e-06	-3.22e-06	0	4.48336	4.48336e+06	
35300	71.498	2.08804	0	3.11964e-06	-3.22e-06	0	4.48336	4.48336e+06	
35400	71.834	2.12477	0	3.11964e-06	-3.22e-06	0	4.48336	4.48336e+06	
35500	72.2245	2.12297	0	3.11964e-06	-3.22e-06	0	4.48336	4.48336e+06	
35600	72.3458	2.12824	0	8.25759e-07	-1.15514e-06	0	1.41994	1.41994e+06	
35700	72.4652	2.11121	0	8.25759e-07	-1.15514e-06	0	1.41994	1.41994e+06	
35800	72.5628	2.11099	0	8.25759e-07	-1.15514e-06	0	1.41994	1.41994e+06	
35900	72.6432	2.12227	0	8.25759e-07	-1.15514e-06	0	1.41994	1.41994e+06	
36000	72.7238	2.13393	0	8.25759e-07	-1.15514e-06	0	1.41994	1.41994e+06	
36100	72.5766	2.09546	0	-7.89329e-07	-3.02624e-06	0	3.12748	3.12748e+06	
36200	72.4677	2.08921	0	-7.89329e-07	-3.02624e-06	0	3.12748	3.12748e+06	
36300	72.4136	2.09532	0	-7.89329e-07	-3.02624e-06	0	3.12748	3.12748e+06	
36400	72.3729	2.10153	0	-7.89329e-07	-3.02624e-06	0	3.12748	3.12748e+06	
36500	72.333	2.10767	0	-7.89329e-07	-3.02624e-06	0	3.12748	3.12748e+06	
36600	72.2126	2.1242	0	-1.33903e-06	-2.7855e-06	0	3.09063	3.09063e+06	
36700	72.0703	2.13415	0	-1.33903e-06	-2.7855e-06	0	3.09063	3.09063e+06	
36800	71.9023	2.13382	0	-1.33903e-06	-2.7855e-06	0	3.09063	3.09063e+06	
36900	71.7066	2.11702	0	-1.33903e-06	-2.7855e-06	0	3.09063	3.09063e+06	
37000	71.5022	2.09027	0	-1.33903e-06	-2.7855e-06	0	3.09063	3.09063e+06	
37100	71.1383	2.13367	0	-3.22e-06	-2.22266e-06	0	3.91262	3.91262e+06	
37200	70.7321	2.12699	0	-3.22e-06	-2.22266e-06	0	3.91262	3.91262e+06	
37300	70.3344	2.11046	0	-3.22e-06	-2.22266e-06	0	3.91262	3.91262e+06	
37400	69.9567	2.13994	0	-3.22e-06	-2.22266e-06	0	3.91262	3.91262e+06	
37500	69.5337	2.09999	0	-3.22e-06	-2.22266e-06	0	3.91262	3.91262e+06	
37600	69.1711	2.12872	0	-3.22e-06	-2.51843e-06	0	4.08789	4.08789e+06	
37700	68.7689	2.12785	0	-3.22e-06	-2.51843e-06	0	4.08789	4.08789e+06	
37800	68.3639	2.10383	0	-3.22e-06	-2.51843e-06	0	4.08789	4.08789e+06	
37900	67.9941	2.13745	0	-3.22e-06	-2.51843e-06	0	4.08789	4.08789e+06	
38000	67.5696	2.10171	0	-3.22e-06	-2.51843e-06	0	4.08789	4.08789e+06	
38100	67.2988	2.11265	0	-2.43739e-06	-2.78477e-06	0	3.70078	3.70078e+06	
38200	67.0251	2.13517	0	-2.43739e-06	-2.78477e-06	0	3.70078	3.70078e+06	
38300	66.703	2.11762	0	-2.43739e-06	-2.78477e-06	0	3.70078	3.70078e+06	
38400	66.3932	2.09836	0	-2.43739e-06	-2.78477e-06	0	3.70078	3.70078e+06	
38500	66.1361	2.13016	0	-2.43739e-06	-2.78477e-06	0	3.70078	3.70078e+06	
38600	65.7294	2.12543	0	-3.22e-06	-2.34648e-06	0	3.98426	3.98426e+06	
38700	65.3322	2.10989	0	-3.22e-06	-2.34648e-06	0	3.98426	3.98426e+06	
38800	64.9554	2.13885	0	-3.22e-06	-2.34648e-06	0	3.98426	3.98426e+06	
38900	64.5308	2.09828	0	-3.22e-06	-2.34648e-06	0	3.98426	3.98426e+06	
39000	64.1661	2.13042	0	-3.22e-06	-2.34648e-06	0	3.98426	3.98426e+06	
39100	63.9766	2.21745	0	-1.54676e-06	3.43095e-07	0	1.58436	1.58436e+06	
39200	63.7844	2.26214	0	-1.54676e-06	3.43095e-07	0	1.58436	1.58436e+06	
39300	63.5922	2.30487	0	-1.54676e-06	3.43095e-07	0	1.58436	1.58436e+06	
39400	63.4001	2.3475	0	-1.54676e-06	3.43095e-07	0	1.58436	1.58436e+06	
39500	63.2079	2.39012	0	-1.54676e-06	3.43095e-07	0	1.58436	1.58436e+06	
39600	63.3564	2.66891	0	1.19527e-06	2.24429e-06	0	2.54273	2.54273e+06	
39700	63.5049	2.94771	0	1.19527e-06	2.24429e-06	0	2.54273	2.54273e+06	
39800	63.6534	3.2265	0	1.19527e-06	2.24429e-06	0	2.54273	2.54273e+06	
39900	63.8019	3.50529	0	1.19527e-06	2.24429e-06	0	2.54273	2.54273e+06	
40000	63.9503	3.78409	0	1.19527e-06	2.24429e-06	0	2.54273	2.54273e+06	
40100	63.7916	4.03609	0	-1.27775e-06	2.0286e-06	0	2.39748	2.39748e+06	
40200	63.6329	4.28809	0	-1.27775e-06	2.0286e-06	0	2.39748	2.39748e+06	
40300	63.4742	4.54009	0	-1.27775e-06	2.0286e-06	0	2.39748	2.39748e+06	
40400	63.3154	4.79209	0	-1.27775e-06	2.0286e-06	0	2.39748	2.39748e+06	
40500	63.1567	5.04409	0	-1.27775e-06	2.0286e-06	0	2.39748	2.39748e+06	
40600	62.9101	5.26057	0	-1.98507e-06	1.74263e-06	0	2.64146	2.64146e+06	
40700	62.6635	5.47704	0	-1.98507e-06	1.74263e-06	0	2.64146	2.64146e+06	
40800	62.4169	5.69352	0	-1.98507e-06	1.74263e-06	0	2.64146	2.64146e+06	
40900	62.1703	5.91	0	-1.98507e-06	1.74263e-06	0	2.64146	2.64146e+06	
41000	61.9237	6.12647	0	-1.98507e-06	1.74263e-06	0	2.64146	2.64146e+06	
41100	61.7657	6.34814	0	-1.27228e-06	1.78441e-06	0	2.19153	2.19153e+06	
41200	61.6076	6.5698	0	-1.27228e-06	1.78441e-06	0	2.19153	2.19153e+06	
41300	61.4496	6.79147	0	-1.27228e-06	1.78441e-06	0	2.19153	2.19153e+06	
41400	61.2916	7.01313	0	-1.27228e-06	1.78441e-06	0	2.19153	2.19153e+06	
41500	61.1335	7.2348	0	-1.27228e-06	1.78441e-06	0	2.19153	2.19153e+06	
41600	61.0155	7.33179	0	-9.49615e-07	7.80781e-07	0	1.22938	1.22938e+06	
41700	60.8976	7.42878	0	-9.49615e-07	7.80781e-07	0	1.22938	1.22938e+06	
41800	60.7796	7.52577	0	-9.49615e-07	7.80781e-07	0	1.22938	1.22938e+06	
41900	60.6616	7.62277	0	-9.49615e-07	7.80781e-07	0	1.22938	1.22938e+06	
42000	60.5437	7.71976	0	-9.49615e-07	7.80781e-07	0	1.22938	1.22938e+06	
42100	60.4621	7.61746	0	-6.56961e-07	-8.23458e-07	0	1.05341	1.05341e+06	
42200	60.3805	7.51517	0	-6.56961e-07	-8.23458e-07	0	1.05341	1.05341e+06	
42300	60.2989	7.41288	0	-6.56961e-07	-8.23458e-07	0	1.05341	1.05341e+06	
42400	60.2172	7.31058	0	-6.56961e-07	-8.23458e-07	0	1.05341	1.05341e+06	
42500	60.1356	7.20829	0	-6.56961e-07	-8.23458e-07	0	1.05341	1.05341e+06	
42600	59.9203	6.90438	0	-1.73313e-06	-2.44649e-06	0	2.99817	2.99817e+06	
42700	59.705	6.60047	0	-1.73313e-06	-2.44649e-06	0	2.99817	2.99817e+06	
42800	59.4897	6.29656	0	-1.73313e-06	-2.44649e-06	0	2.99817	2.99817e+06	
42900	59.2744	5.99265	0	-1.73313e-06	-2.44649e-06	0	2.99817	2.99817e+06	
43000	59.0591	5.68874	0	-1.73313e-06	-2.44649e-06	0	2.99817	2.99817e+06	
43100	59.1535	5.59598	0	7.59183e-07	-7.46649e-07	0	1.06482	1.06482e+06	
43200	59.2478	5.50323	0	7.59183e-07	-7.46649e-07	0	1.06482	1.06482e+06	
43300	59.3421	5.41048	0	7.59183e-07	-7.46649e-07	0	1.06482	1.06482e+06	
43400	59.4364	5.31773	0	7.59183e-07	-7.46649e-07	0	1.06482	1.06482e+06	
43500	59.5307	5.22498	0	7.59183e-07	-7.46649e-07	0	1.06482	1.06482e+06	
43600	59.7005	5.26015	0	1.36705e-06	2.83102e-07	0	1.39606	1.39606e+06	
43700	59.8703	5.29531	0	1.36705e-06	2.83102e-07	0	1.39606	1.39606e+06	
43800	60.0402	5.33048	0	1.36705e-06	2.83102e-07	0	1.39606	1.39606e+06	
43900	60.21	5.36565	0	1.36705e-06	2.83102e-07	0	1.39606	1.39606e+06	
44000	60.3798	5.40082	0	1.36705e-06	2.83102e-07	0	1.39606	1.39606e+06	
44100	60.3871	5.20778	0	5.89235e-08	-1.55393e-06	0	1.55504	1.55504e+06	
44200	60.3944	5.01475	0	5.89235e-08	-1.55393e-06	0	1.55504	1.55504e+06	
44300	60.4018	4.82171	0	5.89235e-08	-1.55393e-06	0	1.55504	1.55504e+06	
44400	60.4091	4.62868	0	5.89235e-08	-1.55393e-06	0	1.55504	1.55504e+06	
44500	60.4164	4.43565	0	5.89235e-08	-1.55393e-06	0	1.55504	1.55504e+06	
44600	60.3823	4.2035	0	-2.7454e-07	-1.8688e-06	0	1.88885	1.88885e+06	
44700	60.3482	3.97135	0	-2.7454e-07	-1.8688e-06	0	1.88885	1.88885e+06	
44800	60.3141	3.7392	0	-2.7454e-07	-1.8688e-06	0	1.88885	1.88885e+06	
44900	60.28	3.50705	0	-2.7454e-07	-1.8688e-06	0	1.88885	1.88885e+06	
45000	60.2459	3.2749	0	-2.7454e-07	-1.8688e-06	0	1.88885	1.88885e+06	
45100	60.2197	3.45997	0	-2.10695e-07	1.48981e-06	0	1.50464	1.50464e+06	
45200	60.1935	3.64504	0	-2.10695e-07	1.48981e-06	0	1.50464	1.50464e+06	
45300	60.1673	3.83011	0	-2.10695e-07	1.48981e-06	0	1.50464	1.50464e+06	
45400	60.1412	4.01518	0	-2.10695e-07	1.48981e-06	0	1.50464	1.50464e+06	
45500	60.115	4.20025	0	-2.10695e-07	1.48981e-06	0	1.50464	1.50464e+06	
45600	60.1824	4.07326	0	5.42687e-07	-1.02228e-06	0	1.1574	1.1574e+06	
45700	60.2498	3.94627	0	5.42687e-07	-1.02228e-06	0	1.1574	1.1574e+06	
45800	60.3172	3.81928	0	5.42687e-07	-1.02228e-06	0	1.1574	1.1574e+06	
45900	60.3847	3.69229	0	5.42687e-07	-1.02228e-06	0	1.1574	1.1574e+06	
46000	60.4521	3.5653	0	5.42687e-07	-1.02228e-06	0	1.1574	1.1574e+06	
46100	60.2385	3.6047	0	-1.71926e-06	3.17181e-07	0	1.74828	1.74828e+06	
46200	60.0249	3.6441	0	-1.71926e-06	3.17181e-07	0	1.74828	1.74828e+06	
46300	59.8114	3.6835	0	-1.71926e-06	3.17181e-07	0	1.74828	1.74828e+06	
46400	59.5978	3.7229	0	-1.71926e-06	3.17181e-07	0	1.74828	1.74828e+06	
46500	59.3842	3.7623	0	-1.71926e-06	3.17181e-07	0	1.74828	1.74828e+06	
46600	59.1676	3.67462	0	-1.74339e-06	-7.0584e-07	0	1.88085	1.88085e+06	
46700	58.9511	3.58694	0	-1.74339e-06	-7.0584e-07	0	1.88085	1.88085e+06	
46800	58.7345	3.49926	0	-1.74339e-06	-7.0584e-07	0	1.88085	1.88085e+06	
46900	58.5179	3.41158	0	-1.74339e-06	-7.0584e-07	0	1.88085	1.88085e+06	
47000	58.3014	3.32389	0	-1.74339e-06	-7.0584e-07	0	1.88085	1.88085e+06	
