0	29	50	0	-3.22e-06	2.35087e-06	0	3.98685	3.98685e+06	
100	28.6	49.9859	0	-3.22e-06	-1.13627e-07	0	3.222	3.222e+06	
200	28.2	49.9718	0	-3.22e-06	-1.13627e-07	0	3.222	3.222e+06	
300	27.8	49.9577	0	-3.22e-06	-1.13627e-07	0	3.222	3.222e+06	
400	27.4	49.9435	0	-3.22e-06	-1.13627e-07	0	3.222	3.222e+06	
500	27	49.9294	0	-3.22e-06	-1.13627e-07	0	3.222	3.222e+06	
600	26.6	49.9743	0	-3.22e-06	3.61608e-07	0	3.24024	3.24024e+06	
700	26.2	50.0193	0	-3.22e-06	3.61608e-07	0	3.24024	3.24024e+06	
800	25.8	50.0642	0	-3.22e-06	3.61608e-07	0	3.24024	3.24024e+06	
900	25.4	50.1091	0	-3.22e-06	3.61608e-07	0	3.24024	3.24024e+06	
1000	25	50.154	0	-3.22e-06	3.61608e-07	0	3.24024	3.24024e+06	
1100	24.8995	50.37	0	-8.08687e-07	1.73853e-06	0	1.91741	1.91741e+06	
1200	24.7991	50.586	0	-8.08687e-07	1.73853e-06	0	1.91741	1.91741e+06	
1300	24.6986	50.8019	0	-8.08687e-07	1.73853e-06	0	1.91741	1.91741e+06	
1400	24.5982	51.0179	0	-8.08687e-07	1.73853e-06	0	1.91741	1.91741e+06	
1500	24.4977	51.2339	0	-8.08687e-07	1.73853e-06	0	1.91741	1.91741e+06	
1600	24.0977	51.5757	0	-3.22e-06	2.75203e-06	0	4.23581	4.23581e+06	
1700	23.6977	51.9176	0	-3.22e-06	2.75203e-06	0	4.23581	4.23581e+06	
1800	23.2977	52.2595	0	-3.22e-06	2.75203e-06	0	4.23581	4.23581e+06	
1900	22.8977	52.6013	0	-3.22e-06	2.75203e-06	0	4.23581	4.23581e+06	
2000	22.4977	52.9432	0	-3.22e-06	2.75203e-06	0	4.23581	4.23581e+06	
2100	22.1137	52.8853	0	-3.09137e-06	-4.65642e-07	0	3.12624	3.12624e+06	
2200	21.7297	52.8275	0	-3.09137e-06	-4.65642e-07	0	3.12624	3.12624e+06	
2300	21.3456	52.7697	0	-3.09137e-06	-4.65642e-07	0	3.12624	3.12624e+06	
2400	20.9616	52.7118	0	-3.09137e-06	-4.65642e-07	0	3.12624	3.12624e+06	
2500	20.5776	52.654	0	-3.09137e-06	-4.65642e-07	0	3.12624	3.12624e+06	
2600	20.1776	52.9787	0	-3.22e-06	2.61368e-06	0	4.14726	4.14726e+06	
2700	19.7776	53.3033	0	-3.22e-06	2.61368e-06	0	4.14726	4.14726e+06	
2800	19.3776	53.628	0	-3.22e-06	2.61368e-06	0	4.14726	4.14726e+06	
2900	18.9776	53.9527	0	-3.22e-06	2.61368e-06	0	4.14726	4.14726e+06	
3000	18.5776	54.2774	0	-3.22e-06	2.61368e-06	0	4.14726	4.14726e+06	
3100	18.1776	54.507	0	-3.22e-06	1.84835e-06	0	3.71279	3.71279e+06	
3200	17.7776	54.7366	0	-3.22e-06	1.84835e-06	0	3.71279	3.71279e+06	
3300	17.3776	54.9662	0	-3.22e-06	1.84835e-06	0	3.71279	3.71279e+06	
3400	16.9776	55.1958	0	-3.22e-06	1.84835e-06	0	3.71279	3.71279e+06	
3500	16.5776	55.4254	0	-3.22e-06	1.84835e-06	0	3.71279	3.71279e+06	
3600	16.2086	55.4227	0	-2.9705e-06	-2.22944e-08	0	2.97058	2.97058e+06	
3700	15.8396	55.4199	0	-2.9705e-06	-2.22944e-08	0	2.97058	2.97058e+06	
3800	15.4706	55.4171	0	-2.9705e-06	-2.22944e-08	0	2.97058	2.97058e+06	
3900	15.1016	55.4143	0	-2.9705e-06	-2.22944e-08	0	2.97058	2.97058e+06	
4000	14.7326	55.4116	0	-2.9705e-06	-2.22944e-08	0	2.97058	2.97058e+06	
4100	14.8411	55.0116	0	8.73691e-07	-3.22e-06	0	3.33643	3.33643e+06	
4200	14.9496	54.6116	0	8.73691e-07	-3.22e-06	0	3.33643	3.33643e+06	
4300	15.0582	54.2116	0	8.73691e-07	-3.22e-06	0	3.33643	3.33643e+06	
4400	15.1667	53.8116	0	8.73691e-07	-3.22e-06	0	3.33643	3.33643e+06	
4500	15.2752	53.4116	0	8.73691e-07	-3.22e-06	0	3.33643	3.33643e+06	
4600	15.4432	53.3931	0	1.35201e-06	-1.48484e-07	0	1.36014	1.36014e+06	
4700	15.6111	53.3747	0	1.35201e-06	-1.48484e-07	0	1.36014	1.36014e+06	
4800	15.7791	53.3562	0	1.35201e-06	-1.48484e-07	0	1.36014	1.36014e+06	
4900	15.947	53.3378	0	1.35201e-06	-1.48484e-07	0	1.36014	1.36014e+06	
5000	16.115	53.3194	0	1.35201e-06	-1.48484e-07	0	1.36014	1.36014e+06	
5100	15.9647	53.3529	0	-1.2097e-06	2.6968e-07	0	1.2394	1.2394e+06	
5200	15.8144	53.3864	0	-1.2097e-06	2.6968e-07	0	1.2394	1.2394e+06	
5300	15.6642	53.4199	0	-1.2097e-06	2.6968e-07	0	1.2394	1.2394e+06	
5400	15.5139	53.4534	0	-1.2097e-06	2.6968e-07	0	1.2394	1.2394e+06	
5500	15.3636	53.4869	0	-1.2097e-06	2.6968e-07	0	1.2394	1.2394e+06	
5600	15.2965	53.4528	0	-5.40542e-07	-2.74231e-07	0	0.606125	606125	
5700	15.2293	53.4187	0	-5.40542e-07	-2.74231e-07	0	0.606125	606125	
5800	15.1622	53.3847	0	-5.40542e-07	-2.74231e-07	0	0.606125	606125	
5900	15.095	53.3506	0	-5.40542e-07	-2.74231e-07	0	0.606125	606125	
6000	15.0279	53.3165	0	-5.40542e-07	-2.74231e-07	0	0.606125	606125	
6100	15.0091	53.2718	0	-1.51111e-07	-3.60149e-07	0	0.390566	390566	
6200	14.9903	53.227	0	-1.51111e-07	-3.60149e-07	0	0.390566	390566	
6300	14.9716	53.1823	0	-1.51111e-07	-3.60149e-07	0	0.390566	390566	
6400	14.9528	53.1376	0	-1.51111e-07	-3.60149e-07	0	0.390566	390566	
6500	14.934	53.0928	0	-1.51111e-07	-3.60149e-07	0	0.390566	390566	
6600	15.2412	53.1033	0	2.47294e-06	8.41143e-08	0	2.47437	2.47437e+06	
6700	15.5484	53.1137	0	2.47294e-06	8.41143e-08	0	2.47437	2.47437e+06	
6800	15.8556	53.1242	0	2.47294e-06	8.41143e-08	0	2.47437	2.47437e+06	
6900	16.1628	53.1346	0	2.47294e-06	8.41143e-08	0	2.47437	2.47437e+06	
7000	16.47	53.1451	0	2.47294e-06	8.41143e-08	0	2.47437	2.47437e+06	
7100	16.6475	53.0317	0	1.42863e-06	-9.12923e-07	0	1.69541	1.69541e+06	
7200	16.825	52.9183	0	1.42863e-06	-9.12923e-07	0	1.69541	1.69541e+06	
7300	17.0024	52.8049	0	1.42863e-06	-9.12923e-07	0	1.69541	1.69541e+06	
7400	17.1799	52.6914	0	1.42863e-06	-9.12923e-07	0	1.69541	1.69541e+06	
7500	17.3574	52.578	0	1.42863e-06	-9.12923e-07	0	1.69541	1.69541e+06	
7600	17.7574	52.2893	0	3.22e-06	-2.32418e-06	0	3.97117	3.97117e+06	
7700	18.1574	52.0006	0	3.22e-06	-2.32418e-06	0	3.97117	3.97117e+06	
7800	18.5574	51.7119	0	3.22e-06	-2.32418e-06	0	3.97117	3.97117e+06	
7900	18.9574	51.4232	0	3.22e-06	-2.32418e-06	0	3.97117	3.97117e+06	
8000	19.3574	51.1345	0	3.22e-06	-2.32418e-06	0	3.97117	3.97117e+06	
8100	19.3684	51.3557	0	8.86994e-08	1.78064e-06	0	1.78284	1.78284e+06	
8200	19.3794	51.5768	0	8.86994e-08	1.78064e-06	0	1.78284	1.78284e+06	
8300	19.3904	51.798	0	8.86994e-08	1.78064e-06	0	1.78284	1.78284e+06	
8400	19.4014	52.0192	0	8.86994e-08	1.78064e-06	0	1.78284	1.78284e+06	
8500	19.4125	52.2404	0	8.86994e-08	1.78064e-06	0	1.78284	1.78284e+06	
8600	19.4974	52.3367	0	6.83979e-07	7.75181e-07	0	1.0338	1.0338e+06	
8700	19.5824	52.433	0	6.83979e-07	7.75181e-07	0	1.0338	1.0338e+06	
8800	19.6674	52.5293	0	6.83979e-07	7.75181e-07	0	1.0338	1.0338e+06	
8900	19.7523	52.6256	0	6.83979e-07	7.75181e-07	0	1.0338	1.0338e+06	
9000	19.8373	52.7219	0	6.83979e-07	7.75181e-07	0	1.0338	1.0338e+06	
9100	20.1833	52.3848	0	2.78532e-06	-2.71415e-06	0	3.88904	3.88904e+06	
9200	20.5293	52.0476	0	2.78532e-06	-2.71415e-06	0	3.88904	3.88904e+06	
9300	20.8753	51.7104	0	2.78532e-06	-2.71415e-06	0	3.88904	3.88904e+06	
9400	21.2213	51.3733	0	2.78532e-06	-2.71415e-06	0	3.88904	3.88904e+06	
9500	21.5673	51.0361	0	2.78532e-06	-2.71415e-06	0	3.88904	3.88904e+06	
9600	21.8687	50.7938	0	2.42655e-06	-1.95033e-06	0	3.11318	3.11318e+06	
9700	22.1702	50.5516	0	2.42655e-06	-1.95033e-06	0	3.11318	3.11318e+06	
9800	22.4716	50.3093	0	2.42655e-06	-1.95033e-06	0	3.11318	3.11318e+06	
9900	22.773	50.067	0	2.42655e-06	-1.95033e-06	0	3.11318	3.11318e+06	
10000	23.0745	49.8247	0	2.42655e-06	-1.95033e-06	0	3.11318	3.11318e+06	
10100	23.0565	49.4247	0	-1.44747e-07	-3.22e-06	0	3.22325	3.22325e+06	
10200	23.0406	49.1324	0	-1.44747e-07	-3.22e-06	0	3.22325	3.22325e+06	
10300	23.0293	49.1325	0	-1.44747e-07	-3.22e-06	0	3.22325	3.22325e+06	
10400	23.0155	49.1327	0	-1.44747e-07	-3.22e-06	0	3.22325	3.22325e+06	
10500	22.999	49.1327	0	-1.44747e-07	-3.22e-06	0	3.22325	3.22325e+06	
10600	23.0217	49.1326	0	1.68011e-07	-3.22e-06	0	3.22438	3.22438e+06	
10700	23.0491	49.1322	0	1.68011e-07	-3.22e-06	0	3.22438	3.22438e+06	
10800	23.0821	49.1312	0	1.68011e-07	-3.22e-06	0	3.22438	3.22438e+06	
10900	23.1218	49.1293	0	1.68011e-07	-3.22e-06	0	3.22438	3.22438e+06	
11000	23.1696	49.1261	0	1.68011e-07	-3.22e-06	0	3.22438	3.22438e+06	
11100	23.1231	49.129	0	-5.98526e-07	-3.22e-06	0	3.27515	3.27515e+06	
11200	23.0669	49.1316	0	-5.98526e-07	-3.22e-06	0	3.27515	3.27515e+06	
11300	22.9991	49.1327	0	-5.98526e-07	-3.22e-06	0	3.27515	3.27515e+06	
11400	22.9172	49.1313	0	-5.98526e-07	-3.22e-06	0	3.27515	3.27515e+06	
11500	22.8189	49.1254	0	-5.98526e-07	-3.22e-06	0	3.27515	3.27515e+06	
11600	22.6329	49.1136	0	-1.26452e-06	-2.00873e-06	0	2.3736	2.3736e+06	
11700	22.4614	49.0977	0	-1.26452e-06	-2.00873e-06	0	2.3736	2.3736e+06	
11800	22.3409	49.1137	0	-1.26452e-06	-2.00873e-06	0	2.3736	2.3736e+06	
11900	22.2179	49.1299	0	-1.26452e-06	-2.00873e-06	0	2.3736	2.3736e+06	
12000	22.0792	49.1402	0	-1.26452e-06	-2.00873e-06	0	2.3736	2.3736e+06	
12100	21.6608	49.1117	0	-3.22e-06	-2.91492e-06	0	4.3434	4.3434e+06	
12200	21.2795	49.1138	0	-3.22e-06	-2.91492e-06	0	4.3434	4.3434e+06	
12300	20.8977	49.1331	0	-3.22e-06	-2.91492e-06	0	4.3434	4.3434e+06	
12400	20.4683	49.0897	0	-3.22e-06	-2.91492e-06	0	4.3434	4.3434e+06	
12500	20.1157	49.1303	0	-3.22e-06	-2.91492e-06	0	4.3434	4.3434e+06	
12600	19.7514	49.1287	0	-2.88009e-06	-2.22292e-06	0	3.63817	3.63817e+06	
12700	19.3864	49.103	0	-2.88009e-06	-2.22292e-06	0	3.63817	3.63817e+06	
12800	19.0612	49.1383	0	-2.88009e-06	-2.22292e-06	0	3.63817	3.63817e+06	
12900	18.6899	49.1215	0	-2.88009e-06	-2.22292e-06	0	3.63817	3.63817e+06	
13000	18.2882	49.0309	0	-2.88009e-06	-2.22292e-06	0	3.63817	3.63817e+06	
13100	17.9484	48.8672	0	-1.87986e-06	-3.22e-06	0	3.72858	3.72858e+06	
13200	17.6007	48.6334	0	-1.87986e-06	-3.22e-06	0	3.72858	3.72858e+06	
13300	17.2812	48.3171	0	-1.87986e-06	-3.22e-06	0	3.72858	3.72858e+06	
13400	17.0117	47.9404	0	-1.87986e-06	-3.22e-06	0	3.72858	3.72858e+06	
13500	16.7744	47.542	0	-1.87986e-06	-3.22e-06	0	3.72858	3.72858e+06	
13600	16.7811	47.2762	0	6.1134e-08	-2.14098e-06	0	2.14185	2.14185e+06	
13700	16.7842	47.0105	0	6.1134e-08	-2.14098e-06	0	2.14185	2.14185e+06	
13800	16.7865	46.7443	0	6.1134e-08	-2.14098e-06	0	2.14185	2.14185e+06	
13900	16.7923	46.4781	0	6.1134e-08	-2.14098e-06	0	2.14185	2.14185e+06	
14000	16.7966	46.2125	0	6.1134e-08	-2.14098e-06	0	2.14185	2.14185e+06	
14100	16.7079	45.8396	0	-6.97328e-07	-3.00332e-06	0	3.08321	3.08321e+06	
14200	16.6213	45.4665	0	-6.97328e-07	-3.00332e-06	0	3.08321	3.08321e+06	
14300	16.5347	45.0934	0	-6.97328e-07	-3.00332e-06	0	3.08321	3.08321e+06	
14400	16.4481	44.7203	0	-6.97328e-07	-3.00332e-06	0	3.08321	3.08321e+06	
14500	16.3614	44.3472	0	-6.97328e-07	-3.00332e-06	0	3.08321	3.08321e+06	
14600	16.3516	44.2504	0	-7.91307e-08	-7.79155e-07	0	0.783163	783163	
14700	16.3418	44.1536	0	-7.91307e-08	-7.79155e-07	0	0.783163	783163	
14800	16.3319	44.0569	0	-7.91307e-08	-7.79155e-07	0	0.783163	783163	
14900	16.3221	43.9601	0	-7.91307e-08	-7.79155e-07	0	0.783163	783163	
15000	16.3123	43.8633	0	-7.91307e-08	-7.79155e-07	0	0.783163	783163	
15100	16.1678	43.8962	0	-1.1632e-06	2.64783e-07	0	1.19295	1.19295e+06	
15200	16.0233	43.9291	0	-1.1632e-06	2.64783e-07	0	1.19295	1.19295e+06	
15300	15.8788	43.962	0	-1.1632e-06	2.64783e-07	0	1.19295	1.19295e+06	
15400	15.7343	43.9949	0	-1.1632e-06	2.64783e-07	0	1.19295	1.19295e+06	
15500	15.5898	44.0277	0	-1.1632e-06	2.64783e-07	0	1.19295	1.19295e+06	
15600	15.5466	43.9696	0	-3.48011e-07	-4.6841e-07	0	0.58354	583540	
15700	15.5033	43.9114	0	-3.48011e-07	-4.6841e-07	0	0.58354	583540	
15800	15.4601	43.8532	0	-3.48011e-07	-4.6841e-07	0	0.58354	583540	
15900	15.4169	43.795	0	-3.48011e-07	-4.6841e-07	0	0.58354	583540	
16000	15.3736	43.7368	0	-3.48011e-07	-4.6841e-07	0	0.58354	583540	
16100	15.4826	44.0146	0	8.77466e-07	2.23598e-06	0	2.40199	2.40199e+06	
16200	15.5916	44.2923	0	8.77466e-07	2.23598e-06	0	2.40199	2.40199e+06	
16300	15.7006	44.5701	0	8.77466e-07	2.23598e-06	0	2.40199	2.40199e+06	
16400	15.8097	44.8479	0	8.77466e-07	2.23598e-06	0	2.40199	2.40199e+06	
16500	15.9187	45.1256	0	8.77466e-07	2.23598e-06	0	2.40199	2.40199e+06	
16600	15.9659	45.352	0	3.8055e-07	1.8222e-06	0	1.86152	1.86152e+06	
16700	16.0132	45.5783	0	3.8055e-07	1.8222e-06	0	1.86152	1.86152e+06	
16800	16.0605	45.8047	0	3.8055e-07	1.8222e-06	0	1.86152	1.86152e+06	
16900	16.1077	46.0311	0	3.8055e-07	1.8222e-06	0	1.86152	1.86152e+06	
17000	16.155	46.2574	0	3.8055e-07	1.8222e-06	0	1.86152	1.86152e+06	
17100	16.4955	46.4193	0	2.74114e-06	1.30315e-06	0	3.03514	3.03514e+06	
17200	16.8354	46.5811	0	2.74114e-06	1.30315e-06	0	3.03514	3.03514e+06	
17300	16.8861	46.6999	0	2.74114e-06	1.30315e-06	0	3.03514	3.03514e+06	
17400	16.8722	46.822	0	2.74114e-06	1.30315e-06	0	3.03514	3.03514e+06	
17500	16.8645	46.9661	0	2.74114e-06	1.30315e-06	0	3.03514	3.03514e+06	
17600	16.8915	47.3401	0	3.22e-06	2.80954e-06	0	4.2734	4.2734e+06	
17700	16.9996	47.765	0	3.22e-06	2.80954e-06	0	4.2734	4.2734e+06	
17800	17.2172	48.206	0	3.22e-06	2.80954e-06	0	4.2734	4.2734e+06	
17900	17.5431	48.6164	0	3.22e-06	2.80954e-06	0	4.2734	4.2734e+06	
18000	17.9328	48.9785	0	3.22e-06	2.80954e-06	0	4.2734	4.2734e+06	
18100	18.0991	49.3786	0	1.33887e-06	3.22e-06	0	3.48726	3.48726e+06	
18200	18.2654	49.7786	0	1.33887e-06	3.22e-06	0	3.48726	3.48726e+06	
18300	18.4317	50.1786	0	1.33887e-06	3.22e-06	0	3.48726	3.48726e+06	
18400	18.5981	50.5786	0	1.33887e-06	3.22e-06	0	3.48726	3.48726e+06	
18500	18.7644	50.9786	0	1.33887e-06	3.22e-06	0	3.48726	3.48726e+06	
18600	18.8309	51.3786	0	5.35695e-07	3.22e-06	0	3.26426	3.26426e+06	
18700	18.8975	51.7786	0	5.35695e-07	3.22e-06	0	3.26426	3.26426e+06	
18800	18.964	52.1786	0	5.35695e-07	3.22e-06	0	3.26426	3.26426e+06	
18900	19.0306	52.5786	0	5.35695e-07	3.22e-06	0	3.26426	3.26426e+06	
19000	19.0971	52.9786	0	5.35695e-07	3.22e-06	0	3.26426	3.26426e+06	
19100	19.1186	53.3786	0	1.72638e-07	3.22e-06	0	3.22462	3.22462e+06	
19200	19.14	53.7786	0	1.72638e-07	3.22e-06	0	3.22462	3.22462e+06	
19300	19.1615	54.1786	0	1.72638e-07	3.22e-06	0	3.22462	3.22462e+06	
19400	19.1829	54.5786	0	1.72638e-07	3.22e-06	0	3.22462	3.22462e+06	
19500	19.2043	54.9786	0	1.72638e-07	3.22e-06	0	3.22462	3.22462e+06	
19600	19.2193	55.2708	0	1.20684e-07	2.35267e-06	0	2.35576	2.35576e+06	
19700	19.2343	55.5631	0	1.20684e-07	2.35267e-06	0	2.35576	2.35576e+06	
19800	19.2493	55.8554	0	1.20684e-07	2.35267e-06	0	2.35576	2.35576e+06	
19900	19.2643	56.1476	0	1.20684e-07	2.35267e-06	0	2.35576	2.35576e+06	
20000	19.2793	56.4399	0	1.20684e-07	2.35267e-06	0	2.35576	2.35576e+06	
20100	19.5437	56.561	0	2.1284e-06	9.7535e-07	0	2.34124	2.34124e+06	
20200	19.8081	56.6822	0	2.1284e-06	9.7535e-07	0	2.34124	2.34124e+06	
20300	20.0725	56.8034	0	2.1284e-06	9.7535e-07	0	2.34124	2.34124e+06	
20400	20.3369	56.9245	0	2.1284e-06	9.7535e-07	0	2.34124	2.34124e+06	
20500	20.6013	57.0457	0	2.1284e-06	9.7535e-07	0	2.34124	2.34124e+06	
20600	20.6876	57.1117	0	6.94468e-07	5.31342e-07	0	0.87442	874420	
20700	20.7738	57.1777	0	6.94468e-07	5.31342e-07	0	0.87442	874420	
20800	20.8601	57.2437	0	6.94468e-07	5.31342e-07	0	0.87442	874420	
20900	20.9464	57.3097	0	6.94468e-07	5.31342e-07	0	0.87442	874420	
21000	21.0326	57.3757	0	6.94468e-07	5.31342e-07	0	0.87442	874420	
21100	21.1507	57.4284	0	9.50064e-07	4.24386e-07	0	1.04054	1.04054e+06	
21200	21.2687	57.4811	0	9.50064e-07	4.24386e-07	0	1.04054	1.04054e+06	
21300	21.3867	57.5339	0	9.50064e-07	4.24386e-07	0	1.04054	1.04054e+06	
21400	21.5047	57.5866	0	9.50064e-07	4.24386e-07	0	1.04054	1.04054e+06	
21500	21.6227	57.6393	0	9.50064e-07	4.24386e-07	0	1.04054	1.04054e+06	
21600	22.0227	57.4425	0	3.22e-06	-1.58431e-06	0	3.58865	3.58865e+06	
21700	22.4227	57.2457	0	3.22e-06	-1.58431e-06	0	3.58865	3.58865e+06	
21800	22.8227	57.0489	0	3.22e-06	-1.58431e-06	0	3.58865	3.58865e+06	
21900	23.2227	56.8521	0	3.22e-06	-1.58431e-06	0	3.58865	3.58865e+06	
22000	23.6227	56.6553	0	3.22e-06	-1.58431e-06	0	3.58865	3.58865e+06	
22100	24.0227	56.2553	0	3.22e-06	-3.22e-06	0	4.55377	4.55377e+06	
22200	24.4227	55.8553	0	3.22e-06	-3.22e-06	0	4.55377	4.55377e+06	
22300	24.8227	55.4553	0	3.22e-06	-3.22e-06	0	4.55377	4.55377e+06	
22400	25.2227	55.0553	0	3.22e-06	-3.22e-06	0	4.55377	4.55377e+06	
22500	25.6227	54.6553	0	3.22e-06	-3.22e-06	0	4.55377	4.55377e+06	
22600	25.8802	54.2553	0	2.07292e-06	-3.22e-06	0	3.82954	3.82954e+06	
22700	26.1377	53.8553	0	2.07292e-06	-3.22e-06	0	3.82954	3.82954e+06	
22800	26.3953	53.4553	0	2.07292e-06	-3.22e-06	0	3.82954	3.82954e+06	
22900	26.6528	53.0553	0	2.07292e-06	-3.22e-06	0	3.82954	3.82954e+06	
23000	26.9103	52.6553	0	2.07292e-06	-3.22e-06	0	3.82954	3.82954e+06	
23100	26.7014	52.3131	0	-1.68172e-06	-2.75458e-06	0	3.22737	3.22737e+06	
23200	26.4924	51.9709	0	-1.68172e-06	-2.75458e-06	0	3.22737	3.22737e+06	
23300	26.2835	51.6287	0	-1.68172e-06	-2.75458e-06	0	3.22737	3.22737e+06	
23400	26.0746	51.2865	0	-1.68172e-06	-2.75458e-06	0	3.22737	3.22737e+06	
23500	25.8657	50.9443	0	-1.68172e-06	-2.75458e-06	0	3.22737	3.22737e+06	
23600	25.5016	50.8897	0	-2.93076e-06	-4.39732e-07	0	2.96357	2.96357e+06	
23700	25.1376	50.8351	0	-2.93076e-06	-4.39732e-07	0	2.96357	2.96357e+06	
23800	24.7735	50.7805	0	-2.93076e-06	-4.39732e-07	0	2.96357	2.96357e+06	
23900	24.4094	50.7258	0	-2.93076e-06	-4.39732e-07	0	2.96357	2.96357e+06	
24000	24.0454	50.6712	0	-2.93076e-06	-4.39732e-07	0	2.96357	2.96357e+06	
24100	23.6454	50.7241	0	-3.22e-06	4.25728e-07	0	3.24802	3.24802e+06	
24200	23.2454	50.777	0	-3.22e-06	4.25728e-07	0	3.24802	3.24802e+06	
24300	22.8454	50.8299	0	-3.22e-06	4.25728e-07	0	3.24802	3.24802e+06	
24400	22.4454	50.8828	0	-3.22e-06	4.25728e-07	0	3.24802	3.24802e+06	
24500	22.0454	50.9356	0	-3.22e-06	4.25728e-07	0	3.24802	3.24802e+06	
24600	21.6454	50.7068	0	-3.22e-06	-1.84218e-06	0	3.70972	3.70972e+06	
24700	21.2454	50.478	0	-3.22e-06	-1.84218e-06	0	3.70972	3.70972e+06	
24800	20.8454	50.2491	0	-3.22e-06	-1.84218e-06	0	3.70972	3.70972e+06	
24900	20.4454	50.0203	0	-3.22e-06	-1.84218e-06	0	3.70972	3.70972e+06	
25000	20.0454	49.7914	0	-3.22e-06	-1.84218e-06	0	3.70972	3.70972e+06	
25100	19.6454	49.8331	0	-3.22e-06	3.35224e-07	0	3.2374	3.2374e+06	
25200	19.2454	49.8747	0	-3.22e-06	3.35224e-07	0	3.2374	3.2374e+06	
25300	18.8454	49.9164	0	-3.22e-06	3.35224e-07	0	3.2374	3.2374e+06	
25400	18.4454	49.958	0	-3.22e-06	3.35224e-07	0	3.2374	3.2374e+06	
25500	18.0454	49.9996	0	-3.22e-06	3.35224e-07	0	3.2374	3.2374e+06	
25600	17.6454	50.1325	0	-3.22e-06	1.06954e-06	0	3.39298	3.39298e+06	
25700	17.2454	50.2654	0	-3.22e-06	1.06954e-06	0	3.39298	3.39298e+06	
25800	16.8454	50.3982	0	-3.22e-06	1.06954e-06	0	3.39298	3.39298e+06	
25900	16.4454	50.5311	0	-3.22e-06	1.06954e-06	0	3.39298	3.39298e+06	
26000	16.0454	50.664	0	-3.22e-06	1.06954e-06	0	3.39298	3.39298e+06	
26100	15.8579	50.264	0	-1.50915e-06	-3.22e-06	0	3.55611	3.55611e+06	
26200	15.6704	49.864	0	-1.50915e-06	-3.22e-06	0	3.55611	3.55611e+06	
26300	15.483	49.464	0	-1.50915e-06	-3.22e-06	0	3.55611	3.55611e+06	
26400	15.2955	49.064	0	-1.50915e-06	-3.22e-06	0	3.55611	3.55611e+06	
26500	15.108	48.664	0	-1.50915e-06	-3.22e-06	0	3.55611	3.55611e+06	
26600	14.7282	48.5093	0	-3.05768e-06	-1.24464e-06	0	3.30129	3.30129e+06	
26700	14.3483	48.3547	0	-3.05768e-06	-1.24464e-06	0	3.30129	3.30129e+06	
26800	13.9685	48.2001	0	-3.05768e-06	-1.24464e-06	0	3.30129	3.30129e+06	
26900	13.5887	48.0455	0	-3.05768e-06	-1.24464e-06	0	3.30129	3.30129e+06	
27000	13.2088	47.8909	0	-3.05768e-06	-1.24464e-06	0	3.30129	3.30129e+06	
27100	12.8582	47.9165	0	-2.82232e-06	2.06504e-07	0	2.82987	2.82987e+06	
27200	12.5076	47.9422	0	-2.82232e-06	2.06504e-07	0	2.82987	2.82987e+06	
27300	12.157	47.9678	0	-2.82232e-06	2.06504e-07	0	2.82987	2.82987e+06	
27400	11.8064	47.9935	0	-2.82232e-06	2.06504e-07	0	2.82987	2.82987e+06	
27500	11.4558	48.0192	0	-2.82232e-06	2.06504e-07	0	2.82987	2.82987e+06	
27600	11.154	48.1404	0	-2.4298e-06	9.76004e-07	0	2.61849	2.61849e+06	
27700	10.8522	48.2616	0	-2.4298e-06	9.76004e-07	0	2.61849	2.61849e+06	
27800	10.5503	48.3829	0	-2.4298e-06	9.76004e-07	0	2.61849	2.61849e+06	
27900	10.2485	48.5041	0	-2.4298e-06	9.76004e-07	0	2.61849	2.61849e+06	
28000	9.94664	48.6254	0	-2.4298e-06	9.76004e-07	0	2.61849	2.61849e+06	
28100	10.1521	48.5831	0	1.65408e-06	-3.40164e-07	0	1.68869	1.68869e+06	
28200	10.3576	48.5409	0	1.65408e-06	-3.40164e-07	0	1.68869	1.68869e+06	
28300	10.5631	48.4986	0	1.65408e-06	-3.40164e-07	0	1.68869	1.68869e+06	
28400	10.7685	48.4563	0	1.65408e-06	-3.40164e-07	0	1.68869	1.68869e+06	
28500	10.974	48.4141	0	1.65408e-06	-3.40164e-07	0	1.68869	1.68869e+06	
28600	11.1701	48.3119	0	1.57884e-06	-8.22877e-07	0	1.78041	1.78041e+06	
28700	11.3663	48.2096	0	1.57884e-06	-8.22877e-07	0	1.78041	1.78041e+06	
28800	11.5624	48.1074	0	1.57884e-06	-8.22877e-07	0	1.78041	1.78041e+06	
28900	11.7585	48.0052	0	1.57884e-06	-8.22877e-07	0	1.78041	1.78041e+06	
29000	11.9547	47.903	0	1.57884e-06	-8.22877e-07	0	1.78041	1.78041e+06	
29100	12.0606	47.8034	0	8.52622e-07	-8.01588e-07	0	1.17026	1.17026e+06	
29200	12.1665	47.7038	0	8.52622e-07	-8.01588e-07	0	1.17026	1.17026e+06	
29300	12.2724	47.6043	0	8.52622e-07	-8.01588e-07	0	1.17026	1.17026e+06	
29400	12.3783	47.5047	0	8.52622e-07	-8.01588e-07	0	1.17026	1.17026e+06	
29500	12.4842	47.4051	0	8.52622e-07	-8.01588e-07	0	1.17026	1.17026e+06	
29600	12.6314	47.3867	0	1.18481e-06	-1.48182e-07	0	1.19404	1.19404e+06	
29700	12.7786	47.3683	0	1.18481e-06	-1.48182e-07	0	1.19404	1.19404e+06	
29800	12.9258	47.3499	0	1.18481e-06	-1.48182e-07	0	1.19404	1.19404e+06	
29900	13.073	47.3315	0	1.18481e-06	-1.48182e-07	0	1.19404	1.19404e+06	
30000	13.2201	47.3131	0	1.18481e-06	-1.48182e-07	0	1.19404	1.19404e+06	
30100	13.0631	47.1076	0	-1.2639e-06	-1.65367e-06	0	2.08136	2.08136e+06	
30200	12.9061	46.9022	0	-1.2639e-06	-1.65367e-06	0	2.08136	2.08136e+06	
30300	12.7491	46.6968	0	-1.2639e-06	-1.65367e-06	0	2.08136	2.08136e+06	
30400	12.5921	46.4914	0	-1.2639e-06	-1.65367e-06	0	2.08136	2.08136e+06	
30500	12.4351	46.2859	0	-1.2639e-06	-1.65367e-06	0	2.08136	2.08136e+06	
30600	12.2366	46.2362	0	-1.59819e-06	-4.00079e-07	0	1.6475	1.6475e+06	
30700	12.0381	46.1865	0	-1.59819e-06	-4.00079e-07	0	1.6475	1.6475e+06	
30800	11.8395	46.1368	0	-1.59819e-06	-4.00079e-07	0	1.6475	1.6475e+06	
30900	11.641	46.0871	0	-1.59819e-06	-4.00079e-07	0	1.6475	1.6475e+06	
31000	11.4425	46.0374	0	-1.59819e-06	-4.00079e-07	0	1.6475	1.6475e+06	
31100	11.8372	45.643	0	3.17805e-06	-3.17506e-06	0	4.49233	4.49233e+06	
31200	12.232	45.2486	0	3.17805e-06	-3.17506e-06	0	4.49233	4.49233e+06	
31300	12.6268	44.8542	0	3.17805e-06	-3.17506e-06	0	4.49233	4.49233e+06	
31400	13.0216	44.4598	0	3.17805e-06	-3.17506e-06	0	4.49233	4.49233e+06	
31500	13.4164	44.0654	0	3.17805e-06	-3.17506e-06	0	4.49233	4.49233e+06	
31600	13.8164	43.6654	0	3.22e-06	-3.22e-06	0	4.55377	4.55377e+06	
31700	14.2164	43.2654	0	3.22e-06	-3.22e-06	0	4.55377	4.55377e+06	
31800	14.6164	42.8654	0	3.22e-06	-3.22e-06	0	4.55377	4.55377e+06	
31900	15.0164	42.4654	0	3.22e-06	-3.22e-06	0	4.55377	4.55377e+06	
32000	15.4164	42.0654	0	3.22e-06	-3.22e-06	0	4.55377	4.55377e+06	
32100	15.8164	41.6827	0	3.22e-06	-3.08052e-06	0	4.45624	4.45624e+06	
32200	16.2164	41.3	0	3.22e-06	-3.08052e-06	0	4.45624	4.45624e+06	
32300	16.6164	40.9173	0	3.22e-06	-3.08052e-06	0	4.45624	4.45624e+06	
32400	16.9176	40.5156	0	3.22e-06	-3.08052e-06	0	4.45624	4.45624e+06	
32500	17.0754	40.0494	0	3.22e-06	-3.08052e-06	0	4.45624	4.45624e+06	
32600	16.9934	39.8799	0	-5.2182e-07	-1.29489e-06	0	1.39608	1.39608e+06	
32700	16.9286	39.719	0	-5.2182e-07	-1.29489e-06	0	1.39608	1.39608e+06	
32800	16.8637	39.5582	0	-5.2182e-07	-1.29489e-06	0	1.39608	1.39608e+06	
32900	16.7989	39.3973	0	-5.2182e-07	-1.29489e-06	0	1.39608	1.39608e+06	
33000	16.7341	39.2365	0	-5.2182e-07	-1.29489e-06	0	1.39608	1.39608e+06	
33100	16.6176	39.1552	0	-9.37783e-07	-6.54386e-07	0	1.14353	1.14353e+06	
33200	16.5011	39.0739	0	-9.37783e-07	-6.54386e-07	0	1.14353	1.14353e+06	
33300	16.3846	38.9926	0	-9.37783e-07	-6.54386e-07	0	1.14353	1.14353e+06	
33400	16.2681	38.9113	0	-9.37783e-07	-6.54386e-07	0	1.14353	1.14353e+06	
33500	16.1516	38.83	0	-9.37783e-07	-6.54386e-07	0	1.14353	1.14353e+06	
33600	15.7516	38.9283	0	-3.22e-06	7.91473e-07	0	3.31585	3.31585e+06	
33700	15.3516	39.0267	0	-3.22e-06	7.91473e-07	0	3.31585	3.31585e+06	
33800	14.9516	39.125	0	-3.22e-06	7.91473e-07	0	3.31585	3.31585e+06	
33900	14.5516	39.2233	0	-3.22e-06	7.91473e-07	0	3.31585	3.31585e+06	
34000	14.1516	39.3216	0	-3.22e-06	7.91473e-07	0	3.31585	3.31585e+06	
34100	13.7516	39.1892	0	-3.22e-06	-1.066e-06	0	3.39187	3.39187e+06	
34200	13.3516	39.0568	0	-3.22e-06	-1.066e-06	0	3.39187	3.39187e+06	
34300	12.9516	38.9244	0	-3.22e-06	-1.066e-06	0	3.39187	3.39187e+06	
34400	12.5516	38.7919	0	-3.22e-06	-1.066e-06	0	3.39187	3.39187e+06	
34500	12.1516	38.6595	0	-3.22e-06	-1.066e-06	0	3.39187	3.39187e+06	
34600	11.8391	38.3596	0	-2.51547e-06	-2.41458e-06	0	3.4868	3.4868e+06	
34700	11.5266	38.0596	0	-2.51547e-06	-2.41458e-06	0	3.4868	3.4868e+06	
34800	11.2142	37.7597	0	-2.51547e-06	-2.41458e-06	0	3.4868	3.4868e+06	
34900	10.9017	37.4597	0	-2.51547e-06	-2.41458e-06	0	3.4868	3.4868e+06	
35000	10.5892	37.1598	0	-2.51547e-06	-2.41458e-06	0	3.4868	3.4868e+06	
35100	10.1892	36.8224	0	-3.22e-06	-2.71574e-06	0	4.21232	4.21232e+06	
35200	9.7892	36.4851	0	-3.22e-06	-2.71574e-06	0	4.21232	4.21232e+06	
35300	9.3892	36.1477	0	-3.22e-06	-2.71574e-06	0	4.21232	4.21232e+06	
35400	8.9892	35.8103	0	-3.22e-06	-2.71574e-06	0	4.21232	4.21232e+06	
35500	8.5892	35.473	0	-3.22e-06	-2.71574e-06	0	4.21232	4.21232e+06	
35600	8.1892	35.073	0	-3.22e-06	-3.22e-06	0	4.55377	4.55377e+06	
35700	7.7892	34.673	0	-3.22e-06	-3.22e-06	0	4.55377	4.55377e+06	
35800	7.3892	34.273	0	-3.22e-06	-3.22e-06	0	4.55377	4.55377e+06	
35900	6.9892	33.873	0	-3.22e-06	-3.22e-06	0	4.55377	4.55377e+06	
36000	6.5892	33.473	0	-3.22e-06	-3.22e-06	0	4.55377	4.55377e+06	
36100	6.94022	33.073	0	2.8257e-06	-3.22e-06	0	4.28404	4.28404e+06	
36200	7.29124	32.673	0	2.8257e-06	-3.22e-06	0	4.28404	4.28404e+06	
36300	7.64226	32.273	0	2.8257e-06	-3.22e-06	0	4.28404	4.28404e+06	
36400	7.99328	31.873	0	2.8257e-06	-3.22e-06	0	4.28404	4.28404e+06	
36500	8.3443	31.473	0	2.8257e-06	-3.22e-06	0	4.28404	4.28404e+06	
36600	8.7443	31.073	0	3.22e-06	-3.22e-06	0	4.55377	4.55377e+06	
36700	9.1443	30.673	0	3.22e-06	-3.22e-06	0	4.55377	4.55377e+06	
36800	9.40015	30.3999	0	3.22e-06	-3.22e-06	0	4.55377	4.55377e+06	
36900	9.37213	30.3673	0	3.22e-06	-3.22e-06	0	4.55377	4.55377e+06	
37000	9.3366	30.3239	0	3.22e-06	-3.22e-06	0	4.55377	4.55377e+06	
37100	9.29206	30.2661	0	3.22e-06	-3.22e-06	0	4.55377	4.55377e+06	
37200	9.23713	30.1887	0	3.22e-06	-3.22e-06	0	4.55377	4.55377e+06	
37300	9.17113	30.0849	0	3.22e-06	-3.22e-06	0	4.55377	4.55377e+06	
37400	9.10009	29.9624	0	3.22e-06	-3.22e-06	0	4.55377	4.55377e+06	
37500	9.07454	29.9288	0	3.22e-06	-3.22e-06	0	4.55377	4.55377e+06	
37600	9.07298	29.9272	0	3.22e-06	-3.22e-06	0	4.55377	4.55377e+06	
37700	9.0729	29.9271	0	3.22e-06	-3.22e-06	0	4.55377	4.55377e+06	
37800	9.0729	29.9271	0	3.22e-06	-3.22e-06	0	4.55377	4.55377e+06	
37900	9.0729	29.9271	0	3.22e-06	-3.22e-06	0	4.55377	4.55377e+06	
38000	9.0729	29.9271	0	3.22e-06	-3.22e-06	0	4.55377	4.55377e+06	
38100	9.0729	29.9271	0	3.22e-06	-3.22e-06	0	4.55377	4.55377e+06	
38200	9.0729	29.9271	0	3.22e-06	-3.22e-06	0	4.55377	4.55377e+06	
38300	9.0729	29.9271	0	3.22e-06	-3.22e-06	0	4.55377	4.55377e+06	
38400	9.0729	29.9271	0	3.22e-06	-3.22e-06	0	4.55377	4.55377e+06	
38500	9.0729	29.9271	0	3.22e-06	-3.22e-06	0	4.55377	4.55377e+06	
38600	9.0729	29.9271	0	3.22e-06	-3.22e-06	0	4.55377	4.55377e+06	
38700	9.0729	29.9271	0	3.22e-06	-3.22e-06	0	4.55377	4.55377e+06	
38800	9.0729	29.9271	0	3.22e-06	-3.22e-06	0	4.55377	4.55377e+06	
38900	9.0729	29.9271	0	3.22e-06	-3.22e-06	0	4.55377	4.55377e+06	
39000	9.0729	29.9271	0	3.22e-06	-3.22e-06	0	4.55377	4.55377e+06	
39100	9.06979	29.9247	0	3.08183e-06	-3.22e-06	0	4.45714	4.45714e+06	
39200	9.06965	29.9246	0	3.08183e-06	-3.22e-06	0	4.45714	4.45714e+06	
39300	9.06964	29.9246	0	3.08183e-06	-3.22e-06	0	4.45714	4.45714e+06	
39400	9.06964	29.9246	0	3.08183e-06	-3.22e-06	0	4.45714	4.45714e+06	
39500	9.06964	29.9246	0	3.08183e-06	-3.22e-06	0	4.45714	4.45714e+06	
39600	9.01011	29.8885	0	1.54134e-06	-3.22e-06	0	3.56989	3.56989e+06	
39700	8.97996	29.8713	0	1.54134e-06	-3.22e-06	0	3.56989	3.56989e+06	
39800	8.95203	29.8554	0	1.54134e-06	-3.22e-06	0	3.56989	3.56989e+06	
39900	8.92126	29.8376	0	1.54134e-06	-3.22e-06	0	3.56989	3.56989e+06	
40000	8.88509	29.8158	0	1.54134e-06	-3.22e-06	0	3.56989	3.56989e+06	
40100	8.79935	29.7622	0	1.11045e-06	-3.22e-06	0	3.4061	3.4061e+06	
40200	8.70002	29.6907	0	1.11045e-06	-3.22e-06	0	3.4061	3.4061e+06	
40300	8.58583	29.597	0	1.11045e-06	-3.22e-06	0	3.4061	3.4061e+06	
40400	8.45759	29.4747	0	1.11045e-06	-3.22e-06	0	3.4061	3.4061e+06	
40500	8.31846	29.3156	0	1.11045e-06	-3.22e-06	0	3.4061	3.4061e+06	
40600	8.1689	29.1032	0	9.72668e-07	-3.22e-06	0	3.3637	3.3637e+06	
40700	8.03457	28.9061	0	9.72668e-07	-3.22e-06	0	3.3637	3.3637e+06	
40800	7.94897	28.8556	0	9.72668e-07	-3.22e-06	0	3.3637	3.3637e+06	
40900	7.86121	28.8031	0	9.72668e-07	-3.22e-06	0	3.3637	3.3637e+06	
41000	7.75938	28.735	0	9.72668e-07	-3.22e-06	0	3.3637	3.3637e+06	
41100	7.59179	28.6066	0	3.74743e-07	-3.22e-06	0	3.24173	3.24173e+06	
41200	7.41489	28.435	0	3.74743e-07	-3.22e-06	0	3.24173	3.24173e+06	
41300	7.23679	28.214	0	3.74743e-07	-3.22e-06	0	3.24173	3.24173e+06	
41400	7.07178	27.9387	0	3.74743e-07	-3.22e-06	0	3.24173	3.24173e+06	
41500	6.9379	27.61	0	3.74743e-07	-3.22e-06	0	3.24173	3.24173e+06	
41600	6.87579	27.2774	0	1.57546e-06	-3.12171e-06	0	3.49673	3.49673e+06	
41700	6.85412	26.9001	0	1.57546e-06	-3.12171e-06	0	3.49673	3.49673e+06	
41800	6.89494	26.4965	0	1.57546e-06	-3.12171e-06	0	3.49673	3.49673e+06	
41900	6.86002	26.1353	0	1.57546e-06	-3.12171e-06	0	3.49673	3.49673e+06	
42000	6.86389	25.7436	0	1.57546e-06	-3.12171e-06	0	3.49673	3.49673e+06	
42100	6.88815	25.6776	0	2.74983e-06	-1.82977e-07	0	2.75591	2.75591e+06	
42200	6.90153	25.5987	0	2.74983e-06	-1.82977e-07	0	2.75591	2.75591e+06	
42300	6.92085	25.5072	0	2.74983e-06	-1.82977e-07	0	2.75591	2.75591e+06	
42400	6.94832	25.4019	0	2.74983e-06	-1.82977e-07	0	2.75591	2.75591e+06	
42500	6.98687	25.2814	0	2.74983e-06	-1.82977e-07	0	2.75591	2.75591e+06	
42600	6.93258	25.4586	0	2.08557e-06	2.2105e-06	0	3.03906	3.03906e+06	
42700	6.88728	25.669	0	2.08557e-06	2.2105e-06	0	3.03906	3.03906e+06	
42800	6.86124	25.9148	0	2.08557e-06	2.2105e-06	0	3.03906	3.03906e+06	
42900	6.86561	26.1951	0	2.08557e-06	2.2105e-06	0	3.03906	3.03906e+06	
43000	6.90269	26.4959	0	2.08557e-06	2.2105e-06	0	3.03906	3.03906e+06	
43100	6.86365	26.7422	0	9.75835e-07	2.13229e-06	0	2.34498	2.34498e+06	
43200	6.84419	26.9982	0	9.75835e-07	2.13229e-06	0	2.34498	2.34498e+06	
43300	6.85518	27.2695	0	9.75835e-07	2.13229e-06	0	2.34498	2.34498e+06	
43400	6.9001	27.5486	0	9.75835e-07	2.13229e-06	0	2.34498	2.34498e+06	
43500	6.9783	27.8274	0	9.75835e-07	2.13229e-06	0	2.34498	2.34498e+06	
43600	7.07502	27.9206	0	3.22e-06	-3.38685e-07	0	3.23776	3.23776e+06	
43700	7.14252	28.0513	0	3.22e-06	-3.38685e-07	0	3.23776	3.23776e+06	
43800	7.23406	28.2001	0	3.22e-06	-3.38685e-07	0	3.23776	3.23776e+06	
43900	7.35711	28.3654	0	3.22e-06	-3.38685e-07	0	3.23776	3.23776e+06	
44000	7.5201	28.5429	0	3.22e-06	-3.38685e-07	0	3.23776	3.23776e+06	
44100	7.68074	28.6794	0	3.16155e-06	-1.04326e-06	0	3.32924	3.32924e+06	
44200	7.88281	28.8221	0	3.16155e-06	-1.04326e-06	0	3.32924	3.32924e+06	
44300	8.08533	28.954	0	3.16155e-06	-1.04326e-06	0	3.32924	3.32924e+06	
44400	8.13439	29.0336	0	3.16155e-06	-1.04326e-06	0	3.32924	3.32924e+06	
44500	8.17815	29.1086	0	3.16155e-06	-1.04326e-06	0	3.32924	3.32924e+06	
44600	8.30385	29.3007	0	3.22e-06	4.40866e-08	0	3.2203	3.2203e+06	
44700	8.47679	29.5026	0	3.22e-06	4.40866e-08	0	3.2203	3.2203e+06	
44800	8.70214	29.7051	0	3.22e-06	4.40866e-08	0	3.2203	3.2203e+06	
44900	8.98327	29.8922	0	3.22e-06	4.40866e-08	0	3.2203	3.2203e+06	
45000	9.15101	30.0692	0	3.22e-06	4.40866e-08	0	3.2203	3.2203e+06	
45100	9.26643	30.2549	0	2.89733e-06	2.23317e-07	0	2.90593	2.90593e+06	
45200	9.42182	30.4486	0	2.89733e-06	2.23317e-07	0	2.90593	2.90593e+06	
45300	9.62095	30.6433	0	2.89733e-06	2.23317e-07	0	2.90593	2.90593e+06	
45400	9.86698	30.8269	0	2.89733e-06	2.23317e-07	0	2.90593	2.90593e+06	
45500	10.1045	30.995	0	2.89733e-06	2.23317e-07	0	2.90593	2.90593e+06	
45600	10.0066	30.9037	0	2.69542e-07	-1.85202e-06	0	1.87153	1.87153e+06	
45700	9.93161	30.8602	0	2.69542e-07	-1.85202e-06	0	1.87153	1.87153e+06	
45800	9.85413	30.8137	0	2.69542e-07	-1.85202e-06	0	1.87153	1.87153e+06	
45900	9.77117	30.7591	0	2.69542e-07	-1.85202e-06	0	1.87153	1.87153e+06	
46000	9.68279	30.6946	0	2.69542e-07	-1.85202e-06	0	1.87153	1.87153e+06	
46100	9.66887	30.673	0	1.38201e-06	-2.07402e-06	0	2.49229	2.49229e+06	
46200	9.64704	30.6554	0	1.38201e-06	-2.07402e-06	0	2.49229	2.49229e+06	
46300	9.62212	30.6348	0	1.38201e-06	-2.07402e-06	0	2.49229	2.49229e+06	
46400	9.59373	30.6105	0	1.38201e-06	-2.07402e-06	0	2.49229	2.49229e+06	
46500	9.56149	30.5818	0	1.38201e-06	-2.07402e-06	0	2.49229	2.49229e+06	
46600	9.39584	30.4125	0	5.44759e-07	-3.22e-06	0	3.26576	3.26576e+06	
46700	9.22641	30.197	0	5.44759e-07	-3.22e-06	0	3.26576	3.26576e+06	
46800	9.0676	29.941	0	5.44759e-07	-3.22e-06	0	3.26576	3.26576e+06	
46900	8.93791	29.8508	0	5.44759e-07	-3.22e-06	0	3.26576	3.26576e+06	
47000	8.80708	29.7698	0	5.44759e-07	-3.22e-06	0	3.26576	3.26576e+06	
47100	8.91542	29.8291	0	3.22e-06	-3.22e-06	0	4.55377	4.55377e+06	
47200	9.03783	29.9001	0	3.22e-06	-3.22e-06	0	4.55377	4.55377e+06	
47300	9.07124	29.9255	0	3.22e-06	-3.22e-06	0	4.55377	4.55377e+06	
47400	9.07282	29.927	0	3.22e-06	-3.22e-06	0	4.55377	4.55377e+06	
47500	9.0729	29.9271	0	3.22e-06	-3.22e-06	0	4.55377	4.55377e+06	
47600	9.07232	29.9266	0	3.19389e-06	-3.22e-06	0	4.53534	4.53534e+06	
47700	9.0723	29.9266	0	3.19389e-06	-3.22e-06	0	4.53534	4.53534e+06	
47800	9.0723	29.9266	0	3.19389e-06	-3.22e-06	0	4.53534	4.53534e+06	
47900	9.0723	29.9266	0	3.19389e-06	-3.22e-06	0	4.53534	4.53534e+06	
48000	9.0723	29.9266	0	3.19389e-06	-3.22e-06	0	4.53534	4.53534e+06	
48100	9.07287	29.9271	0	3.22e-06	-3.22e-06	0	4.55377	4.55377e+06	
48200	9.0729	29.9271	0	3.22e-06	-3.22e-06	0	4.55377	4.55377e+06	
48300	9.0729	29.9271	0	3.22e-06	-3.22e-06	0	4.55377	4.55377e+06	
48400	9.0729	29.9271	0	3.22e-06	-3.22e-06	0	4.55377	4.55377e+06	
48500	9.0729	29.9271	0	3.22e-06	-3.22e-06	0	4.55377	4.55377e+06	
48600	9.0729	29.9271	0	3.22e-06	-3.22e-06	0	4.55377	4.55377e+06	
48700	9.0729	29.9271	0	3.22e-06	-3.22e-06	0	4.55377	4.55377e+06	
48800	9.0729	29.9271	0	3.22e-06	-3.22e-06	0	4.55377	4.55377e+06	
48900	9.0729	29.9271	0	3.22e-06	-3.22e-06	0	4.55377	4.55377e+06	
49000	9.0729	29.9271	0	3.22e-06	-3.22e-06	0	4.55377	4.55377e+06	
49100	9.072	29.9264	0	3.17913e-06	-3.22e-06	0	4.52496	4.52496e+06	
49200	9.07196	29.9264	0	3.17913e-06	-3.22e-06	0	4.52496	4.52496e+06	
49300	9.07196	29.9264	0	3.17913e-06	-3.22e-06	0	4.52496	4.52496e+06	
49400	9.07196	29.9264	0	3.17913e-06	-3.22e-06	0	4.52496	4.52496e+06	
49500	9.07196	29.9264	0	3.17913e-06	-3.22e-06	0	4.52496	4.52496e+06	
49600	9.07286	29.9271	0	3.22e-06	-3.22e-06	0	4.55377	4.55377e+06	
49700	9.0729	29.9271	0	3.22e-06	-3.22e-06	0	4.55377	4.55377e+06	
49800	9.0729	29.9271	0	3.22e-06	-3.22e-06	0	4.55377	4.55377e+06	
49900	9.0729	29.9271	0	3.22e-06	-3.22e-06	0	4.55377	4.55377e+06	
50000	9.0729	29.9271	0	3.22e-06	-3.22e-06	0	4.55377	4.55377e+06	
