0	24	15	0	2.7206e-06	3.22e-06	0	4.21545	4.21545e+06	
100	24.3235	15.4	0	2.604e-06	3.22e-06	0	4.14116	4.14116e+06	
200	24.647	15.8	0	2.604e-06	3.22e-06	0	4.14116	4.14116e+06	
300	24.9704	16.2	0	2.604e-06	3.22e-06	0	4.14116	4.14116e+06	
400	25.2939	16.6	0	2.604e-06	3.22e-06	0	4.14116	4.14116e+06	
500	25.6174	17	0	2.604e-06	3.22e-06	0	4.14116	4.14116e+06	
600	26.0174	17.4	0	3.22e-06	3.22e-06	0	4.55377	4.55377e+06	
700	26.4174	17.8	0	3.22e-06	3.22e-06	0	4.55377	4.55377e+06	
800	26.8174	18.2	0	3.22e-06	3.22e-06	0	4.55377	4.55377e+06	
900	27.2174	18.6	0	3.22e-06	3.22e-06	0	4.55377	4.55377e+06	
1000	27.6174	19	0	3.22e-06	3.22e-06	0	4.55377	4.55377e+06	
1100	28.0174	19.4	0	3.22e-06	3.22e-06	0	4.55377	4.55377e+06	
1200	28.4174	19.8	0	3.22e-06	3.22e-06	0	4.55377	4.55377e+06	
1300	28.8174	20.2	0	3.22e-06	3.22e-06	0	4.55377	4.55377e+06	
1400	29.2174	20.6	0	3.22e-06	3.22e-06	0	4.55377	4.55377e+06	
1500	29.2818	20.7478	0	3.22e-06	3.22e-06	0	4.55377	4.55377e+06	
1600	29.2218	20.8339	0	3.15865e-06	3.22e-06	0	4.5106	4.5106e+06	
1700	29.1507	20.9497	0	3.15865e-06	3.22e-06	0	4.5106	4.5106e+06	
1800	29.0702	21.1048	0	3.15865e-06	3.22e-06	0	4.5106	4.5106e+06	
1900	28.9861	21.3119	0	3.15865e-06	3.22e-06	0	4.5106	4.5106e+06	
2000	28.9113	21.5841	0	3.15865e-06	3.22e-06	0	4.5106	4.5106e+06	
2100	28.8441	21.9629	0	8.54756e-07	3.22e-06	0	3.33152	3.33152e+06	
2200	28.8598	22.3685	0	8.54756e-07	3.22e-06	0	3.33152	3.33152e+06	
2300	28.8617	22.7595	0	8.54756e-07	3.22e-06	0	3.33152	3.33152e+06	
2400	28.8434	23.1559	0	8.54756e-07	3.22e-06	0	3.33152	3.33152e+06	
2500	28.8903	23.5648	0	8.54756e-07	3.22e-06	0	3.33152	3.33152e+06	
2600	29.1113	24.03	0	3.06894e-06	3.22e-06	0	4.44823	4.44823e+06	
2700	29.4102	24.4863	0	3.06894e-06	3.22e-06	0	4.44823	4.44823e+06	
2800	29.7809	24.8976	0	3.06894e-06	3.22e-06	0	4.44823	4.44823e+06	
2900	30.1619	25.2978	0	3.06894e-06	3.22e-06	0	4.44823	4.44823e+06	
3000	30.5411	25.6996	0	3.06894e-06	3.22e-06	0	4.44823	4.44823e+06	
3100	30.7975	26.0998	0	2.06506e-06	3.22e-06	0	3.82529	3.82529e+06	
3200	31.054	26.4998	0	2.06506e-06	3.22e-06	0	3.82529	3.82529e+06	
3300	31.3105	26.8998	0	2.06506e-06	3.22e-06	0	3.82529	3.82529e+06	
3400	31.5671	27.2998	0	2.06506e-06	3.22e-06	0	3.82529	3.82529e+06	
3500	31.8236	27.6998	0	2.06506e-06	3.22e-06	0	3.82529	3.82529e+06	
3600	31.8447	28.0998	0	1.69538e-07	3.22e-06	0	3.22446	3.22446e+06	
3700	31.8657	28.4998	0	1.69538e-07	3.22e-06	0	3.22446	3.22446e+06	
3800	31.8868	28.8998	0	1.69538e-07	3.22e-06	0	3.22446	3.22446e+06	
3900	31.9078	29.2998	0	1.69538e-07	3.22e-06	0	3.22446	3.22446e+06	
4000	31.9289	29.6998	0	1.69538e-07	3.22e-06	0	3.22446	3.22446e+06	
4100	31.7127	30.0998	0	-1.7402e-06	3.22e-06	0	3.66015	3.66015e+06	
4200	31.4965	30.4998	0	-1.7402e-06	3.22e-06	0	3.66015	3.66015e+06	
4300	31.2804	30.8998	0	-1.7402e-06	3.22e-06	0	3.66015	3.66015e+06	
4400	31.0642	31.2998	0	-1.7402e-06	3.22e-06	0	3.66015	3.66015e+06	
4500	30.848	31.6998	0	-1.7402e-06	3.22e-06	0	3.66015	3.66015e+06	
4600	30.9237	32.0998	0	6.09455e-07	3.22e-06	0	3.27717	3.27717e+06	
4700	30.9994	32.4998	0	6.09455e-07	3.22e-06	0	3.27717	3.27717e+06	
4800	31.0752	32.8998	0	6.09455e-07	3.22e-06	0	3.27717	3.27717e+06	
4900	31.1509	33.2998	0	6.09455e-07	3.22e-06	0	3.27717	3.27717e+06	
5000	31.2266	33.6998	0	6.09455e-07	3.22e-06	0	3.27717	3.27717e+06	
5100	31.1052	34.0998	0	-9.76625e-07	3.22e-06	0	3.36485	3.36485e+06	
5200	30.9839	34.4998	0	-9.76625e-07	3.22e-06	0	3.36485	3.36485e+06	
5300	30.8626	34.8998	0	-9.76625e-07	3.22e-06	0	3.36485	3.36485e+06	
5400	30.7413	35.2998	0	-9.76625e-07	3.22e-06	0	3.36485	3.36485e+06	
5500	30.62	35.6998	0	-9.76625e-07	3.22e-06	0	3.36485	3.36485e+06	
5600	30.22	36.0998	0	-3.22e-06	3.22e-06	0	4.55377	4.55377e+06	
5700	29.82	36.4998	0	-3.22e-06	3.22e-06	0	4.55377	4.55377e+06	
5800	29.42	36.8998	0	-3.22e-06	3.22e-06	0	4.55377	4.55377e+06	
5900	29.02	37.2998	0	-3.22e-06	3.22e-06	0	4.55377	4.55377e+06	
6000	28.62	37.6998	0	-3.22e-06	3.22e-06	0	4.55377	4.55377e+06	
6100	28.3978	38.0998	0	-1.78821e-06	3.22e-06	0	3.68322	3.68322e+06	
6200	28.1757	38.4998	0	-1.78821e-06	3.22e-06	0	3.68322	3.68322e+06	
6300	27.9536	38.8998	0	-1.78821e-06	3.22e-06	0	3.68322	3.68322e+06	
6400	27.8437	39.0441	0	-1.78821e-06	3.22e-06	0	3.68322	3.68322e+06	
6500	27.7969	39.0245	0	-1.78821e-06	3.22e-06	0	3.68322	3.68322e+06	
6600	27.7809	39.0173	0	-1.43663e-06	3.22e-06	0	3.52595	3.52595e+06	
6700	27.7607	39.0095	0	-1.43663e-06	3.22e-06	0	3.52595	3.52595e+06	
6800	27.7359	39.0001	0	-1.43663e-06	3.22e-06	0	3.52595	3.52595e+06	
6900	27.7053	38.9891	0	-1.43663e-06	3.22e-06	0	3.52595	3.52595e+06	
7000	27.6675	38.9762	0	-1.43663e-06	3.22e-06	0	3.52595	3.52595e+06	
7100	27.4775	38.9244	0	-2.55476e-06	3.22e-06	0	4.11037	4.11037e+06	
7200	27.2369	38.8821	0	-2.55476e-06	3.22e-06	0	4.11037	4.11037e+06	
7300	26.9384	38.8678	0	-2.55476e-06	3.22e-06	0	4.11037	4.11037e+06	
7400	26.584	38.9029	0	-2.55476e-06	3.22e-06	0	4.11037	4.11037e+06	
7500	26.2999	38.8902	0	-2.55476e-06	3.22e-06	0	4.11037	4.11037e+06	
7600	26.5104	38.9129	0	1.36338e-06	3.22e-06	0	3.49674	3.49674e+06	
7700	26.6304	38.8997	0	1.36338e-06	3.22e-06	0	3.49674	3.49674e+06	
7800	26.7409	38.8839	0	1.36338e-06	3.22e-06	0	3.49674	3.49674e+06	
7900	26.8724	38.8716	0	1.36338e-06	3.22e-06	0	3.49674	3.49674e+06	
8000	27.032	38.8674	0	1.36338e-06	3.22e-06	0	3.49674	3.49674e+06	
8100	27.1032	38.8634	0	4.9934e-07	2.37204e-06	0	2.42403	2.42403e+06	
8200	27.1846	38.8687	0	4.9934e-07	2.37204e-06	0	2.42403	2.42403e+06	
8300	27.2773	38.8785	0	4.9934e-07	2.37204e-06	0	2.42403	2.42403e+06	
8400	27.3826	38.8946	0	4.9934e-07	2.37204e-06	0	2.42403	2.42403e+06	
8500	27.5014	38.9191	0	4.9934e-07	2.37204e-06	0	2.42403	2.42403e+06	
8600	27.8123	39.0063	0	2.07617e-06	2.06109e-06	0	2.92551	2.92551e+06	
8700	28.124	39.1538	0	2.07617e-06	2.06109e-06	0	2.92551	2.92551e+06	
8800	28.4224	39.3529	0	2.07617e-06	2.06109e-06	0	2.92551	2.92551e+06	
8900	28.6983	39.5906	0	2.07617e-06	2.06109e-06	0	2.92551	2.92551e+06	
9000	28.9589	39.8446	0	2.07617e-06	2.06109e-06	0	2.92551	2.92551e+06	
9100	28.9589	40.0129	0	-3.62686e-08	1.37371e-06	0	1.37419	1.37419e+06	
9200	28.9999	40.1629	0	-3.62686e-08	1.37371e-06	0	1.37419	1.37419e+06	
9300	29.0575	40.3101	0	-3.62686e-08	1.37371e-06	0	1.37419	1.37419e+06	
9400	29.1071	40.4647	0	-3.62686e-08	1.37371e-06	0	1.37419	1.37419e+06	
9500	29.1467	40.6258	0	-3.62686e-08	1.37371e-06	0	1.37419	1.37419e+06	
9600	29.1024	40.4155	0	-6.62866e-07	-1.62453e-06	0	1.75456	1.75456e+06	
9700	29.045	40.2055	0	-6.62866e-07	-1.62453e-06	0	1.75456	1.75456e+06	
9800	28.9741	39.9987	0	-6.62866e-07	-1.62453e-06	0	1.75456	1.75456e+06	
9900	28.8951	39.7951	0	-6.62866e-07	-1.62453e-06	0	1.75456	1.75456e+06	
10000	28.8132	39.593	0	-6.62866e-07	-1.62453e-06	0	1.75456	1.75456e+06	
10100	28.694	39.4486	0	-9.60545e-07	-1.16118e-06	0	1.50698	1.50698e+06	
10200	28.5747	39.3043	0	-9.60545e-07	-1.16118e-06	0	1.50698	1.50698e+06	
10300	28.4554	39.1601	0	-9.60545e-07	-1.16118e-06	0	1.50698	1.50698e+06	
10400	28.3361	39.0158	0	-9.60545e-07	-1.16118e-06	0	1.50698	1.50698e+06	
10500	28.2168	38.8716	0	-9.60545e-07	-1.16118e-06	0	1.50698	1.50698e+06	
10600	27.9092	38.5437	0	-2.47603e-06	-2.63941e-06	0	3.619	3.619e+06	
10700	27.6016	38.2158	0	-2.47603e-06	-2.63941e-06	0	3.619	3.619e+06	
10800	27.294	37.888	0	-2.47603e-06	-2.63941e-06	0	3.619	3.619e+06	
10900	26.9864	37.5601	0	-2.47603e-06	-2.63941e-06	0	3.619	3.619e+06	
11000	26.6789	37.2322	0	-2.47603e-06	-2.63941e-06	0	3.619	3.619e+06	
11100	26.9686	36.8322	0	2.33276e-06	-3.22e-06	0	3.9762	3.9762e+06	
11200	27.2584	36.4322	0	2.33276e-06	-3.22e-06	0	3.9762	3.9762e+06	
11300	27.5482	36.0322	0	2.33276e-06	-3.22e-06	0	3.9762	3.9762e+06	
11400	27.838	35.6322	0	2.33276e-06	-3.22e-06	0	3.9762	3.9762e+06	
11500	28.1278	35.2322	0	2.33276e-06	-3.22e-06	0	3.9762	3.9762e+06	
11600	28.5278	34.8322	0	3.22e-06	-3.22e-06	0	4.55377	4.55377e+06	
11700	28.9278	34.4322	0	3.22e-06	-3.22e-06	0	4.55377	4.55377e+06	
11800	29.3278	34.0322	0	3.22e-06	-3.22e-06	0	4.55377	4.55377e+06	
11900	29.7278	33.6322	0	3.22e-06	-3.22e-06	0	4.55377	4.55377e+06	
12000	30.1278	33.2322	0	3.22e-06	-3.22e-06	0	4.55377	4.55377e+06	
12100	29.7368	32.8322	0	-3.14758e-06	-3.22e-06	0	4.50285	4.50285e+06	
12200	29.3458	32.4322	0	-3.14758e-06	-3.22e-06	0	4.50285	4.50285e+06	
12300	28.9548	32.0322	0	-3.14758e-06	-3.22e-06	0	4.50285	4.50285e+06	
12400	28.5638	31.6322	0	-3.14758e-06	-3.22e-06	0	4.50285	4.50285e+06	
12500	28.1728	31.2322	0	-3.14758e-06	-3.22e-06	0	4.50285	4.50285e+06	
12600	28.5728	30.8322	0	3.22e-06	-3.22e-06	0	4.55377	4.55377e+06	
12700	28.9728	30.4322	0	3.22e-06	-3.22e-06	0	4.55377	4.55377e+06	
12800	29.3728	30.0322	0	3.22e-06	-3.22e-06	0	4.55377	4.55377e+06	
12900	29.7728	29.6322	0	3.22e-06	-3.22e-06	0	4.55377	4.55377e+06	
13000	30.1728	29.2322	0	3.22e-06	-3.22e-06	0	4.55377	4.55377e+06	
13100	29.9131	28.8322	0	-2.0901e-06	-3.22e-06	0	3.83887	3.83887e+06	
13200	29.6535	28.4322	0	-2.0901e-06	-3.22e-06	0	3.83887	3.83887e+06	
13300	29.3938	28.0322	0	-2.0901e-06	-3.22e-06	0	3.83887	3.83887e+06	
13400	29.1342	27.6322	0	-2.0901e-06	-3.22e-06	0	3.83887	3.83887e+06	
13500	28.8746	27.2322	0	-2.0901e-06	-3.22e-06	0	3.83887	3.83887e+06	
13600	29.2177	26.8322	0	2.76248e-06	-3.22e-06	0	4.24261	4.24261e+06	
13700	29.5609	26.4322	0	2.76248e-06	-3.22e-06	0	4.24261	4.24261e+06	
13800	29.9041	26.0322	0	2.76248e-06	-3.22e-06	0	4.24261	4.24261e+06	
13900	30.2472	25.6322	0	2.76248e-06	-3.22e-06	0	4.24261	4.24261e+06	
14000	30.3999	25.402	0	2.76248e-06	-3.22e-06	0	4.24261	4.24261e+06	
14100	30.3733	25.3687	0	3.22e-06	-3.22e-06	0	4.55377	4.55377e+06	
14200	30.3381	25.3258	0	3.22e-06	-3.22e-06	0	4.55377	4.55377e+06	
14300	30.2939	25.2686	0	3.22e-06	-3.22e-06	0	4.55377	4.55377e+06	
14400	30.2394	25.192	0	3.22e-06	-3.22e-06	0	4.55377	4.55377e+06	
14500	30.1738	25.0894	0	3.22e-06	-3.22e-06	0	4.55377	4.55377e+06	
14600	30.1024	24.9661	0	3.22e-06	-3.22e-06	0	4.55377	4.55377e+06	
14700	30.0747	24.929	0	3.22e-06	-3.22e-06	0	4.55377	4.55377e+06	
14800	30.073	24.9272	0	3.22e-06	-3.22e-06	0	4.55377	4.55377e+06	
14900	30.0729	24.9271	0	3.22e-06	-3.22e-06	0	4.55377	4.55377e+06	
15000	30.0729	24.9271	0	3.22e-06	-3.22e-06	0	4.55377	4.55377e+06	
15100	30.0729	24.9271	0	3.22e-06	-3.22e-06	0	4.55377	4.55377e+06	
15200	30.0729	24.9271	0	3.22e-06	-3.22e-06	0	4.55377	4.55377e+06	
15300	30.0729	24.9271	0	3.22e-06	-3.22e-06	0	4.55377	4.55377e+06	
15400	30.0729	24.9271	0	3.22e-06	-3.22e-06	0	4.55377	4.55377e+06	
15500	30.0729	24.9271	0	3.22e-06	-3.22e-06	0	4.55377	4.55377e+06	
15600	30.0729	24.9271	0	3.22e-06	-3.22e-06	0	4.55377	4.55377e+06	
15700	30.0729	24.9271	0	3.22e-06	-3.22e-06	0	4.55377	4.55377e+06	
15800	30.0729	24.9271	0	3.22e-06	-3.22e-06	0	4.55377	4.55377e+06	
15900	30.0729	24.9271	0	3.22e-06	-3.22e-06	0	4.55377	4.55377e+06	
16000	30.0729	24.9271	0	3.22e-06	-3.22e-06	0	4.55377	4.55377e+06	
16100	30.0729	24.9271	0	3.22e-06	-3.22e-06	0	4.55377	4.55377e+06	
16200	30.0729	24.9271	0	3.22e-06	-3.22e-06	0	4.55377	4.55377e+06	
16300	30.0729	24.9271	0	3.22e-06	-3.22e-06	0	4.55377	4.55377e+06	
16400	30.0729	24.9271	0	3.22e-06	-3.22e-06	0	4.55377	4.55377e+06	
16500	30.0729	24.9271	0	3.22e-06	-3.22e-06	0	4.55377	4.55377e+06	
16600	30.0729	24.9271	0	3.22e-06	-3.22e-06	0	4.55377	4.55377e+06	
16700	30.0729	24.9271	0	3.22e-06	-3.22e-06	0	4.55377	4.55377e+06	
16800	30.0729	24.9271	0	3.22e-06	-3.22e-06	0	4.55377	4.55377e+06	
16900	30.0729	24.9271	0	3.22e-06	-3.22e-06	0	4.55377	4.55377e+06	
17000	30.0729	24.9271	0	3.22e-06	-3.22e-06	0	4.55377	4.55377e+06	
17100	30.0729	24.9271	0	3.22e-06	-3.22e-06	0	4.55377	4.55377e+06	
17200	30.0729	24.9271	0	3.22e-06	-3.22e-06	0	4.55377	4.55377e+06	
17300	30.0729	24.9271	0	3.22e-06	-3.22e-06	0	4.55377	4.55377e+06	
17400	30.0729	24.9271	0	3.22e-06	-3.22e-06	0	4.55377	4.55377e+06	
17500	30.0729	24.9271	0	3.22e-06	-3.22e-06	0	4.55377	4.55377e+06	
17600	30.1645	25.0901	0	3.22e-06	-2.60229e-07	0	3.2305	3.2305e+06	
17700	30.269	25.251	0	3.22e-06	-2.60229e-07	0	3.2305	3.2305e+06	
17800	30.4092	25.4271	0	3.22e-06	-2.60229e-07	0	3.2305	3.2305e+06	
17900	30.5937	25.6119	0	3.22e-06	-2.60229e-07	0	3.2305	3.2305e+06	
18000	30.8299	25.7944	0	3.22e-06	-2.60229e-07	0	3.2305	3.2305e+06	
18100	31.1647	25.9938	0	3.22e-06	6.47262e-07	0	3.28441	3.28441e+06	
18200	31.545	26.134	0	3.22e-06	6.47262e-07	0	3.28441	3.28441e+06	
18300	31.8792	26.236	0	3.22e-06	6.47262e-07	0	3.28441	3.28441e+06	
18400	31.8987	26.3709	0	3.22e-06	6.47262e-07	0	3.28441	3.28441e+06	
18500	31.9324	26.5299	0	3.22e-06	6.47262e-07	0	3.28441	3.28441e+06	
18600	31.9394	26.5483	0	3.22e-06	-6.76908e-07	0	3.29038	3.29038e+06	
18700	31.9456	26.5713	0	3.22e-06	-6.76908e-07	0	3.29038	3.29038e+06	
18800	31.9535	26.599	0	3.22e-06	-6.76908e-07	0	3.29038	3.29038e+06	
18900	31.9635	26.6324	0	3.22e-06	-6.76908e-07	0	3.29038	3.29038e+06	
19000	31.9764	26.6725	0	3.22e-06	-6.76908e-07	0	3.29038	3.29038e+06	
19100	32.0297	26.848	0	2.20047e-06	7.44845e-07	0	2.32311	2.32311e+06	
19200	32.1168	27.0308	0	2.20047e-06	7.44845e-07	0	2.32311	2.32311e+06	
19300	32.2312	27.2209	0	2.20047e-06	7.44845e-07	0	2.32311	2.32311e+06	
19400	32.3759	27.4126	0	2.20047e-06	7.44845e-07	0	2.32311	2.32311e+06	
19500	32.5527	27.5992	0	2.20047e-06	7.44845e-07	0	2.32311	2.32311e+06	
19600	32.272	27.3135	0	-1.72315e-06	-2.80454e-06	0	3.29161	3.29161e+06	
19700	32.0295	26.9837	0	-1.72315e-06	-2.80454e-06	0	3.29161	3.29161e+06	
19800	31.8119	26.6369	0	-1.72315e-06	-2.80454e-06	0	3.29161	3.29161e+06	
19900	31.5978	26.2885	0	-1.72315e-06	-2.80454e-06	0	3.29161	3.29161e+06	
20000	31.3552	26.0412	0	-1.72315e-06	-2.80454e-06	0	3.29161	3.29161e+06	
20100	31.6644	26.1075	0	3.22e-06	-2.51964e-06	0	4.08864	4.08864e+06	
20200	31.8707	26.1353	0	3.22e-06	-2.51964e-06	0	4.08864	4.08864e+06	
20300	31.8707	26.1353	0	3.22e-06	-2.51964e-06	0	4.08864	4.08864e+06	
20400	31.8707	26.1353	0	3.22e-06	-2.51964e-06	0	4.08864	4.08864e+06	
20500	31.8707	26.1353	0	3.22e-06	-2.51964e-06	0	4.08864	4.08864e+06	
20600	31.8706	26.1342	0	3.22e-06	-2.65377e-06	0	4.17264	4.17264e+06	
20700	31.8706	26.1342	0	3.22e-06	-2.65377e-06	0	4.17264	4.17264e+06	
20800	31.8706	26.1342	0	3.22e-06	-2.65377e-06	0	4.17264	4.17264e+06	
20900	31.8706	26.1342	0	3.22e-06	-2.65377e-06	0	4.17264	4.17264e+06	
21000	31.8706	26.1342	0	3.22e-06	-2.65377e-06	0	4.17264	4.17264e+06	
21100	31.8701	26.1299	0	3.22e-06	-3.22e-06	0	4.55377	4.55377e+06	
21200	31.8701	26.1299	0	3.22e-06	-3.22e-06	0	4.55377	4.55377e+06	
21300	31.8701	26.1299	0	3.22e-06	-3.22e-06	0	4.55377	4.55377e+06	
21400	31.8701	26.1299	0	3.22e-06	-3.22e-06	0	4.55377	4.55377e+06	
21500	31.8701	26.1299	0	3.22e-06	-3.22e-06	0	4.55377	4.55377e+06	
21600	31.8701	26.1299	0	3.22e-06	-3.22e-06	0	4.55377	4.55377e+06	
21700	31.8701	26.1299	0	3.22e-06	-3.22e-06	0	4.55377	4.55377e+06	
21800	31.8701	26.1299	0	3.22e-06	-3.22e-06	0	4.55377	4.55377e+06	
21900	31.8701	26.1299	0	3.22e-06	-3.22e-06	0	4.55377	4.55377e+06	
22000	31.8701	26.1299	0	3.22e-06	-3.22e-06	0	4.55377	4.55377e+06	
22100	31.8701	26.1299	0	3.22e-06	-3.22e-06	0	4.55377	4.55377e+06	
22200	31.8701	26.1299	0	3.22e-06	-3.22e-06	0	4.55377	4.55377e+06	
22300	31.8701	26.1299	0	3.22e-06	-3.22e-06	0	4.55377	4.55377e+06	
22400	31.8701	26.1299	0	3.22e-06	-3.22e-06	0	4.55377	4.55377e+06	
22500	31.8701	26.1299	0	3.22e-06	-3.22e-06	0	4.55377	4.55377e+06	
22600	31.8701	26.1299	0	3.22e-06	-3.22e-06	0	4.55377	4.55377e+06	
22700	31.8701	26.1299	0	3.22e-06	-3.22e-06	0	4.55377	4.55377e+06	
22800	31.8701	26.1299	0	3.22e-06	-3.22e-06	0	4.55377	4.55377e+06	
22900	31.8701	26.1299	0	3.22e-06	-3.22e-06	0	4.55377	4.55377e+06	
23000	31.8701	26.1299	0	3.22e-06	-3.22e-06	0	4.55377	4.55377e+06	
23100	31.8704	26.133	0	3.22e-06	-2.80024e-06	0	4.26729	4.26729e+06	
23200	31.8704	26.133	0	3.22e-06	-2.80024e-06	0	4.26729	4.26729e+06	
23300	31.8704	26.133	0	3.22e-06	-2.80024e-06	0	4.26729	4.26729e+06	
23400	31.8704	26.133	0	3.22e-06	-2.80024e-06	0	4.26729	4.26729e+06	
23500	31.8704	26.133	0	3.22e-06	-2.80024e-06	0	4.26729	4.26729e+06	
23600	31.8701	26.1299	0	3.22e-06	-3.22e-06	0	4.55377	4.55377e+06	
23700	31.8701	26.1299	0	3.22e-06	-3.22e-06	0	4.55377	4.55377e+06	
23800	31.8701	26.1299	0	3.22e-06	-3.22e-06	0	4.55377	4.55377e+06	
23900	31.8701	26.1299	0	3.22e-06	-3.22e-06	0	4.55377	4.55377e+06	
24000	31.8701	26.1299	0	3.22e-06	-3.22e-06	0	4.55377	4.55377e+06	
24100	31.877	26.2052	0	3.22e-06	-7.50914e-08	0	3.22088	3.22088e+06	
24200	31.8809	26.2417	0	3.22e-06	-7.50914e-08	0	3.22088	3.22088e+06	
24300	31.8858	26.2817	0	3.22e-06	-7.50914e-08	0	3.22088	3.22088e+06	
24400	31.8927	26.3292	0	3.22e-06	-7.50914e-08	0	3.22088	3.22088e+06	
24500	31.9022	26.386	0	3.22e-06	-7.50914e-08	0	3.22088	3.22088e+06	
24600	31.9242	26.4933	0	3.22e-06	2.26178e-07	0	3.22793	3.22793e+06	
24700	31.958	26.6199	0	3.22e-06	2.26178e-07	0	3.22793	3.22793e+06	
24800	32.0082	26.7677	0	3.22e-06	2.26178e-07	0	3.22793	3.22793e+06	
24900	32.0813	26.9376	0	3.22e-06	2.26178e-07	0	3.22793	3.22793e+06	
25000	32.1855	27.1285	0	3.22e-06	2.26178e-07	0	3.22793	3.22793e+06	
25100	32.4786	27.5441	0	3.22e-06	2.6933e-06	0	4.19789	4.19789e+06	
25200	32.8583	27.9026	0	3.22e-06	2.6933e-06	0	4.19789	4.19789e+06	
25300	33.2578	28.2381	0	3.22e-06	2.6933e-06	0	4.19789	4.19789e+06	
25400	33.6578	28.5727	0	3.22e-06	2.6933e-06	0	4.19789	4.19789e+06	
25500	34.0578	28.9073	0	3.22e-06	2.6933e-06	0	4.19789	4.19789e+06	
25600	34.2096	29.1928	0	1.22196e-06	2.29831e-06	0	2.60296	2.60296e+06	
25700	34.3614	29.4783	0	1.22196e-06	2.29831e-06	0	2.60296	2.60296e+06	
25800	34.5132	29.7638	0	1.22196e-06	2.29831e-06	0	2.60296	2.60296e+06	
25900	34.665	30.0493	0	1.22196e-06	2.29831e-06	0	2.60296	2.60296e+06	
26000	34.8168	30.3348	0	1.22196e-06	2.29831e-06	0	2.60296	2.60296e+06	
26100	34.9704	30.7081	0	1.23669e-06	3.00465e-06	0	3.2492	3.2492e+06	
26200	35.1241	31.0813	0	1.23669e-06	3.00465e-06	0	3.2492	3.2492e+06	
26300	35.2777	31.4546	0	1.23669e-06	3.00465e-06	0	3.2492	3.2492e+06	
26400	35.4313	31.8278	0	1.23669e-06	3.00465e-06	0	3.2492	3.2492e+06	
26500	35.5849	32.2011	0	1.23669e-06	3.00465e-06	0	3.2492	3.2492e+06	
26600	35.6736	32.3827	0	7.1396e-07	1.46186e-06	0	1.62689	1.62689e+06	
26700	35.7623	32.5643	0	7.1396e-07	1.46186e-06	0	1.62689	1.62689e+06	
26800	35.851	32.7458	0	7.1396e-07	1.46186e-06	0	1.62689	1.62689e+06	
26900	35.9397	32.9274	0	7.1396e-07	1.46186e-06	0	1.62689	1.62689e+06	
27000	36.0284	33.109	0	7.1396e-07	1.46186e-06	0	1.62689	1.62689e+06	
27100	36.0953	33.4661	0	5.38465e-07	2.87429e-06	0	2.92429	2.92429e+06	
27200	36.1622	33.8232	0	5.38465e-07	2.87429e-06	0	2.92429	2.92429e+06	
27300	36.2291	34.1802	0	5.38465e-07	2.87429e-06	0	2.92429	2.92429e+06	
27400	36.2959	34.5373	0	5.38465e-07	2.87429e-06	0	2.92429	2.92429e+06	
27500	36.3628	34.8943	0	5.38465e-07	2.87429e-06	0	2.92429	2.92429e+06	
27600	36.2796	35.2726	0	-6.70187e-07	3.04482e-06	0	3.1177	3.1177e+06	
27700	36.1963	35.6508	0	-6.70187e-07	3.04482e-06	0	3.1177	3.1177e+06	
27800	36.1131	36.029	0	-6.70187e-07	3.04482e-06	0	3.1177	3.1177e+06	
27900	36.0298	36.4073	0	-6.70187e-07	3.04482e-06	0	3.1177	3.1177e+06	
28000	35.9466	36.7855	0	-6.70187e-07	3.04482e-06	0	3.1177	3.1177e+06	
28100	36.3466	37.1855	0	3.22e-06	3.22e-06	0	4.55377	4.55377e+06	
28200	36.7466	37.5855	0	3.22e-06	3.22e-06	0	4.55377	4.55377e+06	
28300	37.1466	37.9855	0	3.22e-06	3.22e-06	0	4.55377	4.55377e+06	
28400	37.5466	38.3855	0	3.22e-06	3.22e-06	0	4.55377	4.55377e+06	
28500	37.9466	38.7855	0	3.22e-06	3.22e-06	0	4.55377	4.55377e+06	
28600	38.3466	39.0441	0	3.22e-06	2.08168e-06	0	3.83429	3.83429e+06	
28700	38.7466	39.3027	0	3.22e-06	2.08168e-06	0	3.83429	3.83429e+06	
28800	39.1466	39.5613	0	3.22e-06	2.08168e-06	0	3.83429	3.83429e+06	
28900	39.5466	39.8199	0	3.22e-06	2.08168e-06	0	3.83429	3.83429e+06	
29000	39.9466	40.0785	0	3.22e-06	2.08168e-06	0	3.83429	3.83429e+06	
29100	40.3466	40.2948	0	3.22e-06	1.74116e-06	0	3.6606	3.6606e+06	
29200	40.7466	40.5111	0	3.22e-06	1.74116e-06	0	3.6606	3.6606e+06	
29300	41.1466	40.7274	0	3.22e-06	1.74116e-06	0	3.6606	3.6606e+06	
29400	41.5466	40.9436	0	3.22e-06	1.74116e-06	0	3.6606	3.6606e+06	
29500	41.9466	41.1599	0	3.22e-06	1.74116e-06	0	3.6606	3.6606e+06	
29600	42.3466	41.1602	0	3.22e-06	2.10448e-09	0	3.22	3.22e+06	
29700	42.7466	41.1605	0	3.22e-06	2.10448e-09	0	3.22	3.22e+06	
29800	43.1466	41.1607	0	3.22e-06	2.10448e-09	0	3.22	3.22e+06	
29900	43.5466	41.161	0	3.22e-06	2.10448e-09	0	3.22	3.22e+06	
30000	43.9466	41.1612	0	3.22e-06	2.10448e-09	0	3.22	3.22e+06	
30100	44.1803	41.1814	0	1.88117e-06	1.61932e-07	0	1.88812	1.88812e+06	
30200	44.4139	41.2015	0	1.88117e-06	1.61932e-07	0	1.88812	1.88812e+06	
30300	44.6476	41.2216	0	1.88117e-06	1.61932e-07	0	1.88812	1.88812e+06	
30400	44.8813	41.2417	0	1.88117e-06	1.61932e-07	0	1.88812	1.88812e+06	
30500	45.115	41.2618	0	1.88117e-06	1.61932e-07	0	1.88812	1.88812e+06	
30600	45.515	41.4624	0	3.22e-06	1.61451e-06	0	3.60209	3.60209e+06	
30700	45.915	41.6629	0	3.22e-06	1.61451e-06	0	3.60209	3.60209e+06	
30800	46.315	41.8635	0	3.22e-06	1.61451e-06	0	3.60209	3.60209e+06	
30900	46.715	42.0641	0	3.22e-06	1.61451e-06	0	3.60209	3.60209e+06	
31000	47.115	42.2646	0	3.22e-06	1.61451e-06	0	3.60209	3.60209e+06	
31100	47.4194	42.5784	0	3.22e-06	3.22e-06	0	4.55377	4.55377e+06	
31200	47.3968	42.604	0	3.22e-06	3.22e-06	0	4.55377	4.55377e+06	
31300	47.3678	42.6379	0	3.22e-06	3.22e-06	0	4.55377	4.55377e+06	
31400	47.3312	42.6829	0	3.22e-06	3.22e-06	0	4.55377	4.55377e+06	
31500	47.2853	42.743	0	3.22e-06	3.22e-06	0	4.55377	4.55377e+06	
31600	47.2661	42.7608	0	2.68865e-06	2.20751e-06	0	3.47878	3.47878e+06	
31700	47.2486	42.7855	0	2.68865e-06	2.20751e-06	0	3.47878	3.47878e+06	
31800	47.2305	42.8116	0	2.68865e-06	2.20751e-06	0	3.47878	3.47878e+06	
31900	47.2176	42.83	0	2.68865e-06	2.20751e-06	0	3.47878	3.47878e+06	
32000	47.2132	42.8362	0	2.68865e-06	2.20751e-06	0	3.47878	3.47878e+06	
32100	47.2509	42.7696	0	2.31012e-06	9.25968e-07	0	2.48879	2.48879e+06	
32200	47.296	42.7077	0	2.31012e-06	9.25968e-07	0	2.48879	2.48879e+06	
32300	47.3502	42.6388	0	2.31012e-06	9.25968e-07	0	2.48879	2.48879e+06	
32400	47.4158	42.5626	0	2.31012e-06	9.25968e-07	0	2.48879	2.48879e+06	
32500	47.4951	42.4791	0	2.31012e-06	9.25968e-07	0	2.48879	2.48879e+06	
32600	47.6866	42.3074	0	2.94184e-06	2.04108e-07	0	2.94892	2.94892e+06	
32700	47.9238	42.1437	0	2.94184e-06	2.04108e-07	0	2.94892	2.94892e+06	
32800	48.2067	42.0011	0	2.94184e-06	2.04108e-07	0	2.94892	2.94892e+06	
32900	48.5304	41.8937	0	2.94184e-06	2.04108e-07	0	2.94892	2.94892e+06	
33000	48.8832	41.8328	0	2.94184e-06	2.04108e-07	0	2.94892	2.94892e+06	
33100	49.2829	41.7282	0	3.22e-06	-7.55167e-07	0	3.30737	3.30737e+06	
33200	49.6829	41.6343	0	3.22e-06	-7.55167e-07	0	3.30737	3.30737e+06	
33300	50.0829	41.5405	0	3.22e-06	-7.55167e-07	0	3.30737	3.30737e+06	
33400	50.4797	41.4435	0	3.22e-06	-7.55167e-07	0	3.30737	3.30737e+06	
33500	50.7803	41.2277	0	3.22e-06	-7.55167e-07	0	3.30737	3.30737e+06	
33600	50.7154	41.2921	0	9.32268e-07	2.54016e-06	0	2.70584	2.70584e+06	
33700	50.6331	41.3568	0	9.32268e-07	2.54016e-06	0	2.70584	2.70584e+06	
33800	50.5417	41.4368	0	9.32268e-07	2.54016e-06	0	2.70584	2.70584e+06	
33900	50.4419	41.5353	0	9.32268e-07	2.54016e-06	0	2.70584	2.70584e+06	
34000	50.3353	41.6565	0	9.32268e-07	2.54016e-06	0	2.70584	2.70584e+06	
34100	50.289	41.7124	0	1.30004e-06	1.75594e-06	0	2.18482	2.18482e+06	
34200	50.2411	41.7782	0	1.30004e-06	1.75594e-06	0	2.18482	2.18482e+06	
34300	50.1984	41.8382	0	1.30004e-06	1.75594e-06	0	2.18482	2.18482e+06	
34400	50.1884	41.8493	0	1.30004e-06	1.75594e-06	0	2.18482	2.18482e+06	
34500	50.188	41.8496	0	1.30004e-06	1.75594e-06	0	2.18482	2.18482e+06	
34600	50.1462	41.8194	0	-6.72906e-08	2.70363e-07	0	0.278611	278611	
34700	50.1304	41.8187	0	-6.72906e-08	2.70363e-07	0	0.278611	278611	
34800	50.1186	41.8192	0	-6.72906e-08	2.70363e-07	0	0.278611	278611	
34900	50.1086	41.8194	0	-6.72906e-08	2.70363e-07	0	0.278611	278611	
35000	50.0995	41.8194	0	-6.72906e-08	2.70363e-07	0	0.278611	278611	
35100	50.152	41.8548	0	5.00293e-07	1.5174e-06	0	1.59775	1.59775e+06	
35200	50.1646	41.8533	0	5.00293e-07	1.5174e-06	0	1.59775	1.59775e+06	
35300	50.1655	41.8531	0	5.00293e-07	1.5174e-06	0	1.59775	1.59775e+06	
35400	50.1656	41.8531	0	5.00293e-07	1.5174e-06	0	1.59775	1.59775e+06	
35500	50.1656	41.8531	0	5.00293e-07	1.5174e-06	0	1.59775	1.59775e+06	
35600	50.0934	41.8449	0	-4.98679e-07	9.48593e-07	0	1.07169	1.07169e+06	
35700	50.034	41.8433	0	-4.98679e-07	9.48593e-07	0	1.07169	1.07169e+06	
35800	49.9721	41.8429	0	-4.98679e-07	9.48593e-07	0	1.07169	1.07169e+06	
35900	49.907	41.8444	0	-4.98679e-07	9.48593e-07	0	1.07169	1.07169e+06	
36000	49.8383	41.8481	0	-4.98679e-07	9.48593e-07	0	1.07169	1.07169e+06	
36100	49.8611	41.8602	0	3.01965e-07	1.7942e-06	0	1.81943	1.81943e+06	
36200	49.8853	41.8588	0	3.01965e-07	1.7942e-06	0	1.81943	1.81943e+06	
36300	49.9122	41.8575	0	3.01965e-07	1.7942e-06	0	1.81943	1.81943e+06	
36400	49.9421	41.8564	0	3.01965e-07	1.7942e-06	0	1.81943	1.81943e+06	
36500	49.9752	41.8557	0	3.01965e-07	1.7942e-06	0	1.81943	1.81943e+06	
36600	49.813	41.8748	0	-1.15613e-06	3.22e-06	0	3.42126	3.42126e+06	
36700	49.6219	41.8986	0	-1.15613e-06	3.22e-06	0	3.42126	3.42126e+06	
36800	49.4593	41.9116	0	-1.15613e-06	3.22e-06	0	3.42126	3.42126e+06	
36900	49.3714	41.8998	0	-1.15613e-06	3.22e-06	0	3.42126	3.42126e+06	
37000	49.2882	41.8875	0	-1.15613e-06	3.22e-06	0	3.42126	3.42126e+06	
37100	49.3648	41.8975	0	1.60799e-07	3.22e-06	0	3.22401	3.22401e+06	
37200	49.4404	41.9087	0	1.60799e-07	3.22e-06	0	3.22401	3.22401e+06	
37300	49.4882	41.9128	0	1.60799e-07	3.22e-06	0	3.22401	3.22401e+06	
37400	49.5084	41.9129	0	1.60799e-07	3.22e-06	0	3.22401	3.22401e+06	
37500	49.5164	41.9127	0	1.60799e-07	3.22e-06	0	3.22401	3.22401e+06	
37600	49.347	41.8965	0	-1.72744e-06	3.22e-06	0	3.6541	3.6541e+06	
37700	49.1844	41.8761	0	-1.72744e-06	3.22e-06	0	3.6541	3.6541e+06	
37800	48.9872	41.8673	0	-1.72744e-06	3.22e-06	0	3.6541	3.6541e+06	
37900	48.7498	41.8806	0	-1.72744e-06	3.22e-06	0	3.6541	3.6541e+06	
38000	48.4714	41.9302	0	-1.72744e-06	3.22e-06	0	3.6541	3.6541e+06	
38100	48.2133	42.0126	0	-1.25798e-06	3.22e-06	0	3.45701	3.45701e+06	
38200	47.9297	42.1463	0	-1.25798e-06	3.22e-06	0	3.45701	3.45701e+06	
38300	47.6353	42.3449	0	-1.25798e-06	3.22e-06	0	3.45701	3.45701e+06	
38400	47.3522	42.6148	0	-1.25798e-06	3.22e-06	0	3.45701	3.45701e+06	
38500	47.1197	42.8702	0	-1.25798e-06	3.22e-06	0	3.45701	3.45701e+06	
38600	46.7053	42.8848	0	-3.22e-06	3.22e-06	0	4.55377	4.55377e+06	
38700	46.2347	42.9983	0	-3.22e-06	3.22e-06	0	4.55377	4.55377e+06	
38800	45.7532	43.2392	0	-3.22e-06	3.22e-06	0	4.55377	4.55377e+06	
38900	45.3135	43.5929	0	-3.22e-06	3.22e-06	0	4.55377	4.55377e+06	
39000	44.9093	43.8685	0	-3.22e-06	3.22e-06	0	4.55377	4.55377e+06	
39100	44.7074	43.8859	0	-1.3577e-06	3.20643e-06	0	3.48203	3.48203e+06	
39200	44.4961	43.9128	0	-1.3577e-06	3.20643e-06	0	3.48203	3.48203e+06	
39300	44.3741	43.9003	0	-1.3577e-06	3.20643e-06	0	3.48203	3.48203e+06	
39400	44.2648	43.8845	0	-1.3577e-06	3.20643e-06	0	3.48203	3.48203e+06	
39500	44.1351	43.872	0	-1.3577e-06	3.20643e-06	0	3.48203	3.48203e+06	
39600	44.1231	43.8709	0	-2.91981e-07	3.22e-06	0	3.23321	3.23321e+06	
39700	44.1087	43.8701	0	-2.91981e-07	3.22e-06	0	3.23321	3.23321e+06	
39800	44.0913	43.8693	0	-2.91981e-07	3.22e-06	0	3.23321	3.23321e+06	
39900	44.0703	43.8685	0	-2.91981e-07	3.22e-06	0	3.23321	3.23321e+06	
40000	44.0449	43.8678	0	-2.91981e-07	3.22e-06	0	3.23321	3.23321e+06	
40100	44.1359	43.8713	0	6.00049e-07	3.22e-06	0	3.27543	3.27543e+06	
40200	44.2449	43.8808	0	6.00049e-07	3.22e-06	0	3.27543	3.27543e+06	
40300	44.3721	43.8982	0	6.00049e-07	3.22e-06	0	3.27543	3.27543e+06	
40400	44.4888	43.9127	0	6.00049e-07	3.22e-06	0	3.27543	3.27543e+06	
40500	44.5451	43.9109	0	6.00049e-07	3.22e-06	0	3.27543	3.27543e+06	
40600	44.6433	43.8976	0	1.25585e-06	3.22e-06	0	3.45624	3.45624e+06	
40700	44.7414	43.8837	0	1.25585e-06	3.22e-06	0	3.45624	3.45624e+06	
40800	44.8584	43.8724	0	1.25585e-06	3.22e-06	0	3.45624	3.45624e+06	
40900	45.0004	43.8673	0	1.25585e-06	3.22e-06	0	3.45624	3.45624e+06	
41000	45.1573	43.8706	0	1.25585e-06	3.22e-06	0	3.45624	3.45624e+06	
41100	45.1992	43.8553	0	2.47179e-06	2.73729e-06	0	3.68815	3.68815e+06	
41200	45.1993	43.8551	0	2.47179e-06	2.73729e-06	0	3.68815	3.68815e+06	
41300	45.1993	43.8551	0	2.47179e-06	2.73729e-06	0	3.68815	3.68815e+06	
41400	45.1993	43.8551	0	2.47179e-06	2.73729e-06	0	3.68815	3.68815e+06	
41500	45.1993	43.8551	0	2.47179e-06	2.73729e-06	0	3.68815	3.68815e+06	
41600	45.219	43.8316	0	3.10107e-06	2.26475e-06	0	3.84002	3.84002e+06	
41700	45.2227	43.8265	0	3.10107e-06	2.26475e-06	0	3.84002	3.84002e+06	
41800	45.224	43.8245	0	3.10107e-06	2.26475e-06	0	3.84002	3.84002e+06	
41900	45.2246	43.8236	0	3.10107e-06	2.26475e-06	0	3.84002	3.84002e+06	
42000	45.2249	43.8232	0	3.10107e-06	2.26475e-06	0	3.84002	3.84002e+06	
42100	45.2738	43.7326	0	2.17349e-06	5.4779e-07	0	2.24146	2.24146e+06	
42200	45.3418	43.6442	0	2.17349e-06	5.4779e-07	0	2.24146	2.24146e+06	
42300	45.4235	43.5492	0	2.17349e-06	5.4779e-07	0	2.24146	2.24146e+06	
42400	45.5213	43.4485	0	2.17349e-06	5.4779e-07	0	2.24146	2.24146e+06	
42500	45.638	43.3439	0	2.17349e-06	5.4779e-07	0	2.24146	2.24146e+06	
42600	45.8986	43.1582	0	3.16087e-06	2.01293e-09	0	3.16087	3.16087e+06	
42700	46.211	42.9977	0	3.16087e-06	2.01293e-09	0	3.16087	3.16087e+06	
42800	46.568	42.8814	0	3.16087e-06	2.01293e-09	0	3.16087	3.16087e+06	
42900	46.9528	42.8194	0	3.16087e-06	2.01293e-09	0	3.16087	3.16087e+06	
43000	47.2669	42.7492	0	3.16087e-06	2.01293e-09	0	3.16087	3.16087e+06	
43100	47.3963	42.5889	0	3.22e-06	4.40406e-07	0	3.24998	3.24998e+06	
43200	47.5642	42.4161	0	3.22e-06	4.40406e-07	0	3.24998	3.24998e+06	
43300	47.7806	42.2412	0	3.22e-06	4.40406e-07	0	3.24998	3.24998e+06	
43400	48.0508	42.0778	0	3.22e-06	4.40406e-07	0	3.24998	3.24998e+06	
43500	48.3748	41.9437	0	3.22e-06	4.40406e-07	0	3.24998	3.24998e+06	
43600	48.7651	41.7925	0	3.22e-06	-9.07991e-07	0	3.34557	3.34557e+06	
43700	49.165	41.6785	0	3.22e-06	-9.07991e-07	0	3.34557	3.34557e+06	
43800	49.565	41.5657	0	3.22e-06	-9.07991e-07	0	3.34557	3.34557e+06	
43900	49.965	41.4529	0	3.22e-06	-9.07991e-07	0	3.34557	3.34557e+06	
44000	50.365	41.3401	0	3.22e-06	-9.07991e-07	0	3.34557	3.34557e+06	
44100	50.5441	41.4028	0	1.52114e-06	5.90844e-07	0	1.63186	1.63186e+06	
44200	50.6232	41.3501	0	1.52114e-06	5.90844e-07	0	1.63186	1.63186e+06	
44300	50.7028	41.2861	0	1.52114e-06	5.90844e-07	0	1.63186	1.63186e+06	
44400	50.7923	41.2211	0	1.52114e-06	5.90844e-07	0	1.63186	1.63186e+06	
44500	50.8926	41.156	0	1.52114e-06	5.90844e-07	0	1.63186	1.63186e+06	
44600	50.5564	41.269	0	-2.59785e-06	1.07935e-06	0	2.81315	2.81315e+06	
44700	50.2336	41.4029	0	-2.59785e-06	1.07935e-06	0	2.81315	2.81315e+06	
44800	49.9109	41.537	0	-2.59785e-06	1.07935e-06	0	2.81315	2.81315e+06	
44900	49.5881	41.6711	0	-2.59785e-06	1.07935e-06	0	2.81315	2.81315e+06	
45000	49.2655	41.8043	0	-2.59785e-06	1.07935e-06	0	2.81315	2.81315e+06	
45100	49.6562	41.8911	0	3.22e-06	2.23998e-06	0	3.92249	3.92249e+06	
45200	50.0323	41.8602	0	3.22e-06	2.23998e-06	0	3.92249	3.92249e+06	
45300	50.2168	41.8355	0	3.22e-06	2.23998e-06	0	3.92249	3.92249e+06	
45400	50.2262	41.8221	0	3.22e-06	2.23998e-06	0	3.92249	3.92249e+06	
45500	50.2306	41.8157	0	3.22e-06	2.23998e-06	0	3.92249	3.92249e+06	
45600	50.1795	41.8676	0	1.36894e-06	3.22e-06	0	3.49891	3.49891e+06	
45700	50.1794	41.8677	0	1.36894e-06	3.22e-06	0	3.49891	3.49891e+06	
45800	50.1794	41.8677	0	1.36894e-06	3.22e-06	0	3.49891	3.49891e+06	
45900	50.1794	41.8677	0	1.36894e-06	3.22e-06	0	3.49891	3.49891e+06	
46000	50.1794	41.8677	0	1.36894e-06	3.22e-06	0	3.49891	3.49891e+06	
46100	50.205	41.8557	0	3.22e-06	3.22e-06	0	4.55377	4.55377e+06	
46200	50.2051	41.8556	0	3.22e-06	3.22e-06	0	4.55377	4.55377e+06	
46300	50.2051	41.8556	0	3.22e-06	3.22e-06	0	4.55377	4.55377e+06	
46400	50.2051	41.8556	0	3.22e-06	3.22e-06	0	4.55377	4.55377e+06	
46500	50.2051	41.8556	0	3.22e-06	3.22e-06	0	4.55377	4.55377e+06	
46600	50.2051	41.8556	0	3.22e-06	3.22e-06	0	4.55377	4.55377e+06	
46700	50.2051	41.8556	0	3.22e-06	3.22e-06	0	4.55377	4.55377e+06	
46800	50.2051	41.8556	0	3.22e-06	3.22e-06	0	4.55377	4.55377e+06	
46900	50.2051	41.8556	0	3.22e-06	3.22e-06	0	4.55377	4.55377e+06	
47000	50.2051	41.8556	0	3.22e-06	3.22e-06	0	4.55377	4.55377e+06	
47100	50.2051	41.8556	0	3.22e-06	3.22e-06	0	4.55377	4.55377e+06	
47200	50.2051	41.8556	0	3.22e-06	3.22e-06	0	4.55377	4.55377e+06	
47300	50.2051	41.8556	0	3.22e-06	3.22e-06	0	4.55377	4.55377e+06	
47400	50.2051	41.8556	0	3.22e-06	3.22e-06	0	4.55377	4.55377e+06	
47500	50.2051	41.8556	0	3.22e-06	3.22e-06	0	4.55377	4.55377e+06	
47600	50.3027	41.7055	0	3.22e-06	6.1206e-07	0	3.27765	3.27765e+06	
47700	50.4292	41.5532	0	3.22e-06	6.1206e-07	0	3.27765	3.27765e+06	
47800	50.5949	41.3898	0	3.22e-06	6.1206e-07	0	3.27765	3.27765e+06	
47900	50.8079	41.2236	0	3.22e-06	6.1206e-07	0	3.27765	3.27765e+06	
48000	51.0742	41.0678	0	3.22e-06	6.1206e-07	0	3.27765	3.27765e+06	
48100	51.0264	41.1013	0	9.41374e-07	2.94628e-06	0	3.09302	3.09302e+06	
48200	50.9656	41.1335	0	9.41374e-07	2.94628e-06	0	3.09302	3.09302e+06	
48300	50.8946	41.1745	0	9.41374e-07	2.94628e-06	0	3.09302	3.09302e+06	
48400	50.812	41.2269	0	9.41374e-07	2.94628e-06	0	3.09302	3.09302e+06	
48500	50.7171	41.2938	0	9.41374e-07	2.94628e-06	0	3.09302	3.09302e+06	
48600	50.4469	41.495	0	-1.47692e-06	2.43489e-06	0	2.8478	2.8478e+06	
48700	50.2132	41.7552	0	-1.47692e-06	2.43489e-06	0	2.8478	2.8478e+06	
48800	50.0232	41.862	0	-1.47692e-06	2.43489e-06	0	2.8478	2.8478e+06	
48900	49.8301	41.8675	0	-1.47692e-06	2.43489e-06	0	2.8478	2.8478e+06	
49000	49.6125	41.8935	0	-1.47692e-06	2.43489e-06	0	2.8478	2.8478e+06	
49100	49.7859	41.693	0	1.42104e-06	-1.44323e-06	0	2.0254	2.0254e+06	
49200	49.9624	41.5137	0	1.42104e-06	-1.44323e-06	0	2.0254	2.0254e+06	
49300	50.139	41.3344	0	1.42104e-06	-1.44323e-06	0	2.0254	2.0254e+06	
49400	50.3155	41.1552	0	1.42104e-06	-1.44323e-06	0	2.0254	2.0254e+06	
49500	50.492	40.9759	0	1.42104e-06	-1.44323e-06	0	2.0254	2.0254e+06	
49600	50.6496	40.7698	0	1.26857e-06	-1.65904e-06	0	2.08846	2.08846e+06	
49700	50.8072	40.5637	0	1.26857e-06	-1.65904e-06	0	2.08846	2.08846e+06	
49800	50.9648	40.3576	0	1.26857e-06	-1.65904e-06	0	2.08846	2.08846e+06	
49900	51.1223	40.1515	0	1.26857e-06	-1.65904e-06	0	2.08846	2.08846e+06	
50000	51.2799	39.9454	0	1.26857e-06	-1.65904e-06	0	2.08846	2.08846e+06	
