0	10	8	0	-2.84149e-07	-3.22e-06	0	3.23251	3.23251e+06	
100	9.86727	7.6	0	-1.06849e-06	-3.22e-06	0	3.39265	3.39265e+06	
200	9.73454	7.2	0	-1.06849e-06	-3.22e-06	0	3.39265	3.39265e+06	
300	9.60181	6.8	0	-1.06849e-06	-3.22e-06	0	3.39265	3.39265e+06	
400	9.46908	6.4	0	-1.06849e-06	-3.22e-06	0	3.39265	3.39265e+06	
500	9.33634	6	0	-1.06849e-06	-3.22e-06	0	3.39265	3.39265e+06	
600	9.17467	5.6	0	-1.30149e-06	-3.22e-06	0	3.47308	3.47308e+06	
700	9.01299	5.2	0	-1.30149e-06	-3.22e-06	0	3.47308	3.47308e+06	
800	8.85132	4.8	0	-1.30149e-06	-3.22e-06	0	3.47308	3.47308e+06	
900	8.68964	4.4	0	-1.30149e-06	-3.22e-06	0	3.47308	3.47308e+06	
1000	8.52797	4	0	-1.30149e-06	-3.22e-06	0	3.47308	3.47308e+06	
1100	8.56674	3.6	0	3.12145e-07	-3.22e-06	0	3.23509	3.23509e+06	
1200	8.60552	3.2	0	3.12145e-07	-3.22e-06	0	3.23509	3.23509e+06	
1300	8.6443	2.8	0	3.12145e-07	-3.22e-06	0	3.23509	3.23509e+06	
1400	8.68307	2.4	0	3.12145e-07	-3.22e-06	0	3.23509	3.23509e+06	
1500	8.70678	2.1126	0	3.12145e-07	-3.22e-06	0	3.23509	3.23509e+06	
1600	8.5797	2.09438	0	-5.69644e-07	-3.22e-06	0	3.27	3.27e+06	
1700	8.48716	2.08711	0	-5.69644e-07	-3.22e-06	0	3.27	3.27e+06	
1800	8.44689	2.08995	0	-5.69644e-07	-3.22e-06	0	3.27	3.27e+06	
1900	8.42514	2.09266	0	-5.69644e-07	-3.22e-06	0	3.27	3.27e+06	
2000	8.41023	2.09478	0	-5.69644e-07	-3.22e-06	0	3.27	3.27e+06	
2100	8.27053	2.11451	0	-1.6172e-06	-3.22e-06	0	3.6033	3.6033e+06	
2200	8.10703	2.12955	0	-1.6172e-06	-3.22e-06	0	3.6033	3.6033e+06	
2300	7.90851	2.13118	0	-1.6172e-06	-3.22e-06	0	3.6033	3.6033e+06	
2400	7.67178	2.1094	0	-1.6172e-06	-3.22e-06	0	3.6033	3.6033e+06	
2500	7.44802	2.08921	0	-1.6172e-06	-3.22e-06	0	3.6033	3.6033e+06	
2600	7.37762	2.1065	0	-8.92476e-07	-2.24004e-06	0	2.41128	2.41128e+06	
2700	7.30988	2.11676	0	-8.92476e-07	-2.24004e-06	0	2.41128	2.41128e+06	
2800	7.23533	2.12631	0	-8.92476e-07	-2.24004e-06	0	2.41128	2.41128e+06	
2900	7.15042	2.13419	0	-8.92476e-07	-2.24004e-06	0	2.41128	2.41128e+06	
3000	7.05325	2.13912	0	-8.92476e-07	-2.24004e-06	0	2.41128	2.41128e+06	
3100	6.90669	2.13716	0	-1.16054e-06	-2.37915e-06	0	2.64711	2.64711e+06	
3200	6.73963	2.12426	0	-1.16054e-06	-2.37915e-06	0	2.64711	2.64711e+06	
3300	6.55754	2.09845	0	-1.16054e-06	-2.37915e-06	0	2.64711	2.64711e+06	
3400	6.42304	2.09834	0	-1.16054e-06	-2.37915e-06	0	2.64711	2.64711e+06	
3500	6.32515	2.11306	0	-1.16054e-06	-2.37915e-06	0	2.64711	2.64711e+06	
3600	6.47283	2.08834	0	7.89878e-07	-3.22e-06	0	3.31546	3.31546e+06	
3700	6.55452	2.08995	0	7.89878e-07	-3.22e-06	0	3.31546	3.31546e+06	
3800	6.59853	2.09589	0	7.89878e-07	-3.22e-06	0	3.31546	3.31546e+06	
3900	6.63474	2.1015	0	7.89878e-07	-3.22e-06	0	3.31546	3.31546e+06	
4000	6.67142	2.10712	0	7.89878e-07	-3.22e-06	0	3.31546	3.31546e+06	
4100	6.8557	2.13129	0	1.79398e-06	-2.59062e-06	0	3.15114	3.15114e+06	
4200	7.07227	2.13626	0	1.79398e-06	-2.59062e-06	0	3.15114	3.15114e+06	
4300	7.32179	2.11527	0	1.79398e-06	-2.59062e-06	0	3.15114	3.15114e+06	
4400	7.56121	2.09429	0	1.79398e-06	-2.59062e-06	0	3.15114	3.15114e+06	
4500	7.73463	2.11909	0	1.79398e-06	-2.59062e-06	0	3.15114	3.15114e+06	
4600	7.96524	2.13218	0	2.09732e-06	-3.22e-06	0	3.84281	3.84281e+06	
4700	8.24334	2.12043	0	2.09732e-06	-3.22e-06	0	3.84281	3.84281e+06	
4800	8.53784	2.08791	0	2.09732e-06	-3.22e-06	0	3.84281	3.84281e+06	
4900	8.73938	2.11541	0	2.09732e-06	-3.22e-06	0	3.84281	3.84281e+06	
5000	8.97041	2.13229	0	2.09732e-06	-3.22e-06	0	3.84281	3.84281e+06	
5100	9.27214	2.12167	0	2.296e-06	-2.6454e-06	0	3.50282	3.50282e+06	
5200	9.57441	2.09503	0	2.296e-06	-2.6454e-06	0	3.50282	3.50282e+06	
5300	9.81185	2.1269	0	2.296e-06	-2.6454e-06	0	3.50282	3.50282e+06	
5400	10.088	2.13546	0	2.296e-06	-2.6454e-06	0	3.50282	3.50282e+06	
5500	10.4047	2.10306	0	2.296e-06	-2.6454e-06	0	3.50282	3.50282e+06	
5600	10.7711	2.11963	0	3.22e-06	-3.01071e-06	0	4.40826	4.40826e+06	
5700	11.1627	2.12939	0	3.22e-06	-3.01071e-06	0	4.40826	4.40826e+06	
5800	11.5836	2.09312	0	3.22e-06	-3.01071e-06	0	4.40826	4.40826e+06	
5900	11.9386	2.13243	0	3.22e-06	-3.01071e-06	0	4.40826	4.40826e+06	
6000	12.36	2.10792	0	3.22e-06	-3.01071e-06	0	4.40826	4.40826e+06	
6100	12.7344	2.11394	0	3.22e-06	-3.22e-06	0	4.55377	4.55377e+06	
6200	13.1174	2.13047	0	3.22e-06	-3.22e-06	0	4.55377	4.55377e+06	
6300	13.5478	2.08831	0	3.22e-06	-3.22e-06	0	4.55377	4.55377e+06	
6400	13.896	2.12914	0	3.22e-06	-3.22e-06	0	4.55377	4.55377e+06	
6500	14.3118	2.11312	0	3.22e-06	-3.22e-06	0	4.55377	4.55377e+06	
6600	14.698	2.10894	0	3.22e-06	-3.22e-06	0	4.55377	4.55377e+06	
6700	15.0729	2.13201	0	3.22e-06	-3.22e-06	0	4.55377	4.55377e+06	
6800	15.5076	2.08766	0	3.22e-06	-3.22e-06	0	4.55377	4.55377e+06	
6900	15.8559	2.12648	0	3.22e-06	-3.22e-06	0	4.55377	4.55377e+06	
7000	16.2642	2.11893	0	3.22e-06	-3.22e-06	0	4.55377	4.55377e+06	
7100	16.5004	2.08721	0	1.548e-06	-3.22e-06	0	3.57277	3.57277e+06	
7200	16.6441	2.10226	0	1.548e-06	-3.22e-06	0	3.57277	3.57277e+06	
7300	16.7805	2.12059	0	1.548e-06	-3.22e-06	0	3.57277	3.57277e+06	
7400	16.8532	2.12812	0	1.548e-06	-3.22e-06	0	3.57277	3.57277e+06	
7500	16.8535	2.12816	0	1.548e-06	-3.22e-06	0	3.57277	3.57277e+06	
7600	16.8701	2.12993	0	3.22e-06	-3.22e-06	0	4.55377	4.55377e+06	
7700	16.8701	2.12993	0	3.22e-06	-3.22e-06	0	4.55377	4.55377e+06	
7800	16.8701	2.12993	0	3.22e-06	-3.22e-06	0	4.55377	4.55377e+06	
7900	16.8701	2.12993	0	3.22e-06	-3.22e-06	0	4.55377	4.55377e+06	
8000	16.8701	2.12993	0	3.22e-06	-3.22e-06	0	4.55377	4.55377e+06	
8100	16.8688	2.12977	0	3.03719e-06	-3.22e-06	0	4.42639	4.42639e+06	
8200	16.8688	2.12977	0	3.03719e-06	-3.22e-06	0	4.42639	4.42639e+06	
8300	16.8688	2.12977	0	3.03719e-06	-3.22e-06	0	4.42639	4.42639e+06	
8400	16.8688	2.12977	0	3.03719e-06	-3.22e-06	0	4.42639	4.42639e+06	
8500	16.8688	2.12977	0	3.03719e-06	-3.22e-06	0	4.42639	4.42639e+06	
8600	16.8492	2.12776	0	1.3e-06	-3.22e-06	0	3.47252	3.47252e+06	
8700	16.8492	2.12776	0	1.3e-06	-3.22e-06	0	3.47252	3.47252e+06	
8800	16.8492	2.12776	0	1.3e-06	-3.22e-06	0	3.47252	3.47252e+06	
8900	16.8492	2.12776	0	1.3e-06	-3.22e-06	0	3.47252	3.47252e+06	
9000	16.8492	2.12776	0	1.3e-06	-3.22e-06	0	3.47252	3.47252e+06	
9100	16.8447	2.13643	0	9.85458e-07	-2.06911e-06	0	2.2918	2.2918e+06	
9200	16.8447	2.13642	0	9.85458e-07	-2.06911e-06	0	2.2918	2.2918e+06	
9300	16.8447	2.13642	0	9.85458e-07	-2.06911e-06	0	2.2918	2.2918e+06	
9400	16.8447	2.13642	0	9.85458e-07	-2.06911e-06	0	2.2918	2.2918e+06	
9500	16.8447	2.13642	0	9.85458e-07	-2.06911e-06	0	2.2918	2.2918e+06	
9600	16.8205	2.13072	0	3.95265e-07	-2.45603e-06	0	2.48764	2.48764e+06	
9700	16.816	2.13028	0	3.95265e-07	-2.45603e-06	0	2.48764	2.48764e+06	
9800	16.8145	2.13013	0	3.95265e-07	-2.45603e-06	0	2.48764	2.48764e+06	
9900	16.814	2.13008	0	3.95265e-07	-2.45603e-06	0	2.48764	2.48764e+06	
10000	16.8138	2.13006	0	3.95265e-07	-2.45603e-06	0	2.48764	2.48764e+06	
10100	16.7555	2.12489	0	-1.74305e-07	-2.40751e-06	0	2.41382	2.41382e+06	
10200	16.6966	2.11752	0	-1.74305e-07	-2.40751e-06	0	2.41382	2.41382e+06	
10300	16.6322	2.10801	0	-1.74305e-07	-2.40751e-06	0	2.41382	2.41382e+06	
10400	16.5685	2.09844	0	-1.74305e-07	-2.40751e-06	0	2.41382	2.41382e+06	
10500	16.521	2.09362	0	-1.74305e-07	-2.40751e-06	0	2.41382	2.41382e+06	
10600	16.4431	2.09735	0	-7.30501e-07	-2.25676e-06	0	2.37205	2.37205e+06	
10700	16.3916	2.10441	0	-7.30501e-07	-2.25676e-06	0	2.37205	2.37205e+06	
10800	16.3447	2.11166	0	-7.30501e-07	-2.25676e-06	0	2.37205	2.37205e+06	
10900	16.2953	2.11885	0	-7.30501e-07	-2.25676e-06	0	2.37205	2.37205e+06	
11000	16.2403	2.12577	0	-7.30501e-07	-2.25676e-06	0	2.37205	2.37205e+06	
11100	16.2422	2.1628	0	-5.32198e-08	-3.214e-07	0	0.325777	325777	
11200	16.2403	2.16506	0	-5.32198e-08	-3.214e-07	0	0.325777	325777	
11300	16.2381	2.16556	0	-5.32198e-08	-3.214e-07	0	0.325777	325777	
11400	16.2358	2.16584	0	-5.32198e-08	-3.214e-07	0	0.325777	325777	
11500	16.2335	2.16609	0	-5.32198e-08	-3.214e-07	0	0.325777	325777	
11600	16.1113	2.13156	0	-1.18729e-06	-2.89405e-06	0	3.12812	3.12812e+06	
11700	15.9713	2.13476	0	-1.18729e-06	-2.89405e-06	0	3.12812	3.12812e+06	
11800	15.8061	2.12686	0	-1.18729e-06	-2.89405e-06	0	3.12812	3.12812e+06	
11900	15.6155	2.10277	0	-1.18729e-06	-2.89405e-06	0	3.12812	3.12812e+06	
12000	15.4539	2.091	0	-1.18729e-06	-2.89405e-06	0	3.12812	3.12812e+06	
12100	15.403	2.13341	0	-5.0036e-07	-4.35572e-07	0	0.663388	663388	
12200	15.3501	2.14191	0	-5.0036e-07	-4.35572e-07	0	0.663388	663388	
12300	15.2968	2.14976	0	-5.0036e-07	-4.35572e-07	0	0.663388	663388	
12400	15.2421	2.15684	0	-5.0036e-07	-4.35572e-07	0	0.663388	663388	
12500	15.1859	2.16283	0	-5.0036e-07	-4.35572e-07	0	0.663388	663388	
12600	15.0581	2.21401	0	-1.0402e-06	2.4367e-07	0	1.06836	1.06836e+06	
12700	14.9288	2.24752	0	-1.0402e-06	2.4367e-07	0	1.06836	1.06836e+06	
12800	14.7996	2.27835	0	-1.0402e-06	2.4367e-07	0	1.06836	1.06836e+06	
12900	14.6704	2.30869	0	-1.0402e-06	2.4367e-07	0	1.06836	1.06836e+06	
13000	14.5412	2.33897	0	-1.0402e-06	2.4367e-07	0	1.06836	1.06836e+06	
13100	14.2265	2.34565	0	-2.53338e-06	5.37758e-08	0	2.53395	2.53395e+06	
13200	13.9117	2.35234	0	-2.53338e-06	5.37758e-08	0	2.53395	2.53395e+06	
13300	13.597	2.35902	0	-2.53338e-06	5.37758e-08	0	2.53395	2.53395e+06	
13400	13.2823	2.3657	0	-2.53338e-06	5.37758e-08	0	2.53395	2.53395e+06	
13500	12.9676	2.37238	0	-2.53338e-06	5.37758e-08	0	2.53395	2.53395e+06	
13600	12.5676	2.25513	0	-3.22e-06	-9.44214e-07	0	3.35558	3.35558e+06	
13700	12.1694	2.15524	0	-3.22e-06	-9.44214e-07	0	3.35558	3.35558e+06	
13800	11.7684	2.15047	0	-3.22e-06	-9.44214e-07	0	3.35558	3.35558e+06	
13900	11.3672	2.1205	0	-3.22e-06	-9.44214e-07	0	3.35558	3.35558e+06	
14000	10.9802	2.15603	0	-3.22e-06	-9.44214e-07	0	3.35558	3.35558e+06	
14100	10.5618	2.1074	0	-3.22e-06	-1.93593e-06	0	3.75716	3.75716e+06	
14200	10.1884	2.13166	0	-3.22e-06	-1.93593e-06	0	3.75716	3.75716e+06	
14300	9.78894	2.1355	0	-3.22e-06	-1.93593e-06	0	3.75716	3.75716e+06	
14400	9.3822	2.10563	0	-3.22e-06	-1.93593e-06	0	3.75716	3.75716e+06	
14500	9.00809	2.14233	0	-3.22e-06	-1.93593e-06	0	3.75716	3.75716e+06	
14600	8.59199	2.1132	0	-3.22e-06	-1.83791e-06	0	3.7076	3.7076e+06	
14700	8.21401	2.12982	0	-3.22e-06	-1.83791e-06	0	3.7076	3.7076e+06	
14800	7.81746	2.13876	0	-3.22e-06	-1.83791e-06	0	3.7076	3.7076e+06	
14900	7.40711	2.10336	0	-3.22e-06	-1.83791e-06	0	3.7076	3.7076e+06	
15000	7.03446	2.14266	0	-3.22e-06	-1.83791e-06	0	3.7076	3.7076e+06	
15100	6.63106	2.15503	0	-3.22e-06	-4.93536e-07	0	3.2576	3.2576e+06	
15200	6.23595	2.14699	0	-3.22e-06	-4.93536e-07	0	3.2576	3.2576e+06	
15300	5.8383	2.16721	0	-3.22e-06	-4.93536e-07	0	3.2576	3.2576e+06	
15400	5.43553	2.13885	0	-3.22e-06	-4.93536e-07	0	3.2576	3.2576e+06	
15500	5.04402	2.16367	0	-3.22e-06	-4.93536e-07	0	3.2576	3.2576e+06	
15600	4.62522	2.1111	0	-3.22e-06	-2.41499e-06	0	4.02499	4.02499e+06	
15700	4.24755	2.12126	0	-3.22e-06	-2.41499e-06	0	4.02499	4.02499e+06	
15800	3.85728	2.13526	0	-3.22e-06	-2.41499e-06	0	4.02499	4.02499e+06	
15900	3.4373	2.09514	0	-3.22e-06	-2.41499e-06	0	4.02499	4.02499e+06	
16000	3.07561	2.136	0	-3.22e-06	-2.41499e-06	0	4.02499	4.02499e+06	
16100	2.65944	2.11447	0	-3.22e-06	-2.57438e-06	0	4.1226	4.1226e+06	
16200	2.27651	2.1164	0	-3.22e-06	-2.57438e-06	0	4.1226	4.1226e+06	
16300	1.89194	2.1355	0	-3.22e-06	-2.57438e-06	0	4.1226	4.1226e+06	
16400	1.4665	2.09235	0	-3.22e-06	-2.57438e-06	0	4.1226	4.1226e+06	
16500	1.13515	2.13283	0	-3.22e-06	-2.57438e-06	0	4.1226	4.1226e+06	
16600	1.09214	2.55274	0	-2.70791e-06	3.07925e-06	0	4.10055	4.10055e+06	
16700	1.13213	2.89067	0	-2.70791e-06	3.07925e-06	0	4.10055	4.10055e+06	
16800	1.12043	3.2843	0	-2.70791e-06	3.07925e-06	0	4.10055	4.10055e+06	
16900	1.10689	3.66322	0	-2.70791e-06	3.07925e-06	0	4.10055	4.10055e+06	
17000	1.1361	4.0168	0	-2.70791e-06	3.07925e-06	0	4.10055	4.10055e+06	
17100	1.12145	4.2301	0	-3.22e-06	1.54412e-06	0	3.57109	3.57109e+06	
17200	1.08905	4.47026	0	-3.22e-06	1.54412e-06	0	3.57109	3.57109e+06	
17300	1.09929	4.62505	0	-3.22e-06	1.54412e-06	0	3.57109	3.57109e+06	
17400	1.11813	4.75858	0	-3.22e-06	1.54412e-06	0	3.57109	3.57109e+06	
17500	1.1308	4.91845	0	-3.22e-06	1.54412e-06	0	3.57109	3.57109e+06	
17600	1.13526	5.06779	0	-2.72407e-06	1.21601e-06	0	2.98315	2.98315e+06	
17700	1.1235	5.24194	0	-2.72407e-06	1.21601e-06	0	2.98315	2.98315e+06	
17800	1.09637	5.43631	0	-2.72407e-06	1.21601e-06	0	2.98315	2.98315e+06	
17900	1.09572	5.57737	0	-2.72407e-06	1.21601e-06	0	2.98315	2.98315e+06	
18000	1.11055	5.67564	0	-2.72407e-06	1.21601e-06	0	2.98315	2.98315e+06	
18100	1.11247	5.30095	0	-2.66602e-06	-3.11563e-06	0	4.10059	4.10059e+06	
18200	1.13601	4.93543	0	-2.66602e-06	-3.11563e-06	0	4.10059	4.10059e+06	
18300	1.09374	4.51906	0	-2.66602e-06	-3.11563e-06	0	4.10059	4.10059e+06	
18400	1.12756	4.17341	0	-2.66602e-06	-3.11563e-06	0	4.10059	4.10059e+06	
18500	1.128	3.7853	0	-2.66602e-06	-3.11563e-06	0	4.10059	4.10059e+06	
18600	1.16034	3.96246	0	-7.45609e-07	1.49151e-06	0	1.6675	1.6675e+06	
18700	1.15892	4.14993	0	-7.45609e-07	1.49151e-06	0	1.6675	1.6675e+06	
18800	1.14133	4.34345	0	-7.45609e-07	1.49151e-06	0	1.6675	1.6675e+06	
18900	1.11899	4.53415	0	-7.45609e-07	1.49151e-06	0	1.6675	1.6675e+06	
19000	1.13701	4.7043	0	-7.45609e-07	1.49151e-06	0	1.6675	1.6675e+06	
19100	1.1486	4.73487	0	-6.07591e-07	3.35845e-07	0	0.694232	694232	
19200	1.15255	4.76751	0	-6.07591e-07	3.35845e-07	0	0.694232	694232	
19300	1.15604	4.80138	0	-6.07591e-07	3.35845e-07	0	0.694232	694232	
19400	1.15912	4.83652	0	-6.07591e-07	3.35845e-07	0	0.694232	694232	
19500	1.16172	4.873	0	-6.07591e-07	3.35845e-07	0	0.694232	694232	
19600	1.37324	4.99498	0	1.64662e-06	9.84956e-07	0	1.91872	1.91872e+06	
19700	1.57779	5.11733	0	1.64662e-06	9.84956e-07	0	1.91872	1.91872e+06	
19800	1.78234	5.23969	0	1.64662e-06	9.84956e-07	0	1.91872	1.91872e+06	
19900	1.98689	5.36204	0	1.64662e-06	9.84956e-07	0	1.91872	1.91872e+06	
20000	2.19144	5.4844	0	1.64662e-06	9.84956e-07	0	1.91872	1.91872e+06	
20100	2.25692	5.8844	0	5.27087e-07	3.22e-06	0	3.26285	3.26285e+06	
20200	2.32239	6.2844	0	5.27087e-07	3.22e-06	0	3.26285	3.26285e+06	
20300	2.38787	6.6844	0	5.27087e-07	3.22e-06	0	3.26285	3.26285e+06	
20400	2.45335	7.0844	0	5.27087e-07	3.22e-06	0	3.26285	3.26285e+06	
20500	2.51882	7.4844	0	5.27087e-07	3.22e-06	0	3.26285	3.26285e+06	
20600	2.33171	7.6406	0	-1.50629e-06	1.25743e-06	0	1.96215	1.96215e+06	
20700	2.14459	7.7968	0	-1.50629e-06	1.25743e-06	0	1.96215	1.96215e+06	
20800	1.95747	7.953	0	-1.50629e-06	1.25743e-06	0	1.96215	1.96215e+06	
20900	1.77036	8.10921	0	-1.50629e-06	1.25743e-06	0	1.96215	1.96215e+06	
21000	1.58324	8.26541	0	-1.50629e-06	1.25743e-06	0	1.96215	1.96215e+06	
21100	1.18344	8.57427	0	-3.22e-06	2.4865e-06	0	4.0683	4.0683e+06	
21200	1.12574	8.84183	0	-3.22e-06	2.4865e-06	0	4.0683	4.0683e+06	
21300	1.12862	9.14803	0	-3.22e-06	2.4865e-06	0	4.0683	4.0683e+06	
21400	1.08771	9.49736	0	-3.22e-06	2.4865e-06	0	4.0683	4.0683e+06	
21500	1.1168	9.75301	0	-3.22e-06	2.4865e-06	0	4.0683	4.0683e+06	
21600	1.11892	9.75858	0	-3.22e-06	4.14003e-07	0	3.24651	3.24651e+06	
21700	1.11968	9.76543	0	-3.22e-06	4.14003e-07	0	3.24651	3.24651e+06	
21800	1.12057	9.77364	0	-3.22e-06	4.14003e-07	0	3.24651	3.24651e+06	
21900	1.12159	9.78348	0	-3.22e-06	4.14003e-07	0	3.24651	3.24651e+06	
22000	1.12276	9.79529	0	-3.22e-06	4.14003e-07	0	3.24651	3.24651e+06	
22100	1.14826	9.83819	0	-1.06096e-06	4.55278e-07	0	1.15452	1.15452e+06	
22200	1.15149	9.88608	0	-1.06096e-06	4.55278e-07	0	1.15452	1.15452e+06	
22300	1.15376	9.9371	0	-1.06096e-06	4.55278e-07	0	1.15452	1.15452e+06	
22400	1.15486	9.99141	0	-1.06096e-06	4.55278e-07	0	1.15452	1.15452e+06	
22500	1.15455	10.0492	0	-1.06096e-06	4.55278e-07	0	1.15452	1.15452e+06	
22600	1.12425	9.77171	0	-2.89936e-06	-2.12237e-06	0	3.59315	3.59315e+06	
22700	1.08951	9.47452	0	-2.89936e-06	-2.12237e-06	0	3.59315	3.59315e+06	
22800	1.11703	9.26301	0	-2.89936e-06	-2.12237e-06	0	3.59315	3.59315e+06	
22900	1.13442	9.02594	0	-2.89936e-06	-2.12237e-06	0	3.59315	3.59315e+06	
23000	1.12145	8.74493	0	-2.89936e-06	-2.12237e-06	0	3.59315	3.59315e+06	
23100	1.12011	8.77035	0	-3.22e-06	5.67918e-07	0	3.2697	3.2697e+06	
23200	1.12314	8.80028	0	-3.22e-06	5.67918e-07	0	3.2697	3.2697e+06	
23300	1.12625	8.83635	0	-3.22e-06	5.67918e-07	0	3.2697	3.2697e+06	
23400	1.12919	8.87992	0	-3.22e-06	5.67918e-07	0	3.2697	3.2697e+06	
23500	1.13157	8.93258	0	-3.22e-06	5.67918e-07	0	3.2697	3.2697e+06	
23600	1.11947	8.75334	0	-3.22e-06	-1.21932e-06	0	3.44313	3.44313e+06	
23700	1.09103	8.55048	0	-3.22e-06	-1.21932e-06	0	3.44313	3.44313e+06	
23800	1.09312	8.41786	0	-3.22e-06	-1.21932e-06	0	3.44313	3.44313e+06	
23900	1.10672	8.32868	0	-3.22e-06	-1.21932e-06	0	3.44313	3.44313e+06	
24000	1.11956	8.23073	0	-3.22e-06	-1.21932e-06	0	3.44313	3.44313e+06	
24100	1.14747	7.96016	0	-1.52595e-06	-2.26749e-06	0	2.73314	2.73314e+06	
24200	1.12645	7.66463	0	-1.52595e-06	-2.26749e-06	0	2.73314	2.73314e+06	
24300	1.11072	7.38311	0	-1.52595e-06	-2.26749e-06	0	2.73314	2.73314e+06	
24400	1.14196	7.12725	0	-1.52595e-06	-2.26749e-06	0	2.73314	2.73314e+06	
24500	1.14391	6.84505	0	-1.52595e-06	-2.26749e-06	0	2.73314	2.73314e+06	
24600	1.1422	6.93918	0	-1.89529e-06	8.52573e-07	0	2.07822	2.07822e+06	
24700	1.14304	7.04398	0	-1.89529e-06	8.52573e-07	0	2.07822	2.07822e+06	
24800	1.13801	7.16068	0	-1.89529e-06	8.52573e-07	0	2.07822	2.07822e+06	
24900	1.12519	7.28963	0	-1.89529e-06	8.52573e-07	0	2.07822	2.07822e+06	
25000	1.10512	7.42686	0	-1.89529e-06	8.52573e-07	0	2.07822	2.07822e+06	
25100	1.10181	7.59905	0	-2.2898e-06	1.47743e-06	0	2.72506	2.72506e+06	
25200	1.12222	7.73875	0	-2.2898e-06	1.47743e-06	0	2.72506	2.72506e+06	
25300	1.1364	7.89643	0	-2.2898e-06	1.47743e-06	0	2.72506	2.72506e+06	
25400	1.13855	8.07773	0	-2.2898e-06	1.47743e-06	0	2.72506	2.72506e+06	
25500	1.12268	8.28329	0	-2.2898e-06	1.47743e-06	0	2.72506	2.72506e+06	
25600	1.13128	7.90258	0	-3.22e-06	-3.22e-06	0	4.55377	4.55377e+06	
25700	1.08753	7.46967	0	-3.22e-06	-3.22e-06	0	4.55377	4.55377e+06	
25800	1.12804	7.12204	0	-3.22e-06	-3.22e-06	0	4.55377	4.55377e+06	
25900	1.11585	6.70954	0	-3.22e-06	-3.22e-06	0	4.55377	4.55377e+06	
26000	1.10658	6.31803	0	-3.22e-06	-3.22e-06	0	4.55377	4.55377e+06	
26100	1.13241	5.94672	0	-3.22e-06	-3.22e-06	0	4.55377	4.55377e+06	
26200	1.08875	5.51162	0	-3.22e-06	-3.22e-06	0	4.55377	4.55377e+06	
26300	1.12508	5.16167	0	-3.22e-06	-3.22e-06	0	4.55377	4.55377e+06	
26400	1.12119	4.75684	0	-3.22e-06	-3.22e-06	0	4.55377	4.55377e+06	
26500	1.10115	4.35354	0	-3.22e-06	-3.22e-06	0	4.55377	4.55377e+06	
26600	1.13264	3.99002	0	-3.22e-06	-3.22e-06	0	4.55377	4.55377e+06	
26700	1.0939	3.5572	0	-3.22e-06	-3.22e-06	0	4.55377	4.55377e+06	
26800	1.1215	3.20041	0	-3.22e-06	-3.22e-06	0	4.55377	4.55377e+06	
26900	1.12547	2.80347	0	-3.22e-06	-3.22e-06	0	4.55377	4.55377e+06	
27000	1.09572	2.38885	0	-3.22e-06	-3.22e-06	0	4.55377	4.55377e+06	
27100	1.12984	2.13007	0	-3.22e-06	-3.22e-06	0	4.55377	4.55377e+06	
27200	1.12993	2.12993	0	-3.22e-06	-3.22e-06	0	4.55377	4.55377e+06	
27300	1.12993	2.12993	0	-3.22e-06	-3.22e-06	0	4.55377	4.55377e+06	
27400	1.12993	2.12993	0	-3.22e-06	-3.22e-06	0	4.55377	4.55377e+06	
27500	1.12993	2.12993	0	-3.22e-06	-3.22e-06	0	4.55377	4.55377e+06	
27600	1.12944	2.13407	0	-3.22e-06	-2.66495e-06	0	4.17976	4.17976e+06	
27700	1.12944	2.13407	0	-3.22e-06	-2.66495e-06	0	4.17976	4.17976e+06	
27800	1.12944	2.13407	0	-3.22e-06	-2.66495e-06	0	4.17976	4.17976e+06	
27900	1.12944	2.13407	0	-3.22e-06	-2.66495e-06	0	4.17976	4.17976e+06	
28000	1.12944	2.13407	0	-3.22e-06	-2.66495e-06	0	4.17976	4.17976e+06	
28100	1.12979	2.13109	0	-3.22e-06	-3.05304e-06	0	4.43728	4.43728e+06	
28200	1.12979	2.13109	0	-3.22e-06	-3.05304e-06	0	4.43728	4.43728e+06	
28300	1.12979	2.13109	0	-3.22e-06	-3.05304e-06	0	4.43728	4.43728e+06	
28400	1.12979	2.13109	0	-3.22e-06	-3.05304e-06	0	4.43728	4.43728e+06	
28500	1.12979	2.13109	0	-3.22e-06	-3.05304e-06	0	4.43728	4.43728e+06	
28600	1.12557	2.1759	0	-3.22e-06	-5.07486e-07	0	3.25975	3.25975e+06	
28700	1.12516	2.18008	0	-3.22e-06	-5.07486e-07	0	3.25975	3.25975e+06	
28800	1.12506	2.18112	0	-3.22e-06	-5.07486e-07	0	3.25975	3.25975e+06	
28900	1.12504	2.1814	0	-3.22e-06	-5.07486e-07	0	3.25975	3.25975e+06	
29000	1.12503	2.18148	0	-3.22e-06	-5.07486e-07	0	3.25975	3.25975e+06	
29100	1.12826	2.14544	0	-3.22e-06	-1.62146e-06	0	3.60521	3.60521e+06	
29200	1.12826	2.14543	0	-3.22e-06	-1.62146e-06	0	3.60521	3.60521e+06	
29300	1.12826	2.14543	0	-3.22e-06	-1.62146e-06	0	3.60521	3.60521e+06	
29400	1.12826	2.14543	0	-3.22e-06	-1.62146e-06	0	3.60521	3.60521e+06	
29500	1.12826	2.14543	0	-3.22e-06	-1.62146e-06	0	3.60521	3.60521e+06	
29600	1.12249	2.21039	0	-3.22e-06	-3.88207e-08	0	3.22023	3.22023e+06	
29700	1.11807	2.25117	0	-3.22e-06	-3.88207e-08	0	3.22023	3.22023e+06	
29800	1.11234	2.2966	0	-3.22e-06	-3.88207e-08	0	3.22023	3.22023e+06	
29900	1.1048	2.34861	0	-3.22e-06	-3.88207e-08	0	3.22023	3.22023e+06	
30000	1.09629	2.40352	0	-3.22e-06	-3.88207e-08	0	3.22023	3.22023e+06	
30100	1.10066	2.37084	0	-3.22e-06	-7.58212e-07	0	3.30806	3.30806e+06	
30200	1.10566	2.33853	0	-3.22e-06	-7.58212e-07	0	3.30806	3.30806e+06	
30300	1.11083	2.30306	0	-3.22e-06	-7.58212e-07	0	3.30806	3.30806e+06	
30400	1.11623	2.26212	0	-3.22e-06	-7.58212e-07	0	3.30806	3.30806e+06	
30500	1.12154	2.21527	0	-3.22e-06	-7.58212e-07	0	3.30806	3.30806e+06	
30600	1.10737	2.33538	0	-3.22e-06	5.68234e-07	0	3.26975	3.26975e+06	
30700	1.08946	2.45886	0	-3.22e-06	5.68234e-07	0	3.26975	3.26975e+06	
30800	1.08787	2.52983	0	-3.22e-06	5.68234e-07	0	3.26975	3.26975e+06	
30900	1.09091	2.56138	0	-3.22e-06	5.68234e-07	0	3.26975	3.26975e+06	
31000	1.09338	2.58009	0	-3.22e-06	5.68234e-07	0	3.26975	3.26975e+06	
31100	1.10156	2.63603	0	-3.22e-06	9.42253e-07	0	3.35503	3.35503e+06	
31200	1.11002	2.69231	0	-3.22e-06	9.42253e-07	0	3.35503	3.35503e+06	
31300	1.11838	2.75715	0	-3.22e-06	9.42253e-07	0	3.35503	3.35503e+06	
31400	1.12596	2.83496	0	-3.22e-06	9.42253e-07	0	3.35503	3.35503e+06	
31500	1.13137	2.9292	0	-3.22e-06	9.42253e-07	0	3.35503	3.35503e+06	
31600	1.13235	3.04669	0	-3.22e-06	9.67872e-07	0	3.36232	3.36232e+06	
31700	1.12505	3.18794	0	-3.22e-06	9.67872e-07	0	3.36232	3.36232e+06	
31800	1.10483	3.35484	0	-3.22e-06	9.67872e-07	0	3.36232	3.36232e+06	
31900	1.08705	3.511	0	-3.22e-06	9.67872e-07	0	3.36232	3.36232e+06	
32000	1.09441	3.58965	0	-3.22e-06	9.67872e-07	0	3.36232	3.36232e+06	
32100	1.12762	3.86826	0	-3.22e-06	2.66842e-06	0	4.18197	4.18197e+06	
32200	1.12452	4.20455	0	-3.22e-06	2.66842e-06	0	4.18197	4.18197e+06	
32300	1.08982	4.56335	0	-3.22e-06	2.66842e-06	0	4.18197	4.18197e+06	
32400	1.12542	4.83903	0	-3.22e-06	2.66842e-06	0	4.18197	4.18197e+06	
32500	1.12729	5.16937	0	-3.22e-06	2.66842e-06	0	4.18197	4.18197e+06	
32600	1.10411	5.36093	0	-3.22e-06	1.17916e-06	0	3.42911	3.42911e+06	
32700	1.08787	5.53313	0	-3.22e-06	1.17916e-06	0	3.42911	3.42911e+06	
32800	1.09972	5.6257	0	-3.22e-06	1.17916e-06	0	3.42911	3.42911e+06	
32900	1.11249	5.71152	0	-3.22e-06	1.17916e-06	0	3.42911	3.42911e+06	
33000	1.12387	5.8119	0	-3.22e-06	1.17916e-06	0	3.42911	3.42911e+06	
33100	1.12935	6.1367	0	-3.22e-06	2.66878e-06	0	4.1822	4.1822e+06	
33200	1.08744	6.50676	0	-3.22e-06	2.66878e-06	0	4.1822	4.1822e+06	
33300	1.12021	6.78399	0	-3.22e-06	2.66878e-06	0	4.1822	4.1822e+06	
33400	1.13097	7.10273	0	-3.22e-06	2.66878e-06	0	4.1822	4.1822e+06	
33500	1.08958	7.47393	0	-3.22e-06	2.66878e-06	0	4.1822	4.1822e+06	
33600	1.12399	7.82567	0	-3.22e-06	3.22e-06	0	4.55377	4.55377e+06	
33700	1.12269	8.22796	0	-3.22e-06	3.22e-06	0	4.55377	4.55377e+06	
33800	1.09937	8.63501	0	-3.22e-06	3.22e-06	0	4.55377	4.55377e+06	
33900	1.13254	8.99612	0	-3.22e-06	3.22e-06	0	4.55377	4.55377e+06	
34000	1.09609	9.4275	0	-3.22e-06	3.22e-06	0	4.55377	4.55377e+06	
34100	1.11151	9.7127	0	-3.22e-06	2.59435e-06	0	4.1351	4.1351e+06	
34200	1.13267	10.0056	0	-3.22e-06	2.59435e-06	0	4.1351	4.1351e+06	
34300	1.10611	10.3572	0	-3.22e-06	2.59435e-06	0	4.1351	4.1351e+06	
34400	1.10437	10.6638	0	-3.22e-06	2.59435e-06	0	4.1351	4.1351e+06	
34500	1.13156	10.9459	0	-3.22e-06	2.59435e-06	0	4.1351	4.1351e+06	
34600	1.13231	10.958	0	-3.22e-06	1.7039e-07	0	3.22451	3.22451e+06	
34700	1.13255	10.9726	0	-3.22e-06	1.7039e-07	0	3.22451	3.22451e+06	
34800	1.13271	10.9902	0	-3.22e-06	1.7039e-07	0	3.22451	3.22451e+06	
34900	1.13271	11.0114	0	-3.22e-06	1.7039e-07	0	3.22451	3.22451e+06	
35000	1.13244	11.037	0	-3.22e-06	1.7039e-07	0	3.22451	3.22451e+06	
35100	1.12277	11.215	0	-3.22e-06	1.25293e-06	0	3.45517	3.45517e+06	
35200	1.09494	11.421	0	-3.22e-06	1.25293e-06	0	3.45517	3.45517e+06	
35300	1.09162	11.5711	0	-3.22e-06	1.25293e-06	0	3.45517	3.45517e+06	
35400	1.10575	11.6651	0	-3.22e-06	1.25293e-06	0	3.45517	3.45517e+06	
35500	1.11922	11.7664	0	-3.22e-06	1.25293e-06	0	3.45517	3.45517e+06	
35600	1.11982	11.7663	0	-3.22e-06	3.51337e-07	0	3.23911	3.23911e+06	
35700	1.11982	11.7663	0	-3.22e-06	3.51337e-07	0	3.23911	3.23911e+06	
35800	1.11981	11.7662	0	-3.22e-06	3.51337e-07	0	3.23911	3.23911e+06	
35900	1.1198	11.7662	0	-3.22e-06	3.51337e-07	0	3.23911	3.23911e+06	
36000	1.11979	11.7661	0	-3.22e-06	3.51337e-07	0	3.23911	3.23911e+06	
36100	1.14736	12.0412	0	-1.53362e-06	2.30461e-06	0	2.76825	2.76825e+06	
36200	1.12557	12.3416	0	-1.53362e-06	2.30461e-06	0	2.76825	2.76825e+06	
36300	1.1119	12.626	0	-1.53362e-06	2.30461e-06	0	2.76825	2.76825e+06	
36400	1.14283	12.8873	0	-1.53362e-06	2.30461e-06	0	2.76825	2.76825e+06	
36500	1.14255	13.1757	0	-1.53362e-06	2.30461e-06	0	2.76825	2.76825e+06	
36600	1.10584	13.4087	0	-2.19392e-06	1.63316e-06	0	2.73505	2.73505e+06	
36700	1.1031	13.6036	0	-2.19392e-06	1.63316e-06	0	2.73505	2.73505e+06	
36800	1.12605	13.7654	0	-2.19392e-06	1.63316e-06	0	2.73505	2.73505e+06	
36900	1.13936	13.9487	0	-2.19392e-06	1.63316e-06	0	2.73505	2.73505e+06	
37000	1.13567	14.1576	0	-2.19392e-06	1.63316e-06	0	2.73505	2.73505e+06	
37100	1.12205	14.5642	0	-7.84315e-07	3.21695e-06	0	3.31118	3.31118e+06	
37200	1.15666	14.95	0	-7.84315e-07	3.21695e-06	0	3.31118	3.31118e+06	
37300	1.14421	15.3544	0	-7.84315e-07	3.21695e-06	0	3.31118	3.31118e+06	
37400	1.1379	15.7466	0	-7.84315e-07	3.21695e-06	0	3.31118	3.31118e+06	
37500	1.15884	16.142	0	-7.84315e-07	3.21695e-06	0	3.31118	3.31118e+06	
37600	1.09836	16.5573	0	-2.02443e-06	3.22e-06	0	3.80351	3.80351e+06	
37700	1.13926	16.9245	0	-2.02443e-06	3.22e-06	0	3.80351	3.80351e+06	
37800	1.12088	17.3368	0	-2.02443e-06	3.22e-06	0	3.80351	3.80351e+06	
37900	1.12041	17.7233	0	-2.02443e-06	3.22e-06	0	3.80351	3.80351e+06	
38000	1.14037	18.111	0	-2.02443e-06	3.22e-06	0	3.80351	3.80351e+06	
38100	1.12571	18.5186	0	-7.67588e-07	3.22e-06	0	3.31023	3.31023e+06	
38200	1.15422	18.9049	0	-7.67588e-07	3.22e-06	0	3.31023	3.31023e+06	
38300	1.14937	19.3081	0	-7.67588e-07	3.22e-06	0	3.31023	3.31023e+06	
38400	1.13274	19.7039	0	-7.67588e-07	3.22e-06	0	3.31023	3.31023e+06	
38500	1.16009	20.0971	0	-7.67588e-07	3.22e-06	0	3.31023	3.31023e+06	
38600	1.16512	20.4997	0	-1.95998e-07	3.22e-06	0	3.22596	3.22596e+06	
38700	1.17211	20.8966	0	-1.95998e-07	3.22e-06	0	3.22596	3.22596e+06	
38800	1.18008	21.2974	0	-1.95998e-07	3.22e-06	0	3.22596	3.22596e+06	
38900	1.16657	21.6971	0	-1.95998e-07	3.22e-06	0	3.22596	3.22596e+06	
39000	1.18153	22.0953	0	-1.95998e-07	3.22e-06	0	3.22596	3.22596e+06	
39100	1.22361	22.3004	0	2.60825e-07	1.64625e-06	0	1.66678	1.66678e+06	
39200	1.25651	22.505	0	2.60825e-07	1.64625e-06	0	1.66678	1.66678e+06	
39300	1.28898	22.7095	0	2.60825e-07	1.64625e-06	0	1.66678	1.66678e+06	
39400	1.32143	22.914	0	2.60825e-07	1.64625e-06	0	1.66678	1.66678e+06	
39500	1.35385	23.1185	0	2.60825e-07	1.64625e-06	0	1.66678	1.66678e+06	
39600	1.53793	23.5185	0	1.48188e-06	3.22e-06	0	3.54462	3.54462e+06	
39700	1.72202	23.9185	0	1.48188e-06	3.22e-06	0	3.54462	3.54462e+06	
39800	1.9061	24.3185	0	1.48188e-06	3.22e-06	0	3.54462	3.54462e+06	
39900	2.09019	24.7185	0	1.48188e-06	3.22e-06	0	3.54462	3.54462e+06	
40000	2.27427	25.1185	0	1.48188e-06	3.22e-06	0	3.54462	3.54462e+06	
40100	2.18616	25.5185	0	-7.0928e-07	3.22e-06	0	3.29719	3.29719e+06	
40200	2.09805	25.9185	0	-7.0928e-07	3.22e-06	0	3.29719	3.29719e+06	
40300	2.00994	26.3185	0	-7.0928e-07	3.22e-06	0	3.29719	3.29719e+06	
40400	1.92183	26.7185	0	-7.0928e-07	3.22e-06	0	3.29719	3.29719e+06	
40500	1.83372	27.1185	0	-7.0928e-07	3.22e-06	0	3.29719	3.29719e+06	
40600	1.47352	27.4362	0	-2.8996e-06	2.55786e-06	0	3.86657	3.86657e+06	
40700	1.12923	27.752	0	-2.8996e-06	2.55786e-06	0	3.86657	3.86657e+06	
40800	1.1345	28.0523	0	-2.8996e-06	2.55786e-06	0	3.86657	3.86657e+06	
40900	1.10167	28.4019	0	-2.8996e-06	2.55786e-06	0	3.86657	3.86657e+06	
41000	1.11069	28.6933	0	-2.8996e-06	2.55786e-06	0	3.86657	3.86657e+06	
41100	1.14216	29.0765	0	-1.94572e-06	3.22e-06	0	3.76221	3.76221e+06	
41200	1.10027	29.4966	0	-1.94572e-06	3.22e-06	0	3.76221	3.76221e+06	
41300	1.13627	29.8649	0	-1.94572e-06	3.22e-06	0	3.76221	3.76221e+06	
41400	1.12982	30.2706	0	-1.94572e-06	3.22e-06	0	3.76221	3.76221e+06	
41500	1.11301	30.6679	0	-1.94572e-06	3.22e-06	0	3.76221	3.76221e+06	
41600	1.14242	30.9099	0	-1.69638e-06	2.14286e-06	0	2.73305	2.73305e+06	
41700	1.13996	31.1798	0	-1.69638e-06	2.14286e-06	0	2.73305	2.73305e+06	
41800	1.10472	31.4678	0	-1.69638e-06	2.14286e-06	0	2.73305	2.73305e+06	
41900	1.12281	31.7091	0	-1.69638e-06	2.14286e-06	0	2.73305	2.73305e+06	
42000	1.14437	31.9566	0	-1.69638e-06	2.14286e-06	0	2.73305	2.73305e+06	
42100	1.18081	32.2585	0	-1.46754e-07	2.42052e-06	0	2.42496	2.42496e+06	
42200	1.17139	32.5601	0	-1.46754e-07	2.42052e-06	0	2.42496	2.42496e+06	
42300	1.17626	32.8582	0	-1.46754e-07	2.42052e-06	0	2.42496	2.42496e+06	
42400	1.18764	33.1588	0	-1.46754e-07	2.42052e-06	0	2.42496	2.42496e+06	
42500	1.17985	33.4606	0	-1.46754e-07	2.42052e-06	0	2.42496	2.42496e+06	
42600	1.18385	33.3452	0	-1.74573e-08	-9.35686e-07	0	0.935848	935848	
42700	1.19171	33.2302	0	-1.74573e-08	-9.35686e-07	0	0.935848	935848	
42800	1.20116	33.1149	0	-1.74573e-08	-9.35686e-07	0	0.935848	935848	
42900	1.20911	32.9989	0	-1.74573e-08	-9.35686e-07	0	0.935848	935848	
43000	1.21425	32.8825	0	-1.74573e-08	-9.35686e-07	0	0.935848	935848	
43100	1.18181	32.5624	0	-3.08851e-07	-2.57177e-06	0	2.59025	2.59025e+06	
43200	1.16138	32.245	0	-3.08851e-07	-2.57177e-06	0	2.59025	2.59025e+06	
43300	1.17616	31.9278	0	-3.08851e-07	-2.57177e-06	0	2.59025	2.59025e+06	
43400	1.16522	31.6059	0	-3.08851e-07	-2.57177e-06	0	2.59025	2.59025e+06	
43500	1.15223	31.2887	0	-3.08851e-07	-2.57177e-06	0	2.59025	2.59025e+06	
43600	1.13189	30.923	0	-3.22e-06	-3.08685e-06	0	4.46061	4.46061e+06	
43700	1.0881	30.5034	0	-3.22e-06	-3.08685e-06	0	4.46061	4.46061e+06	
43800	1.12431	30.1715	0	-3.22e-06	-3.08685e-06	0	4.46061	4.46061e+06	
43900	1.12396	29.7866	0	-3.22e-06	-3.08685e-06	0	4.46061	4.46061e+06	
44000	1.09577	29.3892	0	-3.22e-06	-3.08685e-06	0	4.46061	4.46061e+06	
44100	1.16713	29.1833	0	-1.64878e-07	-1.75879e-06	0	1.7665	1.7665e+06	
44200	1.185	28.9663	0	-1.64878e-07	-1.75879e-06	0	1.7665	1.7665e+06	
44300	1.18553	28.7466	0	-1.64878e-07	-1.75879e-06	0	1.7665	1.7665e+06	
44400	1.17392	28.527	0	-1.64878e-07	-1.75879e-06	0	1.7665	1.7665e+06	
44500	1.16595	28.31	0	-1.64878e-07	-1.75879e-06	0	1.7665	1.7665e+06	
44600	1.16335	28.0744	0	-5.58066e-07	-1.93985e-06	0	2.01853	2.01853e+06	
44700	1.16463	27.8322	0	-5.58066e-07	-1.93985e-06	0	2.01853	2.01853e+06	
44800	1.14238	27.5855	0	-5.58066e-07	-1.93985e-06	0	2.01853	2.01853e+06	
44900	1.13328	27.349	0	-5.58066e-07	-1.93985e-06	0	2.01853	2.01853e+06	
45000	1.15987	27.1183	0	-5.58066e-07	-1.93985e-06	0	2.01853	2.01853e+06	
45100	1.15502	26.9375	0	-1.03429e-06	-1.46776e-06	0	1.79557	1.79557e+06	
45200	1.14384	26.7469	0	-1.03429e-06	-1.46776e-06	0	1.79557	1.79557e+06	
45300	1.1177	26.5505	0	-1.03429e-06	-1.46776e-06	0	1.79557	1.79557e+06	
45400	1.11963	26.3774	0	-1.03429e-06	-1.46776e-06	0	1.79557	1.79557e+06	
45500	1.14195	26.215	0	-1.03429e-06	-1.46776e-06	0	1.79557	1.79557e+06	
45600	1.13932	25.8174	0	-1.79093e-06	-3.22e-06	0	3.68454	3.68454e+06	
45700	1.10382	25.4074	0	-1.79093e-06	-3.22e-06	0	3.68454	3.68454e+06	
45800	1.14315	25.0341	0	-1.79093e-06	-3.22e-06	0	3.68454	3.68454e+06	
45900	1.11802	24.6202	0	-1.79093e-06	-3.22e-06	0	3.68454	3.68454e+06	
46000	1.1274	24.2383	0	-1.79093e-06	-3.22e-06	0	3.68454	3.68454e+06	
46100	1.13397	24.009	0	-3.00541e-06	-2.02751e-06	0	3.62537	3.62537e+06	
46200	1.1197	23.7371	0	-3.00541e-06	-2.02751e-06	0	3.62537	3.62537e+06	
46300	1.08972	23.456	0	-3.00541e-06	-2.02751e-06	0	3.62537	3.62537e+06	
46400	1.11684	23.2599	0	-3.00541e-06	-2.02751e-06	0	3.62537	3.62537e+06	
46500	1.13352	23.036	0	-3.00541e-06	-2.02751e-06	0	3.62537	3.62537e+06	
46600	1.11167	22.618	0	-2.26221e-06	-3.22e-06	0	3.93523	3.93523e+06	
46700	1.12326	22.2403	0	-2.26221e-06	-3.22e-06	0	3.93523	3.93523e+06	
46800	1.13616	21.8483	0	-2.26221e-06	-3.22e-06	0	3.93523	3.93523e+06	
46900	1.09698	21.4308	0	-2.26221e-06	-3.22e-06	0	3.93523	3.93523e+06	
47000	1.13763	21.0663	0	-2.26221e-06	-3.22e-06	0	3.93523	3.93523e+06	
47100	1.12008	20.7075	0	-2.59954e-06	-2.77093e-06	0	3.79943	3.79943e+06	
47200	1.10388	20.3629	0	-2.59954e-06	-2.77093e-06	0	3.79943	3.79943e+06	
47300	1.13565	20.0539	0	-2.59954e-06	-2.77093e-06	0	3.79943	3.79943e+06	
47400	1.11829	19.6934	0	-2.59954e-06	-2.77093e-06	0	3.79943	3.79943e+06	
47500	1.10553	19.3522	0	-2.59954e-06	-2.77093e-06	0	3.79943	3.79943e+06	
47600	1.09064	19.5652	0	-3.22e-06	1.60365e-06	0	3.59723	3.59723e+06	
47700	1.11095	19.7029	0	-3.22e-06	1.60365e-06	0	3.59723	3.59723e+06	
47800	1.12743	19.8588	0	-3.22e-06	1.60365e-06	0	3.59723	3.59723e+06	
47900	1.13238	20.0484	0	-3.22e-06	1.60365e-06	0	3.59723	3.59723e+06	
48000	1.11638	20.2757	0	-3.22e-06	1.60365e-06	0	3.59723	3.59723e+06	
48100	1.11311	20.2891	0	-3.22e-06	-3.07839e-07	0	3.23468	3.23468e+06	
48200	1.11093	20.3051	0	-3.22e-06	-3.07839e-07	0	3.23468	3.23468e+06	
48300	1.1083	20.3235	0	-3.22e-06	-3.07839e-07	0	3.23468	3.23468e+06	
48400	1.10521	20.3442	0	-3.22e-06	-3.07839e-07	0	3.23468	3.23468e+06	
48500	1.10175	20.3666	0	-3.22e-06	-3.07839e-07	0	3.23468	3.23468e+06	
48600	1.12279	20.2597	0	-2.27825e-06	-1.20653e-06	0	2.57801	2.57801e+06	
48700	1.13458	20.1374	0	-2.27825e-06	-1.20653e-06	0	2.57801	2.57801e+06	
48800	1.13962	19.9969	0	-2.27825e-06	-1.20653e-06	0	2.57801	2.57801e+06	
48900	1.13424	19.8366	0	-2.27825e-06	-1.20653e-06	0	2.57801	2.57801e+06	
49000	1.11427	19.6565	0	-2.27825e-06	-1.20653e-06	0	2.57801	2.57801e+06	
49100	1.10187	19.3527	0	-3.22e-06	-2.53102e-06	0	4.09567	4.09567e+06	
49200	1.13046	19.0827	0	-3.22e-06	-2.53102e-06	0	4.09567	4.09567e+06	
49300	1.12058	18.7553	0	-3.22e-06	-2.53102e-06	0	4.09567	4.09567e+06	
49400	1.09184	18.4201	0	-3.22e-06	-2.53102e-06	0	4.09567	4.09567e+06	
49500	1.12547	18.1612	0	-3.22e-06	-2.53102e-06	0	4.09567	4.09567e+06	
49600	1.11788	18.2558	0	-3.22e-06	4.56385e-07	0	3.25218	3.25218e+06	
49700	1.10259	18.3661	0	-3.22e-06	4.56385e-07	0	3.25218	3.25218e+06	
49800	1.08827	18.4713	0	-3.22e-06	4.56385e-07	0	3.25218	3.25218e+06	
49900	1.08766	18.5257	0	-3.22e-06	4.56385e-07	0	3.25218	3.25218e+06	
50000	1.08959	18.5491	0	-3.22e-06	4.56385e-07	0	3.25218	3.25218e+06	
