0	59	56	0	2.91993e-06	2.96405e-06	0	4.16072	4.16072e+06	
100	59.4	56.4	0	3.22e-06	3.22e-06	0	4.55377	4.55377e+06	
200	59.8	56.8	0	3.22e-06	3.22e-06	0	4.55377	4.55377e+06	
300	60.2	57.2	0	3.22e-06	3.22e-06	0	4.55377	4.55377e+06	
400	60.6	57.6	0	3.22e-06	3.22e-06	0	4.55377	4.55377e+06	
500	61	58	0	3.22e-06	3.22e-06	0	4.55377	4.55377e+06	
600	61.4	58.4	0	3.22e-06	3.22e-06	0	4.55377	4.55377e+06	
700	61.8	58.8	0	3.22e-06	3.22e-06	0	4.55377	4.55377e+06	
800	62.2	59.2	0	3.22e-06	3.22e-06	0	4.55377	4.55377e+06	
900	62.6	59.6	0	3.22e-06	3.22e-06	0	4.55377	4.55377e+06	
1000	63	60	0	3.22e-06	3.22e-06	0	4.55377	4.55377e+06	
1100	63.4	60.4	0	3.22e-06	3.22e-06	0	4.55377	4.55377e+06	
1200	63.8	60.8	0	3.22e-06	3.22e-06	0	4.55377	4.55377e+06	
1300	64.2	61.2	0	3.22e-06	3.22e-06	0	4.55377	4.55377e+06	
1400	64.6	61.6	0	3.22e-06	3.22e-06	0	4.55377	4.55377e+06	
1500	65	62	0	3.22e-06	3.22e-06	0	4.55377	4.55377e+06	
1600	65.4	62.4	0	3.22e-06	3.22e-06	0	4.55377	4.55377e+06	
1700	65.8	62.8	0	3.22e-06	3.22e-06	0	4.55377	4.55377e+06	
1800	66.2	63.2	0	3.22e-06	3.22e-06	0	4.55377	4.55377e+06	
1900	66.6	63.6	0	3.22e-06	3.22e-06	0	4.55377	4.55377e+06	
2000	67	64	0	3.22e-06	3.22e-06	0	4.55377	4.55377e+06	
2100	67.4	64.4	0	3.22e-06	3.22e-06	0	4.55377	4.55377e+06	
2200	67.8	64.8	0	3.22e-06	3.22e-06	0	4.55377	4.55377e+06	
2300	68.2	65.2	0	3.22e-06	3.22e-06	0	4.55377	4.55377e+06	
2400	68.6	65.6	0	3.22e-06	3.22e-06	0	4.55377	4.55377e+06	
2500	68.9955	65.8675	0	3.22e-06	3.22e-06	0	4.55377	4.55377e+06	
2600	69.4268	65.9038	0	3.22e-06	3.22e-06	0	4.55377	4.55377e+06	
2700	69.7866	65.8799	0	3.22e-06	3.22e-06	0	4.55377	4.55377e+06	
2800	70.1809	65.8733	0	3.22e-06	3.22e-06	0	4.55377	4.55377e+06	
2900	70.5991	65.906	0	3.22e-06	3.22e-06	0	4.55377	4.55377e+06	
3000	70.9533	65.8683	0	3.22e-06	3.22e-06	0	4.55377	4.55377e+06	
3100	71.3733	65.8905	0	3.22e-06	2.60412e-06	0	4.14124	4.14124e+06	
3200	71.7497	65.8804	0	3.22e-06	2.60412e-06	0	4.14124	4.14124e+06	
3300	72.1387	65.8661	0	3.22e-06	2.60412e-06	0	4.14124	4.14124e+06	
3400	72.5608	65.9065	0	3.22e-06	2.60412e-06	0	4.14124	4.14124e+06	
3500	72.9195	65.8656	0	3.22e-06	2.60412e-06	0	4.14124	4.14124e+06	
3600	73.3304	65.8771	0	3.22e-06	1.92747e-06	0	3.7528	3.7528e+06	
3700	73.7184	65.8795	0	3.22e-06	1.92747e-06	0	3.7528	3.7528e+06	
3800	73.8713	65.8586	0	3.22e-06	1.92747e-06	0	3.7528	3.7528e+06	
3900	73.8713	65.8586	0	3.22e-06	1.92747e-06	0	3.7528	3.7528e+06	
4000	73.8713	65.8586	0	3.22e-06	1.92747e-06	0	3.7528	3.7528e+06	
4100	73.8717	65.8547	0	3.22e-06	1.62779e-06	0	3.60806	3.60806e+06	
4200	73.8717	65.8547	0	3.22e-06	1.62779e-06	0	3.60806	3.60806e+06	
4300	73.8717	65.8547	0	3.22e-06	1.62779e-06	0	3.60806	3.60806e+06	
4400	73.8717	65.8547	0	3.22e-06	1.62779e-06	0	3.60806	3.60806e+06	
4500	73.8717	65.8547	0	3.22e-06	1.62779e-06	0	3.60806	3.60806e+06	
4600	73.8701	65.8701	0	3.22e-06	3.22e-06	0	4.55377	4.55377e+06	
4700	73.8701	65.8701	0	3.22e-06	3.22e-06	0	4.55377	4.55377e+06	
4800	73.8701	65.8701	0	3.22e-06	3.22e-06	0	4.55377	4.55377e+06	
4900	73.8701	65.8701	0	3.22e-06	3.22e-06	0	4.55377	4.55377e+06	
5000	73.8701	65.8701	0	3.22e-06	3.22e-06	0	4.55377	4.55377e+06	
5100	73.8701	65.8701	0	3.22e-06	3.22e-06	0	4.55377	4.55377e+06	
5200	73.8701	65.8701	0	3.22e-06	3.22e-06	0	4.55377	4.55377e+06	
5300	73.8701	65.8701	0	3.22e-06	3.22e-06	0	4.55377	4.55377e+06	
5400	73.8701	65.8701	0	3.22e-06	3.22e-06	0	4.55377	4.55377e+06	
5500	73.8701	65.8701	0	3.22e-06	3.22e-06	0	4.55377	4.55377e+06	
5600	73.8701	65.8701	0	3.22e-06	3.22e-06	0	4.55377	4.55377e+06	
5700	73.8701	65.8701	0	3.22e-06	3.22e-06	0	4.55377	4.55377e+06	
5800	73.8701	65.8701	0	3.22e-06	3.22e-06	0	4.55377	4.55377e+06	
5900	73.8701	65.8701	0	3.22e-06	3.22e-06	0	4.55377	4.55377e+06	
6000	73.8701	65.8701	0	3.22e-06	3.22e-06	0	4.55377	4.55377e+06	
6100	73.8701	65.8701	0	3.22e-06	3.22e-06	0	4.55377	4.55377e+06	
6200	73.8701	65.8701	0	3.22e-06	3.22e-06	0	4.55377	4.55377e+06	
6300	73.8701	65.8701	0	3.22e-06	3.22e-06	0	4.55377	4.55377e+06	
6400	73.8701	65.8701	0	3.22e-06	3.22e-06	0	4.55377	4.55377e+06	
6500	73.8701	65.8701	0	3.22e-06	3.22e-06	0	4.55377	4.55377e+06	
6600	73.8711	65.8606	0	3.22e-06	2.09873e-06	0	3.84357	3.84357e+06	
6700	73.8711	65.8606	0	3.22e-06	2.09873e-06	0	3.84357	3.84357e+06	
6800	73.8711	65.8606	0	3.22e-06	2.09873e-06	0	3.84357	3.84357e+06	
6900	73.8711	65.8606	0	3.22e-06	2.09873e-06	0	3.84357	3.84357e+06	
7000	73.8711	65.8606	0	3.22e-06	2.09873e-06	0	3.84357	3.84357e+06	
7100	73.8706	65.8656	0	3.22e-06	2.62206e-06	0	4.15254	4.15254e+06	
7200	73.8706	65.8656	0	3.22e-06	2.62206e-06	0	4.15254	4.15254e+06	
7300	73.8706	65.8656	0	3.22e-06	2.62206e-06	0	4.15254	4.15254e+06	
7400	73.8706	65.8656	0	3.22e-06	2.62206e-06	0	4.15254	4.15254e+06	
7500	73.8706	65.8656	0	3.22e-06	2.62206e-06	0	4.15254	4.15254e+06	
7600	73.8707	65.8646	0	3.22e-06	2.50682e-06	0	4.08075	4.08075e+06	
7700	73.8707	65.8646	0	3.22e-06	2.50682e-06	0	4.08075	4.08075e+06	
7800	73.8707	65.8646	0	3.22e-06	2.50682e-06	0	4.08075	4.08075e+06	
7900	73.8707	65.8646	0	3.22e-06	2.50682e-06	0	4.08075	4.08075e+06	
8000	73.8707	65.8646	0	3.22e-06	2.50682e-06	0	4.08075	4.08075e+06	
8100	73.8704	65.8673	0	3.22e-06	2.83949e-06	0	4.29315	4.29315e+06	
8200	73.8704	65.8673	0	3.22e-06	2.83949e-06	0	4.29315	4.29315e+06	
8300	73.8704	65.8673	0	3.22e-06	2.83949e-06	0	4.29315	4.29315e+06	
8400	73.8704	65.8673	0	3.22e-06	2.83949e-06	0	4.29315	4.29315e+06	
8500	73.8704	65.8673	0	3.22e-06	2.83949e-06	0	4.29315	4.29315e+06	
8600	73.8733	65.8088	0	2.85151e-06	2.23518e-07	0	2.86026	2.86026e+06	
8700	73.875	65.7918	0	2.85151e-06	2.23518e-07	0	2.86026	2.86026e+06	
8800	73.8763	65.7785	0	2.85151e-06	2.23518e-07	0	2.86026	2.86026e+06	
8900	73.8777	65.7658	0	2.85151e-06	2.23518e-07	0	2.86026	2.86026e+06	
9000	73.8792	65.7525	0	2.85151e-06	2.23518e-07	0	2.86026	2.86026e+06	
9100	73.8868	65.661	0	2.3568e-06	-4.28996e-07	0	2.39552	2.39552e+06	
9200	73.901	65.5668	0	2.3568e-06	-4.28996e-07	0	2.39552	2.39552e+06	
9300	73.9066	65.4964	0	2.3568e-06	-4.28996e-07	0	2.39552	2.39552e+06	
9400	73.9048	65.4588	0	2.3568e-06	-4.28996e-07	0	2.39552	2.39552e+06	
9500	73.9025	65.4367	0	2.3568e-06	-4.28996e-07	0	2.39552	2.39552e+06	
9600	73.8405	65.7043	0	-9.55508e-09	2.16475e-06	0	2.16478	2.16478e+06	
9700	73.8021	65.8681	0	-9.55508e-09	2.16475e-06	0	2.16478	2.16478e+06	
9800	73.7684	65.8717	0	-9.55508e-09	2.16475e-06	0	2.16478	2.16478e+06	
9900	73.7355	65.8755	0	-9.55508e-09	2.16475e-06	0	2.16478	2.16478e+06	
10000	73.6998	65.8801	0	-9.55508e-09	2.16475e-06	0	2.16478	2.16478e+06	
10100	73.7153	65.8729	0	3.51448e-07	1.62875e-06	0	1.66624	1.66624e+06	
10200	73.7327	65.8706	0	3.51448e-07	1.62875e-06	0	1.66624	1.66624e+06	
10300	73.7513	65.8684	0	3.51448e-07	1.62875e-06	0	1.66624	1.66624e+06	
10400	73.7706	65.8662	0	3.51448e-07	1.62875e-06	0	1.66624	1.66624e+06	
10500	73.7891	65.8642	0	3.51448e-07	1.62875e-06	0	1.66624	1.66624e+06	
10600	73.8615	65.8558	0	1.98839e-06	1.57336e-06	0	2.53558	2.53558e+06	
10700	73.8616	65.8557	0	1.98839e-06	1.57336e-06	0	2.53558	2.53558e+06	
10800	73.8616	65.8557	0	1.98839e-06	1.57336e-06	0	2.53558	2.53558e+06	
10900	73.8616	65.8557	0	1.98839e-06	1.57336e-06	0	2.53558	2.53558e+06	
11000	73.8616	65.8557	0	1.98839e-06	1.57336e-06	0	2.53558	2.53558e+06	
11100	73.8856	65.7146	0	3.22e-06	-6.62448e-07	0	3.28744	3.28744e+06	
11200	73.906	65.5767	0	3.22e-06	-6.62448e-07	0	3.28744	3.28744e+06	
11300	73.9126	65.478	0	3.22e-06	-6.62448e-07	0	3.28744	3.28744e+06	
11400	73.9086	65.4339	0	3.22e-06	-6.62448e-07	0	3.28744	3.28744e+06	
11500	73.9048	65.4068	0	3.22e-06	-6.62448e-07	0	3.28744	3.28744e+06	
11600	73.8999	65.5047	0	1.71131e-06	6.46416e-07	0	1.82932	1.82932e+06	
11700	73.8958	65.5681	0	1.71131e-06	6.46416e-07	0	1.82932	1.82932e+06	
11800	73.8888	65.6171	0	1.71131e-06	6.46416e-07	0	1.82932	1.82932e+06	
11900	73.8816	65.6641	0	1.71131e-06	6.46416e-07	0	1.82932	1.82932e+06	
12000	73.8745	65.7135	0	1.71131e-06	6.46416e-07	0	1.82932	1.82932e+06	
12100	73.878	65.7908	0	3.22e-06	1.00462e-06	0	3.37308	3.37308e+06	
12200	73.8732	65.8397	0	3.22e-06	1.00462e-06	0	3.37308	3.37308e+06	
12300	73.8729	65.8424	0	3.22e-06	1.00462e-06	0	3.37308	3.37308e+06	
12400	73.8729	65.8424	0	3.22e-06	1.00462e-06	0	3.37308	3.37308e+06	
12500	73.8729	65.8424	0	3.22e-06	1.00462e-06	0	3.37308	3.37308e+06	
12600	73.8794	65.7708	0	3.22e-06	-1.13752e-07	0	3.22201	3.22201e+06	
12700	73.8869	65.7085	0	3.22e-06	-1.13752e-07	0	3.22201	3.22201e+06	
12800	73.8972	65.6376	0	3.22e-06	-1.13752e-07	0	3.22201	3.22201e+06	
12900	73.9079	65.5667	0	3.22e-06	-1.13752e-07	0	3.22201	3.22201e+06	
13000	73.9125	65.5192	0	3.22e-06	-1.13752e-07	0	3.22201	3.22201e+06	
13100	73.9085	65.4318	0	3.22e-06	-9.03111e-07	0	3.34425	3.34425e+06	
13200	73.9007	65.3786	0	3.22e-06	-9.03111e-07	0	3.34425	3.34425e+06	
13300	73.893	65.3285	0	3.22e-06	-9.03111e-07	0	3.34425	3.34425e+06	
13400	73.8852	65.2725	0	3.22e-06	-9.03111e-07	0	3.34425	3.34425e+06	
13500	73.8777	65.2061	0	3.22e-06	-9.03111e-07	0	3.34425	3.34425e+06	
13600	73.8927	65.3367	0	3.22e-06	6.67294e-07	0	3.28842	3.28842e+06	
13700	73.9115	65.47	0	3.22e-06	6.67294e-07	0	3.28842	3.28842e+06	
13800	73.9112	65.5428	0	3.22e-06	6.67294e-07	0	3.28842	3.28842e+06	
13900	73.907	65.5782	0	3.22e-06	6.67294e-07	0	3.28842	3.28842e+06	
14000	73.9033	65.603	0	3.22e-06	6.67294e-07	0	3.28842	3.28842e+06	
14100	73.8516	65.7499	0	5.46075e-07	1.32097e-06	0	1.42939	1.42939e+06	
14200	73.836	65.8538	0	5.46075e-07	1.32097e-06	0	1.42939	1.42939e+06	
14300	73.8328	65.8555	0	5.46075e-07	1.32097e-06	0	1.42939	1.42939e+06	
14400	73.8326	65.8556	0	5.46075e-07	1.32097e-06	0	1.42939	1.42939e+06	
14500	73.8326	65.8556	0	5.46075e-07	1.32097e-06	0	1.42939	1.42939e+06	
14600	73.7696	65.8371	0	-3.47435e-07	4.03549e-07	0	0.532506	532506	
14700	73.7203	65.8414	0	-3.47435e-07	4.03549e-07	0	0.532506	532506	
14800	73.6711	65.8476	0	-3.47435e-07	4.03549e-07	0	0.532506	532506	
14900	73.6215	65.8548	0	-3.47435e-07	4.03549e-07	0	0.532506	532506	
15000	73.5723	65.862	0	-3.47435e-07	4.03549e-07	0	0.532506	532506	
15100	73.8035	65.8583	0	2.01823e-06	1.1167e-06	0	2.30657	2.30657e+06	
15200	73.8627	65.8479	0	2.01823e-06	1.1167e-06	0	2.30657	2.30657e+06	
15300	73.8627	65.8478	0	2.01823e-06	1.1167e-06	0	2.30657	2.30657e+06	
15400	73.8627	65.8478	0	2.01823e-06	1.1167e-06	0	2.30657	2.30657e+06	
15500	73.8627	65.8478	0	2.01823e-06	1.1167e-06	0	2.30657	2.30657e+06	
15600	73.9017	65.5987	0	3.22e-06	-1.56961e-06	0	3.58219	3.58219e+06	
15700	73.9061	65.4105	0	3.22e-06	-1.56961e-06	0	3.58219	3.58219e+06	
15800	73.8863	65.277	0	3.22e-06	-1.56961e-06	0	3.58219	3.58219e+06	
15900	73.8713	65.1214	0	3.22e-06	-1.56961e-06	0	3.58219	3.58219e+06	
16000	73.8681	64.9324	0	3.22e-06	-1.56961e-06	0	3.58219	3.58219e+06	
16100	73.8881	64.6754	0	2.96805e-06	-1.82233e-06	0	3.48284	3.48284e+06	
16200	73.9077	64.4327	0	2.96805e-06	-1.82233e-06	0	3.48284	3.48284e+06	
16300	73.8831	64.2627	0	2.96805e-06	-1.82233e-06	0	3.48284	3.48284e+06	
16400	73.8671	64.0668	0	2.96805e-06	-1.82233e-06	0	3.48284	3.48284e+06	
16500	73.8712	63.8328	0	2.96805e-06	-1.82233e-06	0	3.48284	3.48284e+06	
16600	73.8712	63.7602	0	2.05603e-06	-3.91547e-07	0	2.09298	2.09298e+06	
16700	73.8813	63.6801	0	2.05603e-06	-3.91547e-07	0	2.09298	2.09298e+06	
16800	73.8941	63.5951	0	2.05603e-06	-3.91547e-07	0	2.09298	2.09298e+06	
16900	73.903	63.5207	0	2.05603e-06	-3.91547e-07	0	2.09298	2.09298e+06	
17000	73.9032	63.4746	0	2.05603e-06	-3.91547e-07	0	2.09298	2.09298e+06	
17100	73.8924	63.3197	0	3.22e-06	-1.69943e-06	0	3.64094	3.64094e+06	
17200	73.8737	63.1555	0	3.22e-06	-1.69943e-06	0	3.64094	3.64094e+06	
17300	73.8675	62.9559	0	3.22e-06	-1.69943e-06	0	3.64094	3.64094e+06	
17400	73.8845	62.7165	0	3.22e-06	-1.69943e-06	0	3.64094	3.64094e+06	
17500	73.9125	62.4703	0	3.22e-06	-1.69943e-06	0	3.64094	3.64094e+06	
17600	73.873	62.2322	0	2.04601e-06	-2.22688e-06	0	3.0241	3.0241e+06	
17700	73.8583	61.969	0	2.04601e-06	-2.22688e-06	0	3.0241	3.0241e+06	
17800	73.8794	61.674	0	2.04601e-06	-2.22688e-06	0	3.0241	3.0241e+06	
17900	73.896	61.3943	0	2.04601e-06	-2.22688e-06	0	3.0241	3.0241e+06	
18000	73.8653	61.153	0	2.04601e-06	-2.22688e-06	0	3.0241	3.0241e+06	
18100	73.8699	60.8803	0	3.22e-06	-2.22718e-06	0	3.91519	3.91519e+06	
18200	73.9066	60.5614	0	3.22e-06	-2.22718e-06	0	3.91519	3.91519e+06	
18300	73.893	60.3211	0	3.22e-06	-2.22718e-06	0	3.91519	3.91519e+06	
18400	73.8696	60.0857	0	3.22e-06	-2.22718e-06	0	3.91519	3.91519e+06	
18500	73.8753	59.8	0	3.22e-06	-2.22718e-06	0	3.91519	3.91519e+06	
18600	73.9119	59.5139	0	3.22e-06	-1.94248e-06	0	3.76053	3.76053e+06	
18700	73.8928	59.3211	0	3.22e-06	-1.94248e-06	0	3.76053	3.76053e+06	
18800	73.8716	59.1242	0	3.22e-06	-1.94248e-06	0	3.76053	3.76053e+06	
18900	73.8697	58.885	0	3.22e-06	-1.94248e-06	0	3.76053	3.76053e+06	
19000	73.9008	58.6023	0	3.22e-06	-1.94248e-06	0	3.76053	3.76053e+06	
19100	73.9044	58.5067	0	2.144e-06	-5.67402e-07	0	2.21781	2.21781e+06	
19200	73.9022	58.4501	0	2.144e-06	-5.67402e-07	0	2.21781	2.21781e+06	
19300	73.8976	58.4134	0	2.144e-06	-5.67402e-07	0	2.21781	2.21781e+06	
19400	73.8931	58.383	0	2.144e-06	-5.67402e-07	0	2.21781	2.21781e+06	
19500	73.8885	58.354	0	2.144e-06	-5.67402e-07	0	2.21781	2.21781e+06	
19600	73.9082	58.5572	0	2.90531e-06	1.5149e-06	0	3.27654	3.27654e+06	
19700	73.8888	58.6901	0	2.90531e-06	1.5149e-06	0	3.27654	3.27654e+06	
19800	73.8722	58.8362	0	2.90531e-06	1.5149e-06	0	3.27654	3.27654e+06	
19900	73.8652	59.0105	0	2.90531e-06	1.5149e-06	0	3.27654	3.27654e+06	
20000	73.8751	59.2166	0	2.90531e-06	1.5149e-06	0	3.27654	3.27654e+06	
20100	73.8998	59.4175	0	2.5998e-06	1.29286e-06	0	2.90352	2.90352e+06	
20200	73.9038	59.5745	0	2.5998e-06	1.29286e-06	0	2.90352	2.90352e+06	
20300	73.8873	59.6846	0	2.5998e-06	1.29286e-06	0	2.90352	2.90352e+06	
20400	73.8727	59.805	0	2.5998e-06	1.29286e-06	0	2.90352	2.90352e+06	
20500	73.8639	59.9459	0	2.5998e-06	1.29286e-06	0	2.90352	2.90352e+06	
20600	73.8782	60.3578	0	1.7474e-06	3.22e-06	0	3.66358	3.66358e+06	
20700	73.8746	60.7429	0	1.7474e-06	3.22e-06	0	3.66358	3.66358e+06	
20800	73.8575	61.1346	0	1.7474e-06	3.22e-06	0	3.66358	3.66358e+06	
20900	73.8988	61.5495	0	1.7474e-06	3.22e-06	0	3.66358	3.66358e+06	
21000	73.8583	61.9206	0	1.7474e-06	3.22e-06	0	3.66358	3.66358e+06	
21100	73.8909	62.3411	0	3.22e-06	3.22e-06	0	4.55377	4.55377e+06	
21200	73.888	62.7202	0	3.22e-06	3.22e-06	0	4.55377	4.55377e+06	
21300	73.8688	63.1	0	3.22e-06	3.22e-06	0	4.55377	4.55377e+06	
21400	73.9124	63.5327	0	3.22e-06	3.22e-06	0	4.55377	4.55377e+06	
21500	73.8718	63.8803	0	3.22e-06	3.22e-06	0	4.55377	4.55377e+06	
21600	73.8706	64.1328	0	3.22e-06	2.03323e-06	0	3.8082	3.8082e+06	
21700	73.9054	64.4288	0	3.22e-06	2.03323e-06	0	3.8082	3.8082e+06	
21800	73.897	64.6514	0	3.22e-06	2.03323e-06	0	3.8082	3.8082e+06	
21900	73.873	64.8549	0	3.22e-06	2.03323e-06	0	3.8082	3.8082e+06	
22000	73.8692	65.1022	0	3.22e-06	2.03323e-06	0	3.8082	3.8082e+06	
22100	73.8813	65.2518	0	3.22e-06	9.50361e-07	0	3.35732	3.35732e+06	
22200	73.9057	65.4231	0	3.22e-06	9.50361e-07	0	3.35732	3.35732e+06	
22300	73.911	65.5459	0	3.22e-06	9.50361e-07	0	3.35732	3.35732e+06	
22400	73.9026	65.6097	0	3.22e-06	9.50361e-07	0	3.35732	3.35732e+06	
22500	73.8939	65.6653	0	3.22e-06	9.50361e-07	0	3.35732	3.35732e+06	
22600	73.8933	65.667	0	3.22e-06	4.93591e-07	0	3.25761	3.25761e+06	
22700	73.893	65.669	0	3.22e-06	4.93591e-07	0	3.25761	3.25761e+06	
22800	73.8926	65.6712	0	3.22e-06	4.93591e-07	0	3.25761	3.25761e+06	
22900	73.8923	65.6737	0	3.22e-06	4.93591e-07	0	3.25761	3.25761e+06	
23000	73.8919	65.6764	0	3.22e-06	4.93591e-07	0	3.25761	3.25761e+06	
23100	73.8845	65.733	0	3.22e-06	9.01995e-07	0	3.34395	3.34395e+06	
23200	73.8773	65.7973	0	3.22e-06	9.01995e-07	0	3.34395	3.34395e+06	
23300	73.8734	65.8364	0	3.22e-06	9.01995e-07	0	3.34395	3.34395e+06	
23400	73.8731	65.8393	0	3.22e-06	9.01995e-07	0	3.34395	3.34395e+06	
23500	73.8731	65.8394	0	3.22e-06	9.01995e-07	0	3.34395	3.34395e+06	
23600	73.8733	65.8371	0	3.22e-06	8.33005e-07	0	3.326	3.326e+06	
23700	73.8733	65.837	0	3.22e-06	8.33005e-07	0	3.326	3.326e+06	
23800	73.8733	65.837	0	3.22e-06	8.33005e-07	0	3.326	3.326e+06	
23900	73.8733	65.837	0	3.22e-06	8.33005e-07	0	3.326	3.326e+06	
24000	73.8733	65.837	0	3.22e-06	8.33005e-07	0	3.326	3.326e+06	
24100	73.871	65.8618	0	3.22e-06	2.21865e-06	0	3.91034	3.91034e+06	
24200	73.871	65.8618	0	3.22e-06	2.21865e-06	0	3.91034	3.91034e+06	
24300	73.871	65.8618	0	3.22e-06	2.21865e-06	0	3.91034	3.91034e+06	
24400	73.871	65.8618	0	3.22e-06	2.21865e-06	0	3.91034	3.91034e+06	
24500	73.871	65.8618	0	3.22e-06	2.21865e-06	0	3.91034	3.91034e+06	
24600	73.8776	65.7887	0	3.22e-06	1.51254e-08	0	3.22004	3.22004e+06	
24700	73.8824	65.7449	0	3.22e-06	1.51254e-08	0	3.22004	3.22004e+06	
24800	73.8887	65.6958	0	3.22e-06	1.51254e-08	0	3.22004	3.22004e+06	
24900	73.897	65.6399	0	3.22e-06	1.51254e-08	0	3.22004	3.22004e+06	
25000	73.9057	65.5829	0	3.22e-06	1.51254e-08	0	3.22004	3.22004e+06	
25100	73.8917	65.6827	0	3.22e-06	1.30337e-06	0	3.47378	3.47378e+06	
25200	73.878	65.7926	0	3.22e-06	1.30337e-06	0	3.47378	3.47378e+06	
25300	73.8723	65.8487	0	3.22e-06	1.30337e-06	0	3.47378	3.47378e+06	
25400	73.8722	65.8492	0	3.22e-06	1.30337e-06	0	3.47378	3.47378e+06	
25500	73.8722	65.8492	0	3.22e-06	1.30337e-06	0	3.47378	3.47378e+06	
25600	73.89	65.6809	0	3.22e-06	-9.07335e-07	0	3.34539	3.34539e+06	
25700	73.9121	65.5197	0	3.22e-06	-9.07335e-07	0	3.34539	3.34539e+06	
25800	73.9085	65.4316	0	3.22e-06	-9.07335e-07	0	3.34539	3.34539e+06	
25900	73.9006	65.378	0	3.22e-06	-9.07335e-07	0	3.34539	3.34539e+06	
26000	73.8928	65.3273	0	3.22e-06	-9.07335e-07	0	3.34539	3.34539e+06	
26100	73.9098	65.4948	0	2.79375e-06	1.03613e-06	0	2.9797	2.9797e+06	
26200	73.9026	65.5917	0	2.79375e-06	1.03613e-06	0	2.9797	2.9797e+06	
26300	73.8912	65.6661	0	2.79375e-06	1.03613e-06	0	2.9797	2.9797e+06	
26400	73.8802	65.7463	0	2.79375e-06	1.03613e-06	0	2.9797	2.9797e+06	
26500	73.8716	65.8277	0	2.79375e-06	1.03613e-06	0	2.9797	2.9797e+06	
26600	73.8766	65.8001	0	3.22e-06	2.41185e-07	0	3.22902	3.22902e+06	
26700	73.8783	65.7834	0	3.22e-06	2.41185e-07	0	3.22902	3.22902e+06	
26800	73.8799	65.768	0	3.22e-06	2.41185e-07	0	3.22902	3.22902e+06	
26900	73.8817	65.7517	0	3.22e-06	2.41185e-07	0	3.22902	3.22902e+06	
27000	73.8839	65.7334	0	3.22e-06	2.41185e-07	0	3.22902	3.22902e+06	
27100	73.8718	65.8546	0	3.22e-06	1.7154e-06	0	3.64842	3.64842e+06	
27200	73.8716	65.8559	0	3.22e-06	1.7154e-06	0	3.64842	3.64842e+06	
27300	73.8716	65.8559	0	3.22e-06	1.7154e-06	0	3.64842	3.64842e+06	
27400	73.8716	65.8559	0	3.22e-06	1.7154e-06	0	3.64842	3.64842e+06	
27500	73.8716	65.8559	0	3.22e-06	1.7154e-06	0	3.64842	3.64842e+06	
27600	73.8717	65.8544	0	3.22e-06	1.6129e-06	0	3.60137	3.60137e+06	
27700	73.8717	65.8544	0	3.22e-06	1.6129e-06	0	3.60137	3.60137e+06	
27800	73.8717	65.8544	0	3.22e-06	1.6129e-06	0	3.60137	3.60137e+06	
27900	73.8717	65.8544	0	3.22e-06	1.6129e-06	0	3.60137	3.60137e+06	
28000	73.8717	65.8544	0	3.22e-06	1.6129e-06	0	3.60137	3.60137e+06	
28100	73.8729	65.8418	0	3.22e-06	9.77315e-07	0	3.36505	3.36505e+06	
28200	73.8729	65.8417	0	3.22e-06	9.77315e-07	0	3.36505	3.36505e+06	
28300	73.8729	65.8417	0	3.22e-06	9.77315e-07	0	3.36505	3.36505e+06	
28400	73.8729	65.8417	0	3.22e-06	9.77315e-07	0	3.36505	3.36505e+06	
28500	73.8729	65.8417	0	3.22e-06	9.77315e-07	0	3.36505	3.36505e+06	
28600	73.8715	65.857	0	3.22e-06	1.79784e-06	0	3.68791	3.68791e+06	
28700	73.8715	65.857	0	3.22e-06	1.79784e-06	0	3.68791	3.68791e+06	
28800	73.8715	65.857	0	3.22e-06	1.79784e-06	0	3.68791	3.68791e+06	
28900	73.8715	65.857	0	3.22e-06	1.79784e-06	0	3.68791	3.68791e+06	
29000	73.8715	65.857	0	3.22e-06	1.79784e-06	0	3.68791	3.68791e+06	
29100	73.8808	65.7562	0	3.22e-06	-2.98351e-07	0	3.23379	3.23379e+06	
29200	73.8924	65.6677	0	3.22e-06	-2.98351e-07	0	3.23379	3.23379e+06	
29300	73.9068	65.5732	0	3.22e-06	-2.98351e-07	0	3.23379	3.23379e+06	
29400	73.9129	65.5067	0	3.22e-06	-2.98351e-07	0	3.23379	3.23379e+06	
29500	73.9125	65.4784	0	3.22e-06	-2.98351e-07	0	3.23379	3.23379e+06	
29600	73.874	65.151	0	3.22e-06	-3.06506e-06	0	4.44556	4.44556e+06	
29700	73.8781	64.765	0	3.22e-06	-3.06506e-06	0	4.44556	4.44556e+06	
29800	73.9021	64.3753	0	3.22e-06	-3.06506e-06	0	4.44556	4.44556e+06	
29900	73.8681	64.0373	0	3.22e-06	-3.06506e-06	0	4.44556	4.44556e+06	
30000	73.8952	63.6306	0	3.22e-06	-3.06506e-06	0	4.44556	4.44556e+06	
30100	73.8948	63.3309	0	3.22e-06	-2.56616e-06	0	4.11747	4.11747e+06	
30200	73.8684	63.0515	0	3.22e-06	-2.56616e-06	0	4.11747	4.11747e+06	
30300	73.8842	62.7135	0	3.22e-06	-2.56616e-06	0	4.11747	4.11747e+06	
30400	73.9035	62.3874	0	3.22e-06	-2.56616e-06	0	4.11747	4.11747e+06	
30500	73.8715	62.1192	0	3.22e-06	-2.56616e-06	0	4.11747	4.11747e+06	
30600	73.8822	61.7269	0	3.22e-06	-3.06566e-06	0	4.44597	4.44597e+06	
30700	73.8977	61.3471	0	3.22e-06	-3.06566e-06	0	4.44597	4.44597e+06	
30800	73.8674	61.0031	0	3.22e-06	-3.06566e-06	0	4.44597	4.44597e+06	
30900	73.9012	60.5914	0	3.22e-06	-3.06566e-06	0	4.44597	4.44597e+06	
31000	73.8835	60.2462	0	3.22e-06	-3.06566e-06	0	4.44597	4.44597e+06	
31100	73.8427	59.8582	0	8.46598e-07	-3.17446e-06	0	3.28541	3.28541e+06	
31200	73.879	59.4576	0	8.46598e-07	-3.17446e-06	0	3.28541	3.28541e+06	
31300	73.8461	59.0784	0	8.46598e-07	-3.17446e-06	0	3.28541	3.28541e+06	
31400	73.8545	58.6799	0	8.46598e-07	-3.17446e-06	0	3.28541	3.28541e+06	
31500	73.8681	58.2909	0	8.46598e-07	-3.17446e-06	0	3.28541	3.28541e+06	
31600	73.7349	57.9331	0	-8.89513e-07	-2.89965e-06	0	3.03302	3.03302e+06	
31700	73.6243	57.5729	0	-8.89513e-07	-2.89965e-06	0	3.03302	3.03302e+06	
31800	73.5138	57.2127	0	-8.89513e-07	-2.89965e-06	0	3.03302	3.03302e+06	
31900	73.4033	56.8525	0	-8.89513e-07	-2.89965e-06	0	3.03302	3.03302e+06	
32000	73.2929	56.4923	0	-8.89513e-07	-2.89965e-06	0	3.03302	3.03302e+06	
32100	73.2912	56.0978	0	-1.29439e-08	-3.17554e-06	0	3.17556	3.17556e+06	
32200	73.2896	55.7033	0	-1.29439e-08	-3.17554e-06	0	3.17556	3.17556e+06	
32300	73.288	55.3088	0	-1.29439e-08	-3.17554e-06	0	3.17556	3.17556e+06	
32400	73.2864	54.9144	0	-1.29439e-08	-3.17554e-06	0	3.17556	3.17556e+06	
32500	73.2848	54.5199	0	-1.29439e-08	-3.17554e-06	0	3.17556	3.17556e+06	
32600	73.1105	54.3026	0	-1.40308e-06	-1.74919e-06	0	2.24239	2.24239e+06	
32700	72.9362	54.0853	0	-1.40308e-06	-1.74919e-06	0	2.24239	2.24239e+06	
32800	72.7619	53.868	0	-1.40308e-06	-1.74919e-06	0	2.24239	2.24239e+06	
32900	72.5876	53.6507	0	-1.40308e-06	-1.74919e-06	0	2.24239	2.24239e+06	
33000	72.4133	53.4334	0	-1.40308e-06	-1.74919e-06	0	2.24239	2.24239e+06	
33100	72.197	53.117	0	-1.74157e-06	-2.54739e-06	0	3.08582	3.08582e+06	
33200	71.9806	52.8005	0	-1.74157e-06	-2.54739e-06	0	3.08582	3.08582e+06	
33300	71.7643	52.4841	0	-1.74157e-06	-2.54739e-06	0	3.08582	3.08582e+06	
33400	71.5479	52.1682	0	-1.74157e-06	-2.54739e-06	0	3.08582	3.08582e+06	
33500	71.3603	52.1057	0	-1.74157e-06	-2.54739e-06	0	3.08582	3.08582e+06	
33600	71.0172	52.1508	0	-2.91148e-06	-1.22347e-06	0	3.1581	3.1581e+06	
33700	70.6464	52.1311	0	-2.91148e-06	-1.22347e-06	0	3.1581	3.1581e+06	
33800	70.2938	52.1264	0	-2.91148e-06	-1.22347e-06	0	3.1581	3.1581e+06	
33900	69.9429	52.1516	0	-2.91148e-06	-1.22347e-06	0	3.1581	3.1581e+06	
34000	69.5694	52.1205	0	-2.91148e-06	-1.22347e-06	0	3.1581	3.1581e+06	
34100	69.7392	52.3816	0	1.37573e-06	2.03904e-06	0	2.45974	2.45974e+06	
34200	69.9101	52.6349	0	1.37573e-06	2.03904e-06	0	2.45974	2.45974e+06	
34300	70.081	52.8882	0	1.37573e-06	2.03904e-06	0	2.45974	2.45974e+06	
34400	70.2519	53.1415	0	1.37573e-06	2.03904e-06	0	2.45974	2.45974e+06	
34500	70.4228	53.3948	0	1.37573e-06	2.03904e-06	0	2.45974	2.45974e+06	
34600	70.4532	53.4054	0	2.44809e-07	8.5872e-08	0	0.259433	259433	
34700	70.4837	53.4161	0	2.44809e-07	8.5872e-08	0	0.259433	259433	
34800	70.5141	53.4268	0	2.44809e-07	8.5872e-08	0	0.259433	259433	
34900	70.5445	53.4374	0	2.44809e-07	8.5872e-08	0	0.259433	259433	
35000	70.5749	53.4481	0	2.44809e-07	8.5872e-08	0	0.259433	259433	
35100	70.6907	53.6284	0	9.32234e-07	1.45167e-06	0	1.72523	1.72523e+06	
35200	70.8065	53.8088	0	9.32234e-07	1.45167e-06	0	1.72523	1.72523e+06	
35300	70.9223	53.9891	0	9.32234e-07	1.45167e-06	0	1.72523	1.72523e+06	
35400	71.0381	54.1694	0	9.32234e-07	1.45167e-06	0	1.72523	1.72523e+06	
35500	71.1539	54.3498	0	9.32234e-07	1.45167e-06	0	1.72523	1.72523e+06	
35600	71.1744	54.7498	0	1.6484e-07	3.22e-06	0	3.22422	3.22422e+06	
35700	71.1949	55.1498	0	1.6484e-07	3.22e-06	0	3.22422	3.22422e+06	
35800	71.2153	55.5498	0	1.6484e-07	3.22e-06	0	3.22422	3.22422e+06	
35900	71.2358	55.9498	0	1.6484e-07	3.22e-06	0	3.22422	3.22422e+06	
36000	71.2563	56.3498	0	1.6484e-07	3.22e-06	0	3.22422	3.22422e+06	
36100	71.5405	56.7498	0	2.28771e-06	3.22e-06	0	3.94994	3.94994e+06	
36200	71.8247	57.1498	0	2.28771e-06	3.22e-06	0	3.94994	3.94994e+06	
36300	72.1089	57.5498	0	2.28771e-06	3.22e-06	0	3.94994	3.94994e+06	
36400	72.393	57.9498	0	2.28771e-06	3.22e-06	0	3.94994	3.94994e+06	
36500	72.6772	58.3498	0	2.28771e-06	3.22e-06	0	3.94994	3.94994e+06	
36600	72.9922	58.7498	0	2.53509e-06	3.22e-06	0	4.09818	4.09818e+06	
36700	73.3071	59.1498	0	2.53509e-06	3.22e-06	0	4.09818	4.09818e+06	
36800	73.622	59.5498	0	2.53509e-06	3.22e-06	0	4.09818	4.09818e+06	
36900	73.8637	59.9461	0	2.53509e-06	3.22e-06	0	4.09818	4.09818e+06	
37000	73.8886	60.3647	0	2.53509e-06	3.22e-06	0	4.09818	4.09818e+06	
37100	73.8639	60.7568	0	9.7191e-07	3.22e-06	0	3.36348	3.36348e+06	
37200	73.8459	61.1526	0	9.7191e-07	3.22e-06	0	3.36348	3.36348e+06	
37300	73.8838	61.5593	0	9.7191e-07	3.22e-06	0	3.36348	3.36348e+06	
37400	73.8471	61.9424	0	9.7191e-07	3.22e-06	0	3.36348	3.36348e+06	
37500	73.8612	62.3483	0	9.7191e-07	3.22e-06	0	3.36348	3.36348e+06	
37600	73.7254	62.7492	0	-1.03349e-06	3.22e-06	0	3.38179	3.38179e+06	
37700	73.597	63.1492	0	-1.03349e-06	3.22e-06	0	3.38179	3.38179e+06	
37800	73.4686	63.5492	0	-1.03349e-06	3.22e-06	0	3.38179	3.38179e+06	
37900	73.3403	63.9492	0	-1.03349e-06	3.22e-06	0	3.38179	3.38179e+06	
38000	73.2119	64.3492	0	-1.03349e-06	3.22e-06	0	3.38179	3.38179e+06	
38100	72.9835	64.7492	0	-1.83853e-06	3.22e-06	0	3.70791	3.70791e+06	
38200	72.7551	65.1492	0	-1.83853e-06	3.22e-06	0	3.70791	3.70791e+06	
38300	72.5267	65.5492	0	-1.83853e-06	3.22e-06	0	3.70791	3.70791e+06	
38400	72.3069	65.8899	0	-1.83853e-06	3.22e-06	0	3.70791	3.70791e+06	
38500	72.1211	65.8713	0	-1.83853e-06	3.22e-06	0	3.70791	3.70791e+06	
38600	71.9503	65.8492	0	-1.4059e-06	1.28471e-06	0	1.90448	1.90448e+06	
38700	71.7661	65.8593	0	-1.4059e-06	1.28471e-06	0	1.90448	1.90448e+06	
38800	71.573	65.8847	0	-1.4059e-06	1.28471e-06	0	1.90448	1.90448e+06	
38900	71.4038	65.8878	0	-1.4059e-06	1.28471e-06	0	1.90448	1.90448e+06	
39000	71.2548	65.8664	0	-1.4059e-06	1.28471e-06	0	1.90448	1.90448e+06	
39100	71.0688	65.7614	0	-1.51997e-06	-6.23753e-07	0	1.64297	1.64297e+06	
39200	70.88	65.6834	0	-1.51997e-06	-6.23753e-07	0	1.64297	1.64297e+06	
39300	70.6911	65.6059	0	-1.51997e-06	-6.23753e-07	0	1.64297	1.64297e+06	
39400	70.5023	65.5284	0	-1.51997e-06	-6.23753e-07	0	1.64297	1.64297e+06	
39500	70.3135	65.451	0	-1.51997e-06	-6.23753e-07	0	1.64297	1.64297e+06	
39600	70.3789	65.4213	0	5.26423e-07	-2.38436e-07	0	0.577904	577904	
39700	70.4443	65.3917	0	5.26423e-07	-2.38436e-07	0	0.577904	577904	
39800	70.5097	65.3621	0	5.26423e-07	-2.38436e-07	0	0.577904	577904	
39900	70.5751	65.3325	0	5.26423e-07	-2.38436e-07	0	0.577904	577904	
40000	70.6405	65.3029	0	5.26423e-07	-2.38436e-07	0	0.577904	577904	
40100	70.8501	65.3747	0	1.68744e-06	5.78023e-07	0	1.78369	1.78369e+06	
40200	71.0597	65.4465	0	1.68744e-06	5.78023e-07	0	1.78369	1.78369e+06	
40300	71.2693	65.5183	0	1.68744e-06	5.78023e-07	0	1.78369	1.78369e+06	
40400	71.479	65.5901	0	1.68744e-06	5.78023e-07	0	1.78369	1.78369e+06	
40500	71.6886	65.6619	0	1.68744e-06	5.78023e-07	0	1.78369	1.78369e+06	
40600	72.0066	65.8651	0	2.59752e-06	2.88207e-06	0	3.87988	3.87988e+06	
40700	72.3553	65.891	0	2.59752e-06	2.88207e-06	0	3.87988	3.87988e+06	
40800	72.6644	65.8936	0	2.59752e-06	2.88207e-06	0	3.87988	3.87988e+06	
40900	72.9514	65.8661	0	2.59752e-06	2.88207e-06	0	3.87988	3.87988e+06	
41000	73.2917	65.8823	0	2.59752e-06	2.88207e-06	0	3.87988	3.87988e+06	
41100	73.4176	65.8916	0	7.72265e-07	1.72264e-06	0	1.88782	1.88782e+06	
41200	73.5236	65.8998	0	7.72265e-07	1.72264e-06	0	1.88782	1.88782e+06	
41300	73.5949	65.8925	0	7.72265e-07	1.72264e-06	0	1.88782	1.88782e+06	
41400	73.6571	65.8829	0	7.72265e-07	1.72264e-06	0	1.88782	1.88782e+06	
41500	73.7217	65.8737	0	7.72265e-07	1.72264e-06	0	1.88782	1.88782e+06	
41600	73.4192	65.9051	0	-2.31464e-06	2.77717e-06	0	3.61528	3.61528e+06	
41700	73.1812	65.8734	0	-2.31464e-06	2.77717e-06	0	3.61528	3.61528e+06	
41800	72.9018	65.8659	0	-2.31464e-06	2.77717e-06	0	3.61528	3.61528e+06	
41900	72.58	65.9004	0	-2.31464e-06	2.77717e-06	0	3.61528	3.61528e+06	
42000	72.3198	65.8902	0	-2.31464e-06	2.77717e-06	0	3.61528	3.61528e+06	
42100	72.2106	65.874	0	-1.21292e-06	2.57292e-06	0	2.84448	2.84448e+06	
42200	72.0829	65.8648	0	-1.21292e-06	2.57292e-06	0	2.84448	2.84448e+06	
42300	71.934	65.8635	0	-1.21292e-06	2.57292e-06	0	2.84448	2.84448e+06	
42400	71.7619	65.8749	0	-1.21292e-06	2.57292e-06	0	2.84448	2.84448e+06	
42500	71.5705	65.9014	0	-1.21292e-06	2.57292e-06	0	2.84448	2.84448e+06	
42600	71.5765	65.887	0	2.18116e-07	1.20067e-06	0	1.22032	1.22032e+06	
42700	71.5834	65.886	0	2.18116e-07	1.20067e-06	0	1.22032	1.22032e+06	
42800	71.5896	65.8851	0	2.18116e-07	1.20067e-06	0	1.22032	1.22032e+06	
42900	71.5952	65.8843	0	2.18116e-07	1.20067e-06	0	1.22032	1.22032e+06	
43000	71.6004	65.8835	0	2.18116e-07	1.20067e-06	0	1.22032	1.22032e+06	
43100	71.8545	65.8588	0	2.24846e-06	1.47833e-06	0	2.69092	2.69092e+06	
43200	72.1326	65.8543	0	2.24846e-06	1.47833e-06	0	2.69092	2.69092e+06	
43300	72.4296	65.8864	0	2.24846e-06	1.47833e-06	0	2.69092	2.69092e+06	
43400	72.6922	65.8775	0	2.24846e-06	1.47833e-06	0	2.69092	2.69092e+06	
43500	72.9539	65.8532	0	2.24846e-06	1.47833e-06	0	2.69092	2.69092e+06	
43600	73.3688	65.8834	0	3.22e-06	2.0062e-06	0	3.79384	3.79384e+06	
43700	73.7505	65.8759	0	3.22e-06	2.0062e-06	0	3.79384	3.79384e+06	
43800	73.8712	65.8595	0	3.22e-06	2.0062e-06	0	3.79384	3.79384e+06	
43900	73.8712	65.8595	0	3.22e-06	2.0062e-06	0	3.79384	3.79384e+06	
44000	73.8712	65.8595	0	3.22e-06	2.0062e-06	0	3.79384	3.79384e+06	
44100	73.8717	65.8553	0	3.22e-06	1.66825e-06	0	3.6265	3.6265e+06	
44200	73.8717	65.8552	0	3.22e-06	1.66825e-06	0	3.6265	3.6265e+06	
44300	73.8717	65.8552	0	3.22e-06	1.66825e-06	0	3.6265	3.6265e+06	
44400	73.8717	65.8552	0	3.22e-06	1.66825e-06	0	3.6265	3.6265e+06	
44500	73.8717	65.8552	0	3.22e-06	1.66825e-06	0	3.6265	3.6265e+06	
44600	73.9031	65.5888	0	3.22e-06	-1.68459e-06	0	3.63404	3.63404e+06	
44700	73.9038	65.3942	0	3.22e-06	-1.68459e-06	0	3.63404	3.63404e+06	
44800	73.8823	65.2446	0	3.22e-06	-1.68459e-06	0	3.63404	3.63404e+06	
44900	73.8686	65.0663	0	3.22e-06	-1.68459e-06	0	3.63404	3.63404e+06	
45000	73.8718	64.8502	0	3.22e-06	-1.68459e-06	0	3.63404	3.63404e+06	
45100	73.9046	64.5781	0	3.22e-06	-1.82951e-06	0	3.70345	3.70345e+06	
45200	73.9008	64.3738	0	3.22e-06	-1.82951e-06	0	3.70345	3.70345e+06	
45300	73.8778	64.2022	0	3.22e-06	-1.82951e-06	0	3.70345	3.70345e+06	
45400	73.8673	63.9949	0	3.22e-06	-1.82951e-06	0	3.70345	3.70345e+06	
45500	73.881	63.7454	0	3.22e-06	-1.82951e-06	0	3.70345	3.70345e+06	
45600	73.902	63.4571	0	1.98296e-06	-2.15748e-06	0	2.93033	2.93033e+06	
45700	73.8717	63.2264	0	1.98296e-06	-2.15748e-06	0	2.93033	2.93033e+06	
45800	73.8577	62.9711	0	1.98296e-06	-2.15748e-06	0	2.93033	2.93033e+06	
45900	73.8772	62.6859	0	1.98296e-06	-2.15748e-06	0	2.93033	2.93033e+06	
46000	73.8976	62.4107	0	1.98296e-06	-2.15748e-06	0	2.93033	2.93033e+06	
46100	73.7534	62.3922	0	-9.56882e-07	-1.77488e-07	0	0.973203	973203	
46200	73.6345	62.3702	0	-9.56882e-07	-1.77488e-07	0	0.973203	973203	
46300	73.5156	62.3481	0	-9.56882e-07	-1.77488e-07	0	0.973203	973203	
46400	73.3967	62.3261	0	-9.56882e-07	-1.77488e-07	0	0.973203	973203	
46500	73.2779	62.3041	0	-9.56882e-07	-1.77488e-07	0	0.973203	973203	
46600	72.9133	62.4	0	-2.93485e-06	7.72557e-07	0	3.03483	3.03483e+06	
46700	72.5487	62.496	0	-2.93485e-06	7.72557e-07	0	3.03483	3.03483e+06	
46800	72.1841	62.592	0	-2.93485e-06	7.72557e-07	0	3.03483	3.03483e+06	
46900	71.8196	62.6879	0	-2.93485e-06	7.72557e-07	0	3.03483	3.03483e+06	
47000	71.455	62.7839	0	-2.93485e-06	7.72557e-07	0	3.03483	3.03483e+06	
47100	71.2231	62.4719	0	-1.86645e-06	-2.51135e-06	0	3.12898	3.12898e+06	
47200	70.9913	62.16	0	-1.86645e-06	-2.51135e-06	0	3.12898	3.12898e+06	
47300	70.7594	61.848	0	-1.86645e-06	-2.51135e-06	0	3.12898	3.12898e+06	
47400	70.5276	61.536	0	-1.86645e-06	-2.51135e-06	0	3.12898	3.12898e+06	
47500	70.2957	61.2241	0	-1.86645e-06	-2.51135e-06	0	3.12898	3.12898e+06	
47600	69.8957	61.1412	0	-3.22e-06	-6.66681e-07	0	3.28829	3.28829e+06	
47700	69.4957	61.0584	0	-3.22e-06	-6.66681e-07	0	3.28829	3.28829e+06	
47800	69.0957	60.9756	0	-3.22e-06	-6.66681e-07	0	3.28829	3.28829e+06	
47900	68.6957	60.8928	0	-3.22e-06	-6.66681e-07	0	3.28829	3.28829e+06	
48000	68.2957	60.81	0	-3.22e-06	-6.66681e-07	0	3.28829	3.28829e+06	
48100	68.0447	60.7739	0	-2.02064e-06	-2.90151e-07	0	2.04137	2.04137e+06	
48200	67.7937	60.7379	0	-2.02064e-06	-2.90151e-07	0	2.04137	2.04137e+06	
48300	67.5427	60.7018	0	-2.02064e-06	-2.90151e-07	0	2.04137	2.04137e+06	
48400	67.2917	60.6658	0	-2.02064e-06	-2.90151e-07	0	2.04137	2.04137e+06	
48500	67.0406	60.6298	0	-2.02064e-06	-2.90151e-07	0	2.04137	2.04137e+06	
48600	67.0203	60.5017	0	-1.63674e-07	-1.03102e-06	0	1.04393	1.04393e+06	
48700	67	60.3736	0	-1.63674e-07	-1.03102e-06	0	1.04393	1.04393e+06	
48800	66.9796	60.2455	0	-1.63674e-07	-1.03102e-06	0	1.04393	1.04393e+06	
48900	66.9593	60.1174	0	-1.63674e-07	-1.03102e-06	0	1.04393	1.04393e+06	
49000	66.939	59.9894	0	-1.63674e-07	-1.03102e-06	0	1.04393	1.04393e+06	
49100	67.2997	59.8933	0	2.90353e-06	-7.73317e-07	0	3.00475	3.00475e+06	
49200	67.6604	59.7972	0	2.90353e-06	-7.73317e-07	0	3.00475	3.00475e+06	
49300	68.021	59.7012	0	2.90353e-06	-7.73317e-07	0	3.00475	3.00475e+06	
49400	68.3817	59.6051	0	2.90353e-06	-7.73317e-07	0	3.00475	3.00475e+06	
49500	68.7424	59.509	0	2.90353e-06	-7.73317e-07	0	3.00475	3.00475e+06	
49600	68.9415	59.7493	0	1.60252e-06	1.93398e-06	0	2.51165	2.51165e+06	
49700	69.1406	59.9895	0	1.60252e-06	1.93398e-06	0	2.51165	2.51165e+06	
49800	69.3396	60.2298	0	1.60252e-06	1.93398e-06	0	2.51165	2.51165e+06	
49900	69.5387	60.47	0	1.60252e-06	1.93398e-06	0	2.51165	2.51165e+06	
50000	69.7378	60.7103	0	1.60252e-06	1.93398e-06	0	2.51165	2.51165e+06	
