0	71	26	0	3.19255e-06	4.0918e-07	0	3.21866	3.21866e+06	
100	71.4	25.8715	0	3.22e-06	-1.03416e-06	0	3.382	3.382e+06	
200	71.8	25.7431	0	3.22e-06	-1.03416e-06	0	3.382	3.382e+06	
300	72.2	25.6146	0	3.22e-06	-1.03416e-06	0	3.382	3.382e+06	
400	72.6	25.4861	0	3.22e-06	-1.03416e-06	0	3.382	3.382e+06	
500	73	25.3577	0	3.22e-06	-1.03416e-06	0	3.382	3.382e+06	
600	73.4	24.9577	0	3.22e-06	-3.22e-06	0	4.55377	4.55377e+06	
700	73.7999	24.5576	0	3.22e-06	-3.22e-06	0	4.55377	4.55377e+06	
800	73.8784	24.1997	0	3.22e-06	-3.22e-06	0	4.55377	4.55377e+06	
900	73.8746	23.8026	0	3.22e-06	-3.22e-06	0	4.55377	4.55377e+06	
1000	73.9042	23.3882	0	3.22e-06	-3.22e-06	0	4.55377	4.55377e+06	
1100	73.8679	23.0317	0	3.22e-06	-3.22e-06	0	4.55377	4.55377e+06	
1200	73.8991	22.6039	0	3.22e-06	-3.22e-06	0	4.55377	4.55377e+06	
1300	73.8826	22.2376	0	3.22e-06	-3.22e-06	0	4.55377	4.55377e+06	
1400	73.8713	21.8485	0	3.22e-06	-3.22e-06	0	4.55377	4.55377e+06	
1500	73.9091	21.424	0	3.22e-06	-3.22e-06	0	4.55377	4.55377e+06	
1600	73.8764	21.1836	0	3.22e-06	-2.39539e-06	0	4.01327	4.01327e+06	
1700	73.8692	20.8952	0	3.22e-06	-2.39539e-06	0	4.01327	4.01327e+06	
1800	73.907	20.5567	0	3.22e-06	-2.39539e-06	0	4.01327	4.01327e+06	
1900	73.89	20.2989	0	3.22e-06	-2.39539e-06	0	4.01327	4.01327e+06	
2000	73.8679	20.0357	0	3.22e-06	-2.39539e-06	0	4.01327	4.01327e+06	
2100	73.8984	19.6085	0	3.22e-06	-3.22e-06	0	4.55377	4.55377e+06	
2200	73.883	19.2412	0	3.22e-06	-3.22e-06	0	4.55377	4.55377e+06	
2300	73.8711	18.8529	0	3.22e-06	-3.22e-06	0	4.55377	4.55377e+06	
2400	73.9095	18.4275	0	3.22e-06	-3.22e-06	0	4.55377	4.55377e+06	
2500	73.8695	18.0772	0	3.22e-06	-3.22e-06	0	4.55377	4.55377e+06	
2600	73.8912	17.6566	0	3.22e-06	-3.22e-06	0	4.55377	4.55377e+06	
2700	73.8877	17.2781	0	3.22e-06	-3.22e-06	0	4.55377	4.55377e+06	
2800	73.8689	16.8979	0	3.22e-06	-3.22e-06	0	4.55377	4.55377e+06	
2900	73.9124	16.4655	0	3.22e-06	-3.22e-06	0	4.55377	4.55377e+06	
3000	73.8717	16.1178	0	3.22e-06	-3.22e-06	0	4.55377	4.55377e+06	
3100	73.8848	15.7045	0	3.22e-06	-3.22e-06	0	4.55377	4.55377e+06	
3200	73.8929	15.3143	0	3.22e-06	-3.22e-06	0	4.55377	4.55377e+06	
3300	73.8677	14.9421	0	3.22e-06	-3.22e-06	0	4.55377	4.55377e+06	
3400	73.9116	14.507	0	3.22e-06	-3.22e-06	0	4.55377	4.55377e+06	
3500	73.8746	14.1576	0	3.22e-06	-3.22e-06	0	4.55377	4.55377e+06	
3600	73.7849	13.7985	0	-3.13373e-07	-2.90749e-06	0	2.92433	2.92433e+06	
3700	73.7449	13.4372	0	-3.13373e-07	-2.90749e-06	0	2.92433	2.92433e+06	
3800	73.7059	13.076	0	-3.13373e-07	-2.90749e-06	0	2.92433	2.92433e+06	
3900	73.6669	12.7148	0	-3.13373e-07	-2.90749e-06	0	2.92433	2.92433e+06	
4000	73.6279	12.3537	0	-3.13373e-07	-2.90749e-06	0	2.92433	2.92433e+06	
4100	73.4817	12.2332	0	-1.17741e-06	-9.69928e-07	0	1.52547	1.52547e+06	
4200	73.3354	12.1127	0	-1.17741e-06	-9.69928e-07	0	1.52547	1.52547e+06	
4300	73.1892	11.9922	0	-1.17741e-06	-9.69928e-07	0	1.52547	1.52547e+06	
4400	73.0429	11.8717	0	-1.17741e-06	-9.69928e-07	0	1.52547	1.52547e+06	
4500	72.8966	11.7512	0	-1.17741e-06	-9.69928e-07	0	1.52547	1.52547e+06	
4600	72.668	11.4572	0	-1.84025e-06	-2.36665e-06	0	2.99793	2.99793e+06	
4700	72.4394	11.1632	0	-1.84025e-06	-2.36665e-06	0	2.99793	2.99793e+06	
4800	72.2108	10.8692	0	-1.84025e-06	-2.36665e-06	0	2.99793	2.99793e+06	
4900	71.9822	10.5753	0	-1.84025e-06	-2.36665e-06	0	2.99793	2.99793e+06	
5000	71.7536	10.2813	0	-1.84025e-06	-2.36665e-06	0	2.99793	2.99793e+06	
5100	71.3792	10.0041	0	-3.01448e-06	-2.23115e-06	0	3.75035	3.75035e+06	
5200	71.0047	9.72694	0	-3.01448e-06	-2.23115e-06	0	3.75035	3.75035e+06	
5300	70.6302	9.44978	0	-3.01448e-06	-2.23115e-06	0	3.75035	3.75035e+06	
5400	70.2557	9.17262	0	-3.01448e-06	-2.23115e-06	0	3.75035	3.75035e+06	
5500	69.8813	8.89545	0	-3.01448e-06	-2.23115e-06	0	3.75035	3.75035e+06	
5600	69.4813	8.49545	0	-3.22e-06	-3.22e-06	0	4.55377	4.55377e+06	
5700	69.0813	8.09545	0	-3.22e-06	-3.22e-06	0	4.55377	4.55377e+06	
5800	68.6813	7.69545	0	-3.22e-06	-3.22e-06	0	4.55377	4.55377e+06	
5900	68.2813	7.29545	0	-3.22e-06	-3.22e-06	0	4.55377	4.55377e+06	
6000	67.8813	6.89545	0	-3.22e-06	-3.22e-06	0	4.55377	4.55377e+06	
6100	67.4813	6.53328	0	-3.22e-06	-2.91546e-06	0	4.34377	4.34377e+06	
6200	67.0813	6.17112	0	-3.22e-06	-2.91546e-06	0	4.34377	4.34377e+06	
6300	66.6813	5.80895	0	-3.22e-06	-2.91546e-06	0	4.34377	4.34377e+06	
6400	66.2813	5.44678	0	-3.22e-06	-2.91546e-06	0	4.34377	4.34377e+06	
6500	65.8813	5.08461	0	-3.22e-06	-2.91546e-06	0	4.34377	4.34377e+06	
6600	65.4813	4.88542	0	-3.22e-06	-1.60343e-06	0	3.59714	3.59714e+06	
6700	65.0813	4.68624	0	-3.22e-06	-1.60343e-06	0	3.59714	3.59714e+06	
6800	64.6813	4.48706	0	-3.22e-06	-1.60343e-06	0	3.59714	3.59714e+06	
6900	64.2813	4.28787	0	-3.22e-06	-1.60343e-06	0	3.59714	3.59714e+06	
7000	63.8813	4.08869	0	-3.22e-06	-1.60343e-06	0	3.59714	3.59714e+06	
7100	63.4813	3.91168	0	-3.22e-06	-1.42493e-06	0	3.52119	3.52119e+06	
7200	63.0813	3.73467	0	-3.22e-06	-1.42493e-06	0	3.52119	3.52119e+06	
7300	62.6813	3.55766	0	-3.22e-06	-1.42493e-06	0	3.52119	3.52119e+06	
7400	62.2813	3.38065	0	-3.22e-06	-1.42493e-06	0	3.52119	3.52119e+06	
7500	61.8813	3.20364	0	-3.22e-06	-1.42493e-06	0	3.52119	3.52119e+06	
7600	61.4813	3.38058	0	-3.22e-06	1.42433e-06	0	3.52095	3.52095e+06	
7700	61.0813	3.55751	0	-3.22e-06	1.42433e-06	0	3.52095	3.52095e+06	
7800	60.6813	3.73445	0	-3.22e-06	1.42433e-06	0	3.52095	3.52095e+06	
7900	60.2813	3.91138	0	-3.22e-06	1.42433e-06	0	3.52095	3.52095e+06	
8000	59.8813	4.08832	0	-3.22e-06	1.42433e-06	0	3.52095	3.52095e+06	
8100	59.4813	4.47511	0	-3.22e-06	3.11366e-06	0	4.47921	4.47921e+06	
8200	59.0813	4.8619	0	-3.22e-06	3.11366e-06	0	4.47921	4.47921e+06	
8300	58.6813	5.24869	0	-3.22e-06	3.11366e-06	0	4.47921	4.47921e+06	
8400	58.2813	5.63548	0	-3.22e-06	3.11366e-06	0	4.47921	4.47921e+06	
8500	57.8813	6.02227	0	-3.22e-06	3.11366e-06	0	4.47921	4.47921e+06	
8600	57.4813	6.42227	0	-3.22e-06	3.22e-06	0	4.55377	4.55377e+06	
8700	57.0813	6.82227	0	-3.22e-06	3.22e-06	0	4.55377	4.55377e+06	
8800	56.6813	7.22227	0	-3.22e-06	3.22e-06	0	4.55377	4.55377e+06	
8900	56.2813	7.62227	0	-3.22e-06	3.22e-06	0	4.55377	4.55377e+06	
9000	55.8813	8.02227	0	-3.22e-06	3.22e-06	0	4.55377	4.55377e+06	
9100	55.4813	8.42227	0	-3.22e-06	3.22e-06	0	4.55377	4.55377e+06	
9200	55.0813	8.82227	0	-3.22e-06	3.22e-06	0	4.55377	4.55377e+06	
9300	54.6813	9.22227	0	-3.22e-06	3.22e-06	0	4.55377	4.55377e+06	
9400	54.2813	9.62227	0	-3.22e-06	3.22e-06	0	4.55377	4.55377e+06	
9500	53.8813	10.0223	0	-3.22e-06	3.22e-06	0	4.55377	4.55377e+06	
9600	53.4813	10.2981	0	-3.22e-06	2.22072e-06	0	3.91152	3.91152e+06	
9700	53.0813	10.574	0	-3.22e-06	2.22072e-06	0	3.91152	3.91152e+06	
9800	52.6813	10.8499	0	-3.22e-06	2.22072e-06	0	3.91152	3.91152e+06	
9900	52.2813	11.1257	0	-3.22e-06	2.22072e-06	0	3.91152	3.91152e+06	
10000	51.8813	11.4016	0	-3.22e-06	2.22072e-06	0	3.91152	3.91152e+06	
10100	51.4895	11.8016	0	-3.15352e-06	3.22e-06	0	4.507	4.507e+06	
10200	51.0978	12.2016	0	-3.15352e-06	3.22e-06	0	4.507	4.507e+06	
10300	50.706	12.6016	0	-3.15352e-06	3.22e-06	0	4.507	4.507e+06	
10400	50.3143	13.0016	0	-3.15352e-06	3.22e-06	0	4.507	4.507e+06	
10500	49.9226	13.4016	0	-3.15352e-06	3.22e-06	0	4.507	4.507e+06	
10600	49.5226	13.8016	0	-3.22e-06	3.22e-06	0	4.55377	4.55377e+06	
10700	49.1226	14.2016	0	-3.22e-06	3.22e-06	0	4.55377	4.55377e+06	
10800	48.7226	14.6016	0	-3.22e-06	3.22e-06	0	4.55377	4.55377e+06	
10900	48.3226	15.0016	0	-3.22e-06	3.22e-06	0	4.55377	4.55377e+06	
11000	47.9226	15.4016	0	-3.22e-06	3.22e-06	0	4.55377	4.55377e+06	
11100	47.5226	15.5914	0	-3.22e-06	1.52779e-06	0	3.56406	3.56406e+06	
11200	47.1226	15.7812	0	-3.22e-06	1.52779e-06	0	3.56406	3.56406e+06	
11300	46.7226	15.971	0	-3.22e-06	1.52779e-06	0	3.56406	3.56406e+06	
11400	46.3226	16.1608	0	-3.22e-06	1.52779e-06	0	3.56406	3.56406e+06	
11500	45.9226	16.3505	0	-3.22e-06	1.52779e-06	0	3.56406	3.56406e+06	
11600	45.5226	16.6822	0	-3.22e-06	2.66966e-06	0	4.18276	4.18276e+06	
11700	45.1226	17.0138	0	-3.22e-06	2.66966e-06	0	4.18276	4.18276e+06	
11800	44.7226	17.3454	0	-3.22e-06	2.66966e-06	0	4.18276	4.18276e+06	
11900	44.3226	17.6771	0	-3.22e-06	2.66966e-06	0	4.18276	4.18276e+06	
12000	43.9226	18.0087	0	-3.22e-06	2.66966e-06	0	4.18276	4.18276e+06	
12100	43.9673	18.4087	0	3.59773e-07	3.22e-06	0	3.24004	3.24004e+06	
12200	44.012	18.8087	0	3.59773e-07	3.22e-06	0	3.24004	3.24004e+06	
12300	44.0566	19.2087	0	3.59773e-07	3.22e-06	0	3.24004	3.24004e+06	
12400	44.1013	19.6087	0	3.59773e-07	3.22e-06	0	3.24004	3.24004e+06	
12500	44.146	20.0087	0	3.59773e-07	3.22e-06	0	3.24004	3.24004e+06	
12600	44.3216	20.4087	0	1.41356e-06	3.22e-06	0	3.51661	3.51661e+06	
12700	44.4972	20.8087	0	1.41356e-06	3.22e-06	0	3.51661	3.51661e+06	
12800	44.6728	21.2087	0	1.41356e-06	3.22e-06	0	3.51661	3.51661e+06	
12900	44.8484	21.6087	0	1.41356e-06	3.22e-06	0	3.51661	3.51661e+06	
13000	45.024	22.0087	0	1.41356e-06	3.22e-06	0	3.51661	3.51661e+06	
13100	45.424	22.4087	0	3.22e-06	3.22e-06	0	4.55377	4.55377e+06	
13200	45.824	22.8087	0	3.22e-06	3.22e-06	0	4.55377	4.55377e+06	
13300	46.224	23.2087	0	3.22e-06	3.22e-06	0	4.55377	4.55377e+06	
13400	46.624	23.6087	0	3.22e-06	3.22e-06	0	4.55377	4.55377e+06	
13500	47.024	24.0087	0	3.22e-06	3.22e-06	0	4.55377	4.55377e+06	
13600	47.424	24.4087	0	3.22e-06	3.22e-06	0	4.55377	4.55377e+06	
13700	47.824	24.8087	0	3.22e-06	3.22e-06	0	4.55377	4.55377e+06	
13800	48.224	25.2087	0	3.22e-06	3.22e-06	0	4.55377	4.55377e+06	
13900	48.624	25.6087	0	3.22e-06	3.22e-06	0	4.55377	4.55377e+06	
14000	49.024	26.0087	0	3.22e-06	3.22e-06	0	4.55377	4.55377e+06	
14100	49.424	26.4087	0	3.22e-06	3.22e-06	0	4.55377	4.55377e+06	
14200	49.824	26.8087	0	3.22e-06	3.22e-06	0	4.55377	4.55377e+06	
14300	50.224	27.2087	0	3.22e-06	3.22e-06	0	4.55377	4.55377e+06	
14400	50.624	27.6087	0	3.22e-06	3.22e-06	0	4.55377	4.55377e+06	
14500	51.024	28.0087	0	3.22e-06	3.22e-06	0	4.55377	4.55377e+06	
14600	51.0839	28.4087	0	4.82452e-07	3.22e-06	0	3.25594	3.25594e+06	
14700	51.1439	28.8087	0	4.82452e-07	3.22e-06	0	3.25594	3.25594e+06	
14800	51.2038	29.2087	0	4.82452e-07	3.22e-06	0	3.25594	3.25594e+06	
14900	51.2637	29.6087	0	4.82452e-07	3.22e-06	0	3.25594	3.25594e+06	
15000	51.3237	30.0087	0	4.82452e-07	3.22e-06	0	3.25594	3.25594e+06	
15100	51.5276	30.32	0	1.64144e-06	2.50599e-06	0	2.99572	2.99572e+06	
15200	51.7315	30.6313	0	1.64144e-06	2.50599e-06	0	2.99572	2.99572e+06	
15300	51.9354	30.9426	0	1.64144e-06	2.50599e-06	0	2.99572	2.99572e+06	
15400	52.1393	31.2539	0	1.64144e-06	2.50599e-06	0	2.99572	2.99572e+06	
15500	52.3432	31.5652	0	1.64144e-06	2.50599e-06	0	2.99572	2.99572e+06	
15600	52.7432	31.7871	0	3.22e-06	1.78603e-06	0	3.68216	3.68216e+06	
15700	53.1432	32.009	0	3.22e-06	1.78603e-06	0	3.68216	3.68216e+06	
15800	53.5432	32.2308	0	3.22e-06	1.78603e-06	0	3.68216	3.68216e+06	
15900	53.9432	32.4527	0	3.22e-06	1.78603e-06	0	3.68216	3.68216e+06	
16000	54.3432	32.6746	0	3.22e-06	1.78603e-06	0	3.68216	3.68216e+06	
16100	54.7432	32.6613	0	3.22e-06	-1.07051e-07	0	3.22178	3.22178e+06	
16200	55.1432	32.648	0	3.22e-06	-1.07051e-07	0	3.22178	3.22178e+06	
16300	55.5432	32.6347	0	3.22e-06	-1.07051e-07	0	3.22178	3.22178e+06	
16400	55.9432	32.6214	0	3.22e-06	-1.07051e-07	0	3.22178	3.22178e+06	
16500	56.3432	32.6081	0	3.22e-06	-1.07051e-07	0	3.22178	3.22178e+06	
16600	56.5278	32.5571	0	1.48603e-06	-4.10695e-07	0	1.54173	1.54173e+06	
16700	56.7124	32.506	0	1.48603e-06	-4.10695e-07	0	1.54173	1.54173e+06	
16800	56.897	32.455	0	1.48603e-06	-4.10695e-07	0	1.54173	1.54173e+06	
16900	57.0816	32.404	0	1.48603e-06	-4.10695e-07	0	1.54173	1.54173e+06	
17000	57.2662	32.353	0	1.48603e-06	-4.10695e-07	0	1.54173	1.54173e+06	
17100	56.8662	32.4152	0	-3.22e-06	5.00787e-07	0	3.25871	3.25871e+06	
17200	56.4662	32.4774	0	-3.22e-06	5.00787e-07	0	3.25871	3.25871e+06	
17300	56.0662	32.5396	0	-3.22e-06	5.00787e-07	0	3.25871	3.25871e+06	
17400	55.6662	32.6018	0	-3.22e-06	5.00787e-07	0	3.25871	3.25871e+06	
17500	55.2662	32.664	0	-3.22e-06	5.00787e-07	0	3.25871	3.25871e+06	
17600	55.0524	32.7465	0	-1.72109e-06	6.63981e-07	0	1.84473	1.84473e+06	
17700	54.8386	32.829	0	-1.72109e-06	6.63981e-07	0	1.84473	1.84473e+06	
17800	54.6248	32.9115	0	-1.72109e-06	6.63981e-07	0	1.84473	1.84473e+06	
17900	54.411	32.994	0	-1.72109e-06	6.63981e-07	0	1.84473	1.84473e+06	
18000	54.1972	33.0764	0	-1.72109e-06	6.63981e-07	0	1.84473	1.84473e+06	
18100	54.5771	32.7984	0	3.05854e-06	-2.23796e-06	0	3.78987	3.78987e+06	
18200	54.9571	32.5204	0	3.05854e-06	-2.23796e-06	0	3.78987	3.78987e+06	
18300	55.337	32.2424	0	3.05854e-06	-2.23796e-06	0	3.78987	3.78987e+06	
18400	55.717	31.9644	0	3.05854e-06	-2.23796e-06	0	3.78987	3.78987e+06	
18500	56.0969	31.6864	0	3.05854e-06	-2.23796e-06	0	3.78987	3.78987e+06	
18600	56.0949	31.7972	0	-1.59812e-08	8.91777e-07	0	0.89192	891920	
18700	56.0929	31.908	0	-1.59812e-08	8.91777e-07	0	0.89192	891920	
18800	56.091	32.0188	0	-1.59812e-08	8.91777e-07	0	0.89192	891920	
18900	56.089	32.1295	0	-1.59812e-08	8.91777e-07	0	0.89192	891920	
19000	56.087	32.2403	0	-1.59812e-08	8.91777e-07	0	0.89192	891920	
19100	56.487	32.5986	0	3.22e-06	2.88419e-06	0	4.32284	4.32284e+06	
19200	56.887	32.9569	0	3.22e-06	2.88419e-06	0	4.32284	4.32284e+06	
19300	57.287	33.3152	0	3.22e-06	2.88419e-06	0	4.32284	4.32284e+06	
19400	57.687	33.6734	0	3.22e-06	2.88419e-06	0	4.32284	4.32284e+06	
19500	58.087	34.0317	0	3.22e-06	2.88419e-06	0	4.32284	4.32284e+06	
19600	58.487	33.987	0	3.22e-06	-3.59991e-07	0	3.24006	3.24006e+06	
19700	58.887	33.9423	0	3.22e-06	-3.59991e-07	0	3.24006	3.24006e+06	
19800	59.287	33.8976	0	3.22e-06	-3.59991e-07	0	3.24006	3.24006e+06	
19900	59.687	33.8529	0	3.22e-06	-3.59991e-07	0	3.24006	3.24006e+06	
20000	60.087	33.8081	0	3.22e-06	-3.59991e-07	0	3.24006	3.24006e+06	
20100	60.487	33.8414	0	3.22e-06	2.67499e-07	0	3.23109	3.23109e+06	
20200	60.887	33.8746	0	3.22e-06	2.67499e-07	0	3.23109	3.23109e+06	
20300	61.287	33.9078	0	3.22e-06	2.67499e-07	0	3.23109	3.23109e+06	
20400	61.687	33.9411	0	3.22e-06	2.67499e-07	0	3.23109	3.23109e+06	
20500	62.087	33.9743	0	3.22e-06	2.67499e-07	0	3.23109	3.23109e+06	
20600	62.3513	34.3162	0	2.12789e-06	2.75244e-06	0	3.47906	3.47906e+06	
20700	62.6157	34.6581	0	2.12789e-06	2.75244e-06	0	3.47906	3.47906e+06	
20800	62.88	35	0	2.12789e-06	2.75244e-06	0	3.47906	3.47906e+06	
20900	63.1443	35.342	0	2.12789e-06	2.75244e-06	0	3.47906	3.47906e+06	
21000	63.4087	35.6839	0	2.12789e-06	2.75244e-06	0	3.47906	3.47906e+06	
21100	63.5293	36.0839	0	9.7145e-07	3.22e-06	0	3.36335	3.36335e+06	
21200	63.65	36.4839	0	9.7145e-07	3.22e-06	0	3.36335	3.36335e+06	
21300	63.7707	36.8839	0	9.7145e-07	3.22e-06	0	3.36335	3.36335e+06	
21400	63.8914	37.2839	0	9.7145e-07	3.22e-06	0	3.36335	3.36335e+06	
21500	64.012	37.6839	0	9.7145e-07	3.22e-06	0	3.36335	3.36335e+06	
21600	64.0946	37.7881	0	6.64926e-07	8.38855e-07	0	1.07042	1.07042e+06	
21700	64.1772	37.8923	0	6.64926e-07	8.38855e-07	0	1.07042	1.07042e+06	
21800	64.2598	37.9965	0	6.64926e-07	8.38855e-07	0	1.07042	1.07042e+06	
21900	64.3424	38.1007	0	6.64926e-07	8.38855e-07	0	1.07042	1.07042e+06	
22000	64.425	38.2049	0	6.64926e-07	8.38855e-07	0	1.07042	1.07042e+06	
22100	64.2109	38.4326	0	-1.72376e-06	1.83321e-06	0	2.51635	2.51635e+06	
22200	63.9968	38.6604	0	-1.72376e-06	1.83321e-06	0	2.51635	2.51635e+06	
22300	63.7826	38.8881	0	-1.72376e-06	1.83321e-06	0	2.51635	2.51635e+06	
22400	63.5685	39.1158	0	-1.72376e-06	1.83321e-06	0	2.51635	2.51635e+06	
22500	63.3544	39.3435	0	-1.72376e-06	1.83321e-06	0	2.51635	2.51635e+06	
22600	63.0639	39.5658	0	-2.33843e-06	1.78906e-06	0	2.94432	2.94432e+06	
22700	62.7734	39.788	0	-2.33843e-06	1.78906e-06	0	2.94432	2.94432e+06	
22800	62.4829	40.0103	0	-2.33843e-06	1.78906e-06	0	2.94432	2.94432e+06	
22900	62.1924	40.2325	0	-2.33843e-06	1.78906e-06	0	2.94432	2.94432e+06	
23000	61.9019	40.4548	0	-2.33843e-06	1.78906e-06	0	2.94432	2.94432e+06	
23100	61.7935	40.64	0	-8.72939e-07	1.49116e-06	0	1.72789	1.72789e+06	
23200	61.6851	40.8252	0	-8.72939e-07	1.49116e-06	0	1.72789	1.72789e+06	
23300	61.5766	41.0105	0	-8.72939e-07	1.49116e-06	0	1.72789	1.72789e+06	
23400	61.4682	41.1957	0	-8.72939e-07	1.49116e-06	0	1.72789	1.72789e+06	
23500	61.3597	41.3809	0	-8.72939e-07	1.49116e-06	0	1.72789	1.72789e+06	
23600	61.4439	41.1216	0	6.77202e-07	-2.08748e-06	0	2.19458	2.19458e+06	
23700	61.528	40.8623	0	6.77202e-07	-2.08748e-06	0	2.19458	2.19458e+06	
23800	61.6121	40.603	0	6.77202e-07	-2.08748e-06	0	2.19458	2.19458e+06	
23900	61.6962	40.3437	0	6.77202e-07	-2.08748e-06	0	2.19458	2.19458e+06	
24000	61.7804	40.0844	0	6.77202e-07	-2.08748e-06	0	2.19458	2.19458e+06	
24100	61.5713	39.9504	0	-1.6829e-06	-1.07875e-06	0	1.99896	1.99896e+06	
24200	61.3623	39.8164	0	-1.6829e-06	-1.07875e-06	0	1.99896	1.99896e+06	
24300	61.1532	39.6824	0	-1.6829e-06	-1.07875e-06	0	1.99896	1.99896e+06	
24400	60.9441	39.5483	0	-1.6829e-06	-1.07875e-06	0	1.99896	1.99896e+06	
24500	60.7351	39.4143	0	-1.6829e-06	-1.07875e-06	0	1.99896	1.99896e+06	
24600	60.5886	39.6369	0	-1.17916e-06	1.79127e-06	0	2.14454	2.14454e+06	
24700	60.4421	39.8594	0	-1.17916e-06	1.79127e-06	0	2.14454	2.14454e+06	
24800	60.2956	40.0819	0	-1.17916e-06	1.79127e-06	0	2.14454	2.14454e+06	
24900	60.1492	40.3044	0	-1.17916e-06	1.79127e-06	0	2.14454	2.14454e+06	
25000	60.0027	40.5269	0	-1.17916e-06	1.79127e-06	0	2.14454	2.14454e+06	
25100	59.6027	40.5827	0	-3.22e-06	4.48616e-07	0	3.2511	3.2511e+06	
25200	59.2027	40.6384	0	-3.22e-06	4.48616e-07	0	3.2511	3.2511e+06	
25300	58.8027	40.6941	0	-3.22e-06	4.48616e-07	0	3.2511	3.2511e+06	
25400	58.4027	40.7498	0	-3.22e-06	4.48616e-07	0	3.2511	3.2511e+06	
25500	58.0027	40.8056	0	-3.22e-06	4.48616e-07	0	3.2511	3.2511e+06	
25600	57.6027	40.7676	0	-3.22e-06	-3.05789e-07	0	3.23449	3.23449e+06	
25700	57.2027	40.7296	0	-3.22e-06	-3.05789e-07	0	3.23449	3.23449e+06	
25800	56.8027	40.6916	0	-3.22e-06	-3.05789e-07	0	3.23449	3.23449e+06	
25900	56.4027	40.6536	0	-3.22e-06	-3.05789e-07	0	3.23449	3.23449e+06	
26000	56.0027	40.6156	0	-3.22e-06	-3.05789e-07	0	3.23449	3.23449e+06	
26100	55.6277	40.9273	0	-3.01827e-06	2.50847e-06	0	3.92458	3.92458e+06	
26200	55.2528	41.2389	0	-3.01827e-06	2.50847e-06	0	3.92458	3.92458e+06	
26300	54.8779	41.5505	0	-3.01827e-06	2.50847e-06	0	3.92458	3.92458e+06	
26400	54.6968	41.7144	0	-3.01827e-06	2.50847e-06	0	3.92458	3.92458e+06	
26500	54.7116	41.7341	0	-3.01827e-06	2.50847e-06	0	3.92458	3.92458e+06	
26600	54.7416	41.7789	0	-3.22e-06	2.85709e-06	0	4.30481	4.30481e+06	
26700	54.7805	41.8361	0	-3.22e-06	2.85709e-06	0	4.30481	4.30481e+06	
26800	54.8276	41.9112	0	-3.22e-06	2.85709e-06	0	4.30481	4.30481e+06	
26900	54.8832	42.0101	0	-3.22e-06	2.85709e-06	0	4.30481	4.30481e+06	
27000	54.9465	42.1402	0	-3.22e-06	2.85709e-06	0	4.30481	4.30481e+06	
27100	55.0284	42.3562	0	-3.22e-06	3.22e-06	0	4.55377	4.55377e+06	
27200	55.0991	42.6396	0	-3.22e-06	3.22e-06	0	4.55377	4.55377e+06	
27300	55.1326	43.0002	0	-3.22e-06	3.22e-06	0	4.55377	4.55377e+06	
27400	55.0954	43.432	0	-3.22e-06	3.22e-06	0	4.55377	4.55377e+06	
27500	55.1206	43.7908	0	-3.22e-06	3.22e-06	0	4.55377	4.55377e+06	
27600	55.132	44.0677	0	-3.22e-06	2.35144e-06	0	3.98719	3.98719e+06	
27700	55.0998	44.3969	0	-3.22e-06	2.35144e-06	0	3.98719	3.98719e+06	
27800	55.1047	44.6647	0	-3.22e-06	2.35144e-06	0	3.98719	3.98719e+06	
27900	55.1304	44.914	0	-3.22e-06	2.35144e-06	0	3.98719	3.98719e+06	
28000	55.1233	45.2165	0	-3.22e-06	2.35144e-06	0	3.98719	3.98719e+06	
28100	55.0896	45.5602	0	-3.22e-06	2.54103e-06	0	4.10186	4.10186e+06	
28200	55.1237	45.8188	0	-3.22e-06	2.54103e-06	0	4.10186	4.10186e+06	
28300	55.1298	46.1276	0	-3.22e-06	2.54103e-06	0	4.10186	4.10186e+06	
28400	55.0886	46.4839	0	-3.22e-06	2.54103e-06	0	4.10186	4.10186e+06	
28500	55.1163	46.7488	0	-3.22e-06	2.54103e-06	0	4.10186	4.10186e+06	
28600	55.1322	46.7906	0	-1.93391e-06	5.5942e-07	0	2.0132	2.0132e+06	
28700	55.1365	46.8389	0	-1.93391e-06	5.5942e-07	0	2.0132	2.0132e+06	
28800	55.14	46.8931	0	-1.93391e-06	5.5942e-07	0	2.0132	2.0132e+06	
28900	55.1423	46.9538	0	-1.93391e-06	5.5942e-07	0	2.0132	2.0132e+06	
29000	55.1429	47.0218	0	-1.93391e-06	5.5942e-07	0	2.0132	2.0132e+06	
29100	55.1544	47.05	0	-1.06303e-06	2.08122e-07	0	1.08321	1.08321e+06	
29200	55.1536	47.0798	0	-1.06303e-06	2.08122e-07	0	1.08321	1.08321e+06	
29300	55.1522	47.1114	0	-1.06303e-06	2.08122e-07	0	1.08321	1.08321e+06	
29400	55.1503	47.145	0	-1.06303e-06	2.08122e-07	0	1.08321	1.08321e+06	
29500	55.1477	47.1806	0	-1.06303e-06	2.08122e-07	0	1.08321	1.08321e+06	
29600	55.1539	47.1388	0	-8.66721e-07	-4.04361e-07	0	0.956407	956407	
29700	55.1565	47.0946	0	-8.66721e-07	-4.04361e-07	0	0.956407	956407	
29800	55.1582	47.048	0	-8.66721e-07	-4.04361e-07	0	0.956407	956407	
29900	55.159	46.999	0	-8.66721e-07	-4.04361e-07	0	0.956407	956407	
30000	55.1585	46.9474	0	-8.66721e-07	-4.04361e-07	0	0.956407	956407	
30100	55.1691	47.0005	0	-5.13103e-07	4.35197e-07	0	0.672808	672808	
30200	55.1691	47.0554	0	-5.13103e-07	4.35197e-07	0	0.672808	672808	
30300	55.1674	47.1118	0	-5.13103e-07	4.35197e-07	0	0.672808	672808	
30400	55.1641	47.1698	0	-5.13103e-07	4.35197e-07	0	0.672808	672808	
30500	55.1592	47.2292	0	-5.13103e-07	4.35197e-07	0	0.672808	672808	
30600	55.1309	47.4123	0	-7.63392e-07	1.40073e-06	0	1.59525	1.59525e+06	
30700	55.1205	47.585	0	-7.63392e-07	1.40073e-06	0	1.59525	1.59525e+06	
30800	55.1421	47.7425	0	-7.63392e-07	1.40073e-06	0	1.59525	1.59525e+06	
30900	55.1576	47.9074	0	-7.63392e-07	1.40073e-06	0	1.59525	1.59525e+06	
31000	55.1608	48.081	0	-7.63392e-07	1.40073e-06	0	1.59525	1.59525e+06	
31100	55.1373	48.1535	0	-1.98492e-06	4.84638e-07	0	2.04323	2.04323e+06	
31200	55.1301	48.2353	0	-1.98492e-06	4.84638e-07	0	2.04323	2.04323e+06	
31300	55.1188	48.3256	0	-1.98492e-06	4.84638e-07	0	2.04323	2.04323e+06	
31400	55.1045	48.4204	0	-1.98492e-06	4.84638e-07	0	2.04323	2.04323e+06	
31500	55.097	48.4986	0	-1.98492e-06	4.84638e-07	0	2.04323	2.04323e+06	
31600	55.149	48.2955	0	-2.71868e-07	-1.70656e-06	0	1.72808	1.72808e+06	
31700	55.1728	48.0887	0	-2.71868e-07	-1.70656e-06	0	1.72808	1.72808e+06	
31800	55.1797	47.8766	0	-2.71868e-07	-1.70656e-06	0	1.72808	1.72808e+06	
31900	55.1701	47.6622	0	-2.71868e-07	-1.70656e-06	0	1.72808	1.72808e+06	
32000	55.1511	47.4492	0	-2.71868e-07	-1.70656e-06	0	1.72808	1.72808e+06	
32100	55.1014	47.4816	0	-1.64498e-06	1.75619e-07	0	1.65432	1.65432e+06	
32200	55.1008	47.5059	0	-1.64498e-06	1.75619e-07	0	1.65432	1.65432e+06	
32300	55.1013	47.5212	0	-1.64498e-06	1.75619e-07	0	1.65432	1.65432e+06	
32400	55.1018	47.531	0	-1.64498e-06	1.75619e-07	0	1.65432	1.65432e+06	
32500	55.1024	47.5376	0	-1.64498e-06	1.75619e-07	0	1.65432	1.65432e+06	
32600	55.1373	47.1622	0	-1.60649e-06	-3.22e-06	0	3.5985	3.5985e+06	
32700	55.1373	46.7602	0	-1.60649e-06	-3.22e-06	0	3.5985	3.5985e+06	
32800	55.1122	46.3586	0	-1.60649e-06	-3.22e-06	0	3.5985	3.5985e+06	
32900	55.1463	45.978	0	-1.60649e-06	-3.22e-06	0	3.5985	3.5985e+06	
33000	55.1127	45.5629	0	-1.60649e-06	-3.22e-06	0	3.5985	3.5985e+06	
33100	55.1209	45.2062	0	-3.22e-06	-3.22e-06	0	4.55377	4.55377e+06	
33200	55.126	44.8104	0	-3.22e-06	-3.22e-06	0	4.55377	4.55377e+06	
33300	55.0949	44.3942	0	-3.22e-06	-3.22e-06	0	4.55377	4.55377e+06	
33400	55.1319	44.0388	0	-3.22e-06	-3.22e-06	0	4.55377	4.55377e+06	
33500	55.1021	43.612	0	-3.22e-06	-3.22e-06	0	4.55377	4.55377e+06	
33600	55.1215	43.2373	0	-2.55604e-06	-3.22e-06	0	4.11117	4.11117e+06	
33700	55.1334	42.8458	0	-2.55604e-06	-3.22e-06	0	4.11117	4.11117e+06	
33800	55.0619	42.4042	0	-2.55604e-06	-3.22e-06	0	4.11117	4.11117e+06	
33900	54.8864	41.9475	0	-2.55604e-06	-3.22e-06	0	4.11117	4.11117e+06	
34000	54.6156	41.5157	0	-2.55604e-06	-3.22e-06	0	4.11117	4.11117e+06	
34100	54.818	41.1151	0	1.62304e-06	-3.22e-06	0	3.60592	3.60592e+06	
34200	55.0196	40.7151	0	1.62304e-06	-3.22e-06	0	3.60592	3.60592e+06	
34300	55.2212	40.3151	0	1.62304e-06	-3.22e-06	0	3.60592	3.60592e+06	
34400	55.4228	39.9151	0	1.62304e-06	-3.22e-06	0	3.60592	3.60592e+06	
34500	55.6244	39.5151	0	1.62304e-06	-3.22e-06	0	3.60592	3.60592e+06	
34600	55.6032	39.1151	0	-1.71414e-07	-3.22e-06	0	3.22456	3.22456e+06	
34700	55.5819	38.7151	0	-1.71414e-07	-3.22e-06	0	3.22456	3.22456e+06	
34800	55.5606	38.3151	0	-1.71414e-07	-3.22e-06	0	3.22456	3.22456e+06	
34900	55.5393	37.9151	0	-1.71414e-07	-3.22e-06	0	3.22456	3.22456e+06	
35000	55.518	37.5151	0	-1.71414e-07	-3.22e-06	0	3.22456	3.22456e+06	
35100	55.6052	37.1151	0	7.01877e-07	-3.22e-06	0	3.29561	3.29561e+06	
35200	55.6924	36.7151	0	7.01877e-07	-3.22e-06	0	3.29561	3.29561e+06	
35300	55.7795	36.3151	0	7.01877e-07	-3.22e-06	0	3.29561	3.29561e+06	
35400	55.8667	35.9151	0	7.01877e-07	-3.22e-06	0	3.29561	3.29561e+06	
35500	55.9539	35.5151	0	7.01877e-07	-3.22e-06	0	3.29561	3.29561e+06	
35600	56.2837	35.1151	0	2.65436e-06	-3.22e-06	0	4.17301	4.17301e+06	
35700	56.6134	34.7151	0	2.65436e-06	-3.22e-06	0	4.17301	4.17301e+06	
35800	56.9431	34.3151	0	2.65436e-06	-3.22e-06	0	4.17301	4.17301e+06	
35900	57.2729	33.9151	0	2.65436e-06	-3.22e-06	0	4.17301	4.17301e+06	
36000	57.6026	33.5151	0	2.65436e-06	-3.22e-06	0	4.17301	4.17301e+06	
36100	57.8837	33.1541	0	2.26261e-06	-2.90625e-06	0	3.68316	3.68316e+06	
36200	58.1647	32.793	0	2.26261e-06	-2.90625e-06	0	3.68316	3.68316e+06	
36300	58.4458	32.432	0	2.26261e-06	-2.90625e-06	0	3.68316	3.68316e+06	
36400	58.7269	32.071	0	2.26261e-06	-2.90625e-06	0	3.68316	3.68316e+06	
36500	59.0079	31.71	0	2.26261e-06	-2.90625e-06	0	3.68316	3.68316e+06	
36600	58.7013	31.8502	0	-2.46837e-06	1.12881e-06	0	2.71423	2.71423e+06	
36700	58.3947	31.9904	0	-2.46837e-06	1.12881e-06	0	2.71423	2.71423e+06	
36800	58.0881	32.1306	0	-2.46837e-06	1.12881e-06	0	2.71423	2.71423e+06	
36900	57.7814	32.2709	0	-2.46837e-06	1.12881e-06	0	2.71423	2.71423e+06	
37000	57.4748	32.4111	0	-2.46837e-06	1.12881e-06	0	2.71423	2.71423e+06	
37100	57.2294	32.3017	0	-1.97506e-06	-8.80895e-07	0	2.1626	2.1626e+06	
37200	56.9841	32.1922	0	-1.97506e-06	-8.80895e-07	0	2.1626	2.1626e+06	
37300	56.7387	32.0828	0	-1.97506e-06	-8.80895e-07	0	2.1626	2.1626e+06	
37400	56.4934	31.9734	0	-1.97506e-06	-8.80895e-07	0	2.1626	2.1626e+06	
37500	56.248	31.8639	0	-1.97506e-06	-8.80895e-07	0	2.1626	2.1626e+06	
37600	55.9109	31.853	0	-2.71436e-06	-8.77816e-08	0	2.71578	2.71578e+06	
37700	55.5737	31.8421	0	-2.71436e-06	-8.77816e-08	0	2.71578	2.71578e+06	
37800	55.2365	31.8312	0	-2.71436e-06	-8.77816e-08	0	2.71578	2.71578e+06	
37900	54.8993	31.8203	0	-2.71436e-06	-8.77816e-08	0	2.71578	2.71578e+06	
38000	54.5621	31.8094	0	-2.71436e-06	-8.77816e-08	0	2.71578	2.71578e+06	
38100	54.3304	31.5979	0	-1.86512e-06	-1.703e-06	0	2.52564	2.52564e+06	
38200	54.0987	31.3863	0	-1.86512e-06	-1.703e-06	0	2.52564	2.52564e+06	
38300	53.867	31.1748	0	-1.86512e-06	-1.703e-06	0	2.52564	2.52564e+06	
38400	53.6353	30.9632	0	-1.86512e-06	-1.703e-06	0	2.52564	2.52564e+06	
38500	53.4036	30.7517	0	-1.86512e-06	-1.703e-06	0	2.52564	2.52564e+06	
38600	53.4623	30.6516	0	4.71837e-07	-8.05838e-07	0	0.933812	933812	
38700	53.5209	30.5514	0	4.71837e-07	-8.05838e-07	0	0.933812	933812	
38800	53.5795	30.4513	0	4.71837e-07	-8.05838e-07	0	0.933812	933812	
38900	53.6381	30.3512	0	4.71837e-07	-8.05838e-07	0	0.933812	933812	
39000	53.6967	30.2511	0	4.71837e-07	-8.05838e-07	0	0.933812	933812	
39100	53.6667	30.3514	0	-2.41761e-07	8.07076e-07	0	0.842508	842508	
39200	53.6366	30.4516	0	-2.41761e-07	8.07076e-07	0	0.842508	842508	
39300	53.6066	30.5519	0	-2.41761e-07	8.07076e-07	0	0.842508	842508	
39400	53.5766	30.6522	0	-2.41761e-07	8.07076e-07	0	0.842508	842508	
39500	53.5466	30.7524	0	-2.41761e-07	8.07076e-07	0	0.842508	842508	
39600	53.3282	30.7772	0	-1.75744e-06	1.99416e-07	0	1.76871	1.76871e+06	
39700	53.1099	30.802	0	-1.75744e-06	1.99416e-07	0	1.76871	1.76871e+06	
39800	52.8916	30.8267	0	-1.75744e-06	1.99416e-07	0	1.76871	1.76871e+06	
39900	52.6733	30.8515	0	-1.75744e-06	1.99416e-07	0	1.76871	1.76871e+06	
40000	52.455	30.8763	0	-1.75744e-06	1.99416e-07	0	1.76871	1.76871e+06	
40100	52.1214	30.7603	0	-2.68506e-06	-9.33512e-07	0	2.84271	2.84271e+06	
40200	51.7879	30.6444	0	-2.68506e-06	-9.33512e-07	0	2.84271	2.84271e+06	
40300	51.4543	30.5284	0	-2.68506e-06	-9.33512e-07	0	2.84271	2.84271e+06	
40400	51.1208	30.4124	0	-2.68506e-06	-9.33512e-07	0	2.84271	2.84271e+06	
40500	50.7872	30.2965	0	-2.68506e-06	-9.33512e-07	0	2.84271	2.84271e+06	
40600	50.3872	29.8965	0	-3.22e-06	-3.22e-06	0	4.55377	4.55377e+06	
40700	49.9872	29.4965	0	-3.22e-06	-3.22e-06	0	4.55377	4.55377e+06	
40800	49.5872	29.0965	0	-3.22e-06	-3.22e-06	0	4.55377	4.55377e+06	
40900	49.1872	28.6965	0	-3.22e-06	-3.22e-06	0	4.55377	4.55377e+06	
41000	48.7872	28.2965	0	-3.22e-06	-3.22e-06	0	4.55377	4.55377e+06	
41100	48.596	27.9108	0	-1.53912e-06	-3.10488e-06	0	3.46543	3.46543e+06	
41200	48.4048	27.5251	0	-1.53912e-06	-3.10488e-06	0	3.46543	3.46543e+06	
41300	48.2137	27.1394	0	-1.53912e-06	-3.10488e-06	0	3.46543	3.46543e+06	
41400	48.0225	26.7537	0	-1.53912e-06	-3.10488e-06	0	3.46543	3.46543e+06	
41500	47.8313	26.368	0	-1.53912e-06	-3.10488e-06	0	3.46543	3.46543e+06	
41600	47.4313	26.2426	0	-3.22e-06	-1.00939e-06	0	3.3745	3.3745e+06	
41700	47.0313	26.1172	0	-3.22e-06	-1.00939e-06	0	3.3745	3.3745e+06	
41800	46.6313	25.9918	0	-3.22e-06	-1.00939e-06	0	3.3745	3.3745e+06	
41900	46.2313	25.8664	0	-3.22e-06	-1.00939e-06	0	3.3745	3.3745e+06	
42000	45.8313	25.741	0	-3.22e-06	-1.00939e-06	0	3.3745	3.3745e+06	
42100	45.5202	25.9374	0	-2.50398e-06	1.581e-06	0	2.96133	2.96133e+06	
42200	45.2092	26.1338	0	-2.50398e-06	1.581e-06	0	2.96133	2.96133e+06	
42300	44.8981	26.3302	0	-2.50398e-06	1.581e-06	0	2.96133	2.96133e+06	
42400	44.5871	26.5266	0	-2.50398e-06	1.581e-06	0	2.96133	2.96133e+06	
42500	44.276	26.723	0	-2.50398e-06	1.581e-06	0	2.96133	2.96133e+06	
42600	43.876	26.5108	0	-3.22e-06	-1.70847e-06	0	3.64517	3.64517e+06	
42700	43.476	26.2985	0	-3.22e-06	-1.70847e-06	0	3.64517	3.64517e+06	
42800	43.076	26.0863	0	-3.22e-06	-1.70847e-06	0	3.64517	3.64517e+06	
42900	42.676	25.8741	0	-3.22e-06	-1.70847e-06	0	3.64517	3.64517e+06	
43000	42.276	25.6618	0	-3.22e-06	-1.70847e-06	0	3.64517	3.64517e+06	
43100	41.876	25.7966	0	-3.22e-06	1.08478e-06	0	3.39782	3.39782e+06	
43200	41.476	25.9314	0	-3.22e-06	1.08478e-06	0	3.39782	3.39782e+06	
43300	41.076	26.0661	0	-3.22e-06	1.08478e-06	0	3.39782	3.39782e+06	
43400	40.7429	26.2458	0	-3.22e-06	1.08478e-06	0	3.39782	3.39782e+06	
43500	40.5132	26.5236	0	-3.22e-06	1.08478e-06	0	3.39782	3.39782e+06	
43600	40.3802	26.6257	0	-3.22e-06	-1.5157e-06	0	3.5589	3.5589e+06	
43700	40.2216	26.7492	0	-3.22e-06	-1.5157e-06	0	3.5589	3.5589e+06	
43800	40.0179	26.8767	0	-3.22e-06	-1.5157e-06	0	3.5589	3.5589e+06	
43900	39.7611	26.997	0	-3.22e-06	-1.5157e-06	0	3.5589	3.5589e+06	
44000	39.4465	27.0934	0	-3.22e-06	-1.5157e-06	0	3.5589	3.5589e+06	
44100	39.0505	27.3514	0	-3.22e-06	1.91301e-06	0	3.7454	3.7454e+06	
44200	38.6505	27.589	0	-3.22e-06	1.91301e-06	0	3.7454	3.7454e+06	
44300	38.2519	27.8285	0	-3.22e-06	1.91301e-06	0	3.7454	3.7454e+06	
44400	37.8673	28.0777	0	-3.22e-06	1.91301e-06	0	3.7454	3.7454e+06	
44500	37.6158	28.4211	0	-3.22e-06	1.91301e-06	0	3.7454	3.7454e+06	
44600	37.2444	28.8497	0	-3.22e-06	3.22e-06	0	4.55377	4.55377e+06	
44700	36.8447	29.2502	0	-3.22e-06	3.22e-06	0	4.55377	4.55377e+06	
44800	36.4447	29.6502	0	-3.22e-06	3.22e-06	0	4.55377	4.55377e+06	
44900	36.0447	30.0502	0	-3.22e-06	3.22e-06	0	4.55377	4.55377e+06	
45000	35.6447	30.4502	0	-3.22e-06	3.22e-06	0	4.55377	4.55377e+06	
45100	35.2447	30.8502	0	-3.22e-06	3.22e-06	0	4.55377	4.55377e+06	
45200	34.8447	31.2502	0	-3.22e-06	3.22e-06	0	4.55377	4.55377e+06	
45300	34.4447	31.6502	0	-3.22e-06	3.22e-06	0	4.55377	4.55377e+06	
45400	34.0447	32.0502	0	-3.22e-06	3.22e-06	0	4.55377	4.55377e+06	
45500	33.6447	32.4502	0	-3.22e-06	3.22e-06	0	4.55377	4.55377e+06	
45600	33.2447	32.8322	0	-3.22e-06	3.07587e-06	0	4.45302	4.45302e+06	
45700	32.8447	33.2143	0	-3.22e-06	3.07587e-06	0	4.45302	4.45302e+06	
45800	32.4447	33.5964	0	-3.22e-06	3.07587e-06	0	4.45302	4.45302e+06	
45900	32.0447	33.9785	0	-3.22e-06	3.07587e-06	0	4.45302	4.45302e+06	
46000	31.6447	34.3606	0	-3.22e-06	3.07587e-06	0	4.45302	4.45302e+06	
46100	32.0447	34.3341	0	3.22e-06	-2.13472e-07	0	3.22707	3.22707e+06	
46200	32.4447	34.3076	0	3.22e-06	-2.13472e-07	0	3.22707	3.22707e+06	
46300	32.8447	34.2811	0	3.22e-06	-2.13472e-07	0	3.22707	3.22707e+06	
46400	33.2447	34.2546	0	3.22e-06	-2.13472e-07	0	3.22707	3.22707e+06	
46500	33.6447	34.228	0	3.22e-06	-2.13472e-07	0	3.22707	3.22707e+06	
46600	33.5192	34.5573	0	-1.00962e-06	2.65093e-06	0	2.83668	2.83668e+06	
46700	33.3938	34.8867	0	-1.00962e-06	2.65093e-06	0	2.83668	2.83668e+06	
46800	33.2684	35.216	0	-1.00962e-06	2.65093e-06	0	2.83668	2.83668e+06	
46900	33.143	35.5453	0	-1.00962e-06	2.65093e-06	0	2.83668	2.83668e+06	
47000	33.0176	35.8746	0	-1.00962e-06	2.65093e-06	0	2.83668	2.83668e+06	
47100	32.9265	36.2427	0	-7.33029e-07	2.96372e-06	0	3.05302	3.05302e+06	
47200	32.8354	36.6109	0	-7.33029e-07	2.96372e-06	0	3.05302	3.05302e+06	
47300	32.7444	36.9791	0	-7.33029e-07	2.96372e-06	0	3.05302	3.05302e+06	
47400	32.6533	37.3472	0	-7.33029e-07	2.96372e-06	0	3.05302	3.05302e+06	
47500	32.5623	37.7154	0	-7.33029e-07	2.96372e-06	0	3.05302	3.05302e+06	
47600	32.2877	37.7413	0	-2.21037e-06	2.08166e-07	0	2.22015	2.22015e+06	
47700	32.0131	37.7671	0	-2.21037e-06	2.08166e-07	0	2.22015	2.22015e+06	
47800	31.7385	37.793	0	-2.21037e-06	2.08166e-07	0	2.22015	2.22015e+06	
47900	31.4639	37.8188	0	-2.21037e-06	2.08166e-07	0	2.22015	2.22015e+06	
48000	31.1894	37.8447	0	-2.21037e-06	2.08166e-07	0	2.22015	2.22015e+06	
48100	31.2202	37.4447	0	2.48444e-07	-3.22e-06	0	3.22957	3.22957e+06	
48200	31.2511	37.0447	0	2.48444e-07	-3.22e-06	0	3.22957	3.22957e+06	
48300	31.2819	36.6447	0	2.48444e-07	-3.22e-06	0	3.22957	3.22957e+06	
48400	31.3128	36.2447	0	2.48444e-07	-3.22e-06	0	3.22957	3.22957e+06	
48500	31.3437	35.8447	0	2.48444e-07	-3.22e-06	0	3.22957	3.22957e+06	
48600	31.3078	35.4447	0	-2.88682e-07	-3.22e-06	0	3.23291	3.23291e+06	
48700	31.2719	35.0447	0	-2.88682e-07	-3.22e-06	0	3.23291	3.23291e+06	
48800	31.2361	34.6447	0	-2.88682e-07	-3.22e-06	0	3.23291	3.23291e+06	
48900	31.2002	34.2447	0	-2.88682e-07	-3.22e-06	0	3.23291	3.23291e+06	
49000	31.1644	33.8447	0	-2.88682e-07	-3.22e-06	0	3.23291	3.23291e+06	
49100	31.3454	33.5262	0	1.45715e-06	-2.56402e-06	0	2.94915	2.94915e+06	
49200	31.5264	33.2077	0	1.45715e-06	-2.56402e-06	0	2.94915	2.94915e+06	
49300	31.7074	32.8892	0	1.45715e-06	-2.56402e-06	0	2.94915	2.94915e+06	
49400	31.8884	32.5706	0	1.45715e-06	-2.56402e-06	0	2.94915	2.94915e+06	
49500	32.0694	32.2521	0	1.45715e-06	-2.56402e-06	0	2.94915	2.94915e+06	
49600	31.9955	32.3237	0	-5.95324e-07	5.76321e-07	0	0.828587	828587	
49700	31.9215	32.3953	0	-5.95324e-07	5.76321e-07	0	0.828587	828587	
49800	31.8476	32.4669	0	-5.95324e-07	5.76321e-07	0	0.828587	828587	
49900	31.7736	32.5385	0	-5.95324e-07	5.76321e-07	0	0.828587	828587	
50000	31.6997	32.6101	0	-5.95324e-07	5.76321e-07	0	0.828587	828587	
