0	24	36	0	2.53587e-06	-3.22e-06	0	4.09866	4.09866e+06	
100	24.386	36.3259	0	3.10737e-06	2.62357e-06	0	4.0668	4.0668e+06	
200	24.772	36.6518	0	3.10737e-06	2.62357e-06	0	4.0668	4.0668e+06	
300	25.158	36.9777	0	3.10737e-06	2.62357e-06	0	4.0668	4.0668e+06	
400	25.544	37.3036	0	3.10737e-06	2.62357e-06	0	4.0668	4.0668e+06	
500	25.93	37.6295	0	3.10737e-06	2.62357e-06	0	4.0668	4.0668e+06	
600	25.6923	38.0185	0	-1.91381e-06	3.13115e-06	0	3.66971	3.66971e+06	
700	25.4546	38.4075	0	-1.91381e-06	3.13115e-06	0	3.66971	3.66971e+06	
800	25.2169	38.7961	0	-1.91381e-06	3.13115e-06	0	3.66971	3.66971e+06	
900	24.9919	38.8667	0	-1.91381e-06	3.13115e-06	0	3.66971	3.66971e+06	
1000	24.7311	38.882	0	-1.91381e-06	3.13115e-06	0	3.66971	3.66971e+06	
1100	24.33	38.8756	0	-3.22e-06	9.6656e-07	0	3.36194	3.36194e+06	
1200	23.9406	38.844	0	-3.22e-06	9.6656e-07	0	3.36194	3.36194e+06	
1300	23.5321	38.8761	0	-3.22e-06	9.6656e-07	0	3.36194	3.36194e+06	
1400	23.1478	38.8534	0	-3.22e-06	9.6656e-07	0	3.36194	3.36194e+06	
1500	22.7461	38.8518	0	-3.22e-06	9.6656e-07	0	3.36194	3.36194e+06	
1600	22.3459	38.8702	0	-3.22e-06	6.61304e-07	0	3.28721	3.28721e+06	
1700	21.9546	38.8375	0	-3.22e-06	6.61304e-07	0	3.28721	3.28721e+06	
1800	21.5493	38.8613	0	-3.22e-06	6.61304e-07	0	3.28721	3.28721e+06	
1900	21.1596	38.8491	0	-3.22e-06	6.61304e-07	0	3.28721	3.28721e+06	
2000	20.7591	38.8419	0	-3.22e-06	6.61304e-07	0	3.28721	3.28721e+06	
2100	20.3586	38.8996	0	-3.22e-06	3.22e-06	0	4.55377	4.55377e+06	
2200	19.9962	38.8674	0	-3.22e-06	3.22e-06	0	4.55377	4.55377e+06	
2300	19.564	38.9051	0	-3.22e-06	3.22e-06	0	4.55377	4.55377e+06	
2400	19.2059	38.8791	0	-3.22e-06	3.22e-06	0	4.55377	4.55377e+06	
2500	18.8101	38.874	0	-3.22e-06	3.22e-06	0	4.55377	4.55377e+06	
2600	18.7373	38.8832	0	-2.52554e-07	3.22e-06	0	3.22989	3.22989e+06	
2700	18.65	38.8956	0	-2.52554e-07	3.22e-06	0	3.22989	3.22989e+06	
2800	18.5461	38.9153	0	-2.52554e-07	3.22e-06	0	3.22989	3.22989e+06	
2900	18.4231	38.9455	0	-2.52554e-07	3.22e-06	0	3.22989	3.22989e+06	
3000	18.2791	38.9909	0	-2.52554e-07	3.22e-06	0	3.22989	3.22989e+06	
3100	18.2322	38.9717	0	-1.04609e-07	5.89283e-07	0	0.598496	598496	
3200	18.1959	38.9849	0	-1.04609e-07	5.89283e-07	0	0.598496	598496	
3300	18.159	38.9998	0	-1.04609e-07	5.89283e-07	0	0.598496	598496	
3400	18.1214	39.0158	0	-1.04609e-07	5.89283e-07	0	0.598496	598496	
3500	18.0829	39.033	0	-1.04609e-07	5.89283e-07	0	0.598496	598496	
3600	17.9885	39.0341	0	-6.82197e-07	1.71483e-07	0	0.703419	703419	
3700	17.9016	39.0515	0	-6.82197e-07	1.71483e-07	0	0.703419	703419	
3800	17.8162	39.0717	0	-6.82197e-07	1.71483e-07	0	0.703419	703419	
3900	17.7313	39.0927	0	-6.82197e-07	1.71483e-07	0	0.703419	703419	
4000	17.6465	39.114	0	-6.82197e-07	1.71483e-07	0	0.703419	703419	
4100	17.6599	39.2586	0	1.20422e-07	1.18136e-06	0	1.18748	1.18748e+06	
4200	17.6226	39.3406	0	1.20422e-07	1.18136e-06	0	1.18748	1.18748e+06	
4300	17.5585	39.3956	0	1.20422e-07	1.18136e-06	0	1.18748	1.18748e+06	
4400	17.4928	39.4562	0	1.20422e-07	1.18136e-06	0	1.18748	1.18748e+06	
4500	17.4263	39.5231	0	1.20422e-07	1.18136e-06	0	1.18748	1.18748e+06	
4600	17.0092	39.9085	0	-3.22e-06	3.22e-06	0	4.55377	4.55377e+06	
4700	16.6092	40.3085	0	-3.22e-06	3.22e-06	0	4.55377	4.55377e+06	
4800	16.2092	40.7085	0	-3.22e-06	3.22e-06	0	4.55377	4.55377e+06	
4900	15.8092	41.1085	0	-3.22e-06	3.22e-06	0	4.55377	4.55377e+06	
5000	15.4092	41.5085	0	-3.22e-06	3.22e-06	0	4.55377	4.55377e+06	
5100	15.2887	41.7237	0	-9.69937e-07	1.73201e-06	0	1.9851	1.9851e+06	
5200	15.1682	41.9388	0	-9.69937e-07	1.73201e-06	0	1.9851	1.9851e+06	
5300	15.0477	42.154	0	-9.69937e-07	1.73201e-06	0	1.9851	1.9851e+06	
5400	14.9272	42.3691	0	-9.69937e-07	1.73201e-06	0	1.9851	1.9851e+06	
5500	14.8067	42.5843	0	-9.69937e-07	1.73201e-06	0	1.9851	1.9851e+06	
5600	14.8353	42.426	0	2.30267e-07	-1.27421e-06	0	1.29485	1.29485e+06	
5700	14.8639	42.2677	0	2.30267e-07	-1.27421e-06	0	1.29485	1.29485e+06	
5800	14.8926	42.1094	0	2.30267e-07	-1.27421e-06	0	1.29485	1.29485e+06	
5900	14.9212	41.9511	0	2.30267e-07	-1.27421e-06	0	1.29485	1.29485e+06	
6000	14.9498	41.7928	0	2.30267e-07	-1.27421e-06	0	1.29485	1.29485e+06	
6100	15.0307	41.6692	0	6.51766e-07	-9.95127e-07	0	1.18957	1.18957e+06	
6200	15.1117	41.5456	0	6.51766e-07	-9.95127e-07	0	1.18957	1.18957e+06	
6300	15.1927	41.422	0	6.51766e-07	-9.95127e-07	0	1.18957	1.18957e+06	
6400	15.2736	41.2984	0	6.51766e-07	-9.95127e-07	0	1.18957	1.18957e+06	
6500	15.3546	41.1747	0	6.51766e-07	-9.95127e-07	0	1.18957	1.18957e+06	
6600	15.6993	41.3145	0	2.77468e-06	1.12514e-06	0	2.99413	2.99413e+06	
6700	16.0439	41.4543	0	2.77468e-06	1.12514e-06	0	2.99413	2.99413e+06	
6800	16.3886	41.5941	0	2.77468e-06	1.12514e-06	0	2.99413	2.99413e+06	
6900	16.7333	41.7338	0	2.77468e-06	1.12514e-06	0	2.99413	2.99413e+06	
7000	16.8696	41.8562	0	2.77468e-06	1.12514e-06	0	2.99413	2.99413e+06	
7100	16.8632	41.6724	0	9.53675e-07	-1.37783e-06	0	1.67568	1.67568e+06	
7200	16.8864	41.4912	0	9.53675e-07	-1.37783e-06	0	1.67568	1.67568e+06	
7300	16.8726	41.3363	0	9.53675e-07	-1.37783e-06	0	1.67568	1.67568e+06	
7400	16.8531	41.1816	0	9.53675e-07	-1.37783e-06	0	1.67568	1.67568e+06	
7500	16.8435	41.0165	0	9.53675e-07	-1.37783e-06	0	1.67568	1.67568e+06	
7600	16.8689	41.1942	0	2.3686e-06	1.32238e-06	0	2.71274	2.71274e+06	
7700	16.894	41.3932	0	2.3686e-06	1.32238e-06	0	2.71274	2.71274e+06	
7800	16.9035	41.5628	0	2.3686e-06	1.32238e-06	0	2.71274	2.71274e+06	
7900	16.8861	41.6815	0	2.3686e-06	1.32238e-06	0	2.71274	2.71274e+06	
8000	16.8706	41.809	0	2.3686e-06	1.32238e-06	0	2.71274	2.71274e+06	
8100	16.8509	41.9216	0	1.28208e-06	1.00054e-06	0	1.62629	1.62629e+06	
8200	16.8491	42.0445	0	1.28208e-06	1.00054e-06	0	1.62629	1.62629e+06	
8300	16.8548	42.1765	0	1.28208e-06	1.00054e-06	0	1.62629	1.62629e+06	
8400	16.8696	42.3171	0	1.28208e-06	1.00054e-06	0	1.62629	1.62629e+06	
8500	16.8902	42.4604	0	1.28208e-06	1.00054e-06	0	1.62629	1.62629e+06	
8600	16.8882	42.6663	0	2.26943e-06	1.88979e-06	0	2.95324	2.95324e+06	
8700	16.8654	42.8677	0	2.26943e-06	1.88979e-06	0	2.95324	2.95324e+06	
8800	16.8619	43.0996	0	2.26943e-06	1.88979e-06	0	2.95324	2.95324e+06	
8900	16.8872	43.3607	0	2.26943e-06	1.88979e-06	0	2.95324	2.95324e+06	
9000	16.8988	43.5967	0	2.26943e-06	1.88979e-06	0	2.95324	2.95324e+06	
9100	16.8853	43.7302	0	3.22e-06	1.55946e-06	0	3.57775	3.57775e+06	
9200	16.8708	43.886	0	3.22e-06	1.55946e-06	0	3.57775	3.57775e+06	
9300	16.8683	44.0752	0	3.22e-06	1.55946e-06	0	3.57775	3.57775e+06	
9400	16.887	44.3015	0	3.22e-06	1.55946e-06	0	3.57775	3.57775e+06	
9500	16.9124	44.5294	0	3.22e-06	1.55946e-06	0	3.57775	3.57775e+06	
9600	16.9125	44.4783	0	3.22e-06	-4.10015e-07	0	3.246	3.246e+06	
9700	16.911	44.4569	0	3.22e-06	-4.10015e-07	0	3.246	3.246e+06	
9800	16.9099	44.4463	0	3.22e-06	-4.10015e-07	0	3.246	3.246e+06	
9900	16.9092	44.4404	0	3.22e-06	-4.10015e-07	0	3.246	3.246e+06	
10000	16.9087	44.4368	0	3.22e-06	-4.10015e-07	0	3.246	3.246e+06	
10100	16.879	44.795	0	3.22e-06	3.22e-06	0	4.55377	4.55377e+06	
10200	16.8741	45.191	0	3.22e-06	3.22e-06	0	4.55377	4.55377e+06	
10300	16.9049	45.6069	0	3.22e-06	3.22e-06	0	4.55377	4.55377e+06	
10400	16.8681	45.9625	0	3.22e-06	3.22e-06	0	4.55377	4.55377e+06	
10500	16.8981	46.3894	0	3.22e-06	3.22e-06	0	4.55377	4.55377e+06	
10600	16.9129	46.5135	0	3.22e-06	7.67853e-07	0	3.31029	3.31029e+06	
10700	16.9079	46.5717	0	3.22e-06	7.67853e-07	0	3.31029	3.31029e+06	
10800	16.9025	46.6089	0	3.22e-06	7.67853e-07	0	3.31029	3.31029e+06	
10900	16.8973	46.6421	0	3.22e-06	7.67853e-07	0	3.31029	3.31029e+06	
11000	16.8921	46.6766	0	3.22e-06	7.67853e-07	0	3.31029	3.31029e+06	
11100	16.9037	46.5574	0	2.54753e-06	-6.04173e-07	0	2.61819	2.61819e+06	
11200	16.9076	46.4748	0	2.54753e-06	-6.04173e-07	0	2.61819	2.61819e+06	
11300	16.9035	46.4311	0	2.54753e-06	-6.04173e-07	0	2.61819	2.61819e+06	
11400	16.8992	46.4007	0	2.54753e-06	-6.04173e-07	0	2.61819	2.61819e+06	
11500	16.8951	46.3743	0	2.54753e-06	-6.04173e-07	0	2.61819	2.61819e+06	
11600	16.8883	46.2944	0	3.22e-06	-1.12628e-06	0	3.41129	3.41129e+06	
11700	16.8774	46.2024	0	3.22e-06	-1.12628e-06	0	3.41129	3.41129e+06	
11800	16.8695	46.091	0	3.22e-06	-1.12628e-06	0	3.41129	3.41129e+06	
11900	16.8676	45.9561	0	3.22e-06	-1.12628e-06	0	3.41129	3.41129e+06	
12000	16.8765	45.794	0	3.22e-06	-1.12628e-06	0	3.41129	3.41129e+06	
12100	16.8981	45.384	0	2.36588e-06	-3.22e-06	0	3.99572	3.99572e+06	
12200	16.8616	45.0155	0	2.36588e-06	-3.22e-06	0	3.99572	3.99572e+06	
12300	16.893	44.5944	0	2.36588e-06	-3.22e-06	0	3.99572	3.99572e+06	
12400	16.8753	44.2215	0	2.36588e-06	-3.22e-06	0	3.99572	3.99572e+06	
12500	16.8661	43.8269	0	2.36588e-06	-3.22e-06	0	3.99572	3.99572e+06	
12600	16.9012	43.4124	0	2.26959e-06	-3.22e-06	0	3.93947	3.93947e+06	
12700	16.8617	43.0463	0	2.26959e-06	-3.22e-06	0	3.93947	3.93947e+06	
12800	16.8868	42.6291	0	2.26959e-06	-3.22e-06	0	3.93947	3.93947e+06	
12900	16.8779	42.2497	0	2.26959e-06	-3.22e-06	0	3.93947	3.93947e+06	
13000	16.8633	41.8592	0	2.26959e-06	-3.22e-06	0	3.93947	3.93947e+06	
13100	16.8122	41.7964	0	-2.56765e-09	-4.75009e-07	0	0.475016	475016	
13200	16.8015	41.7363	0	-2.56765e-09	-4.75009e-07	0	0.475016	475016	
13300	16.7962	41.6767	0	-2.56765e-09	-4.75009e-07	0	0.475016	475016	
13400	16.7932	41.6173	0	-2.56765e-09	-4.75009e-07	0	0.475016	475016	
13500	16.7913	41.5581	0	-2.56765e-09	-4.75009e-07	0	0.475016	475016	
13600	16.6373	41.5429	0	-1.23823e-06	-1.22182e-07	0	1.24424	1.24424e+06	
13700	16.4835	41.5277	0	-1.23823e-06	-1.22182e-07	0	1.24424	1.24424e+06	
13800	16.3296	41.5125	0	-1.23823e-06	-1.22182e-07	0	1.24424	1.24424e+06	
13900	16.1758	41.4974	0	-1.23823e-06	-1.22182e-07	0	1.24424	1.24424e+06	
14000	16.022	41.4822	0	-1.23823e-06	-1.22182e-07	0	1.24424	1.24424e+06	
14100	15.9616	41.332	0	-4.86676e-07	-1.20925e-06	0	1.30351	1.30351e+06	
14200	15.9011	41.1818	0	-4.86676e-07	-1.20925e-06	0	1.30351	1.30351e+06	
14300	15.8406	41.0315	0	-4.86676e-07	-1.20925e-06	0	1.30351	1.30351e+06	
14400	15.7802	40.8813	0	-4.86676e-07	-1.20925e-06	0	1.30351	1.30351e+06	
14500	15.7197	40.7311	0	-4.86676e-07	-1.20925e-06	0	1.30351	1.30351e+06	
14600	15.8213	40.5283	0	8.17395e-07	-1.63294e-06	0	1.82609	1.82609e+06	
14700	15.9228	40.3254	0	8.17395e-07	-1.63294e-06	0	1.82609	1.82609e+06	
14800	16.0243	40.1226	0	8.17395e-07	-1.63294e-06	0	1.82609	1.82609e+06	
14900	16.1259	39.9197	0	8.17395e-07	-1.63294e-06	0	1.82609	1.82609e+06	
15000	16.2274	39.7169	0	8.17395e-07	-1.63294e-06	0	1.82609	1.82609e+06	
15100	16.096	39.8555	0	-1.05798e-06	1.1158e-06	0	1.53764	1.53764e+06	
15200	15.9646	39.9941	0	-1.05798e-06	1.1158e-06	0	1.53764	1.53764e+06	
15300	15.8331	40.1327	0	-1.05798e-06	1.1158e-06	0	1.53764	1.53764e+06	
15400	15.7017	40.2713	0	-1.05798e-06	1.1158e-06	0	1.53764	1.53764e+06	
15500	15.5703	40.4099	0	-1.05798e-06	1.1158e-06	0	1.53764	1.53764e+06	
15600	15.5223	40.8092	0	-3.86558e-07	3.21455e-06	0	3.23771	3.23771e+06	
15700	15.4743	41.2085	0	-3.86558e-07	3.21455e-06	0	3.23771	3.23771e+06	
15800	15.4262	41.6079	0	-3.86558e-07	3.21455e-06	0	3.23771	3.23771e+06	
15900	15.3782	42.0072	0	-3.86558e-07	3.21455e-06	0	3.23771	3.23771e+06	
16000	15.3302	42.4065	0	-3.86558e-07	3.21455e-06	0	3.23771	3.23771e+06	
16100	15.4231	42.6584	0	7.47869e-07	2.02774e-06	0	2.16126	2.16126e+06	
16200	15.516	42.9103	0	7.47869e-07	2.02774e-06	0	2.16126	2.16126e+06	
16300	15.6089	43.1622	0	7.47869e-07	2.02774e-06	0	2.16126	2.16126e+06	
16400	15.7018	43.4141	0	7.47869e-07	2.02774e-06	0	2.16126	2.16126e+06	
16500	15.7947	43.666	0	7.47869e-07	2.02774e-06	0	2.16126	2.16126e+06	
16600	16.1947	43.9398	0	3.22e-06	2.20407e-06	0	3.90209	3.90209e+06	
16700	16.5947	44.2136	0	3.22e-06	2.20407e-06	0	3.90209	3.90209e+06	
16800	16.9121	44.4944	0	3.22e-06	2.20407e-06	0	3.90209	3.90209e+06	
16900	16.8877	44.716	0	3.22e-06	2.20407e-06	0	3.90209	3.90209e+06	
17000	16.868	44.9564	0	3.22e-06	2.20407e-06	0	3.90209	3.90209e+06	
17100	16.7927	44.8543	0	-2.06262e-07	-8.09826e-07	0	0.835681	835681	
17200	16.7637	44.7535	0	-2.06262e-07	-8.09826e-07	0	0.835681	835681	
17300	16.7376	44.6528	0	-2.06262e-07	-8.09826e-07	0	0.835681	835681	
17400	16.7119	44.5522	0	-2.06262e-07	-8.09826e-07	0	0.835681	835681	
17500	16.6862	44.4516	0	-2.06262e-07	-8.09826e-07	0	0.835681	835681	
17600	16.5893	44.5184	0	-7.79977e-07	5.3772e-07	0	0.947368	947368	
17700	16.4924	44.5852	0	-7.79977e-07	5.3772e-07	0	0.947368	947368	
17800	16.3955	44.652	0	-7.79977e-07	5.3772e-07	0	0.947368	947368	
17900	16.2987	44.7188	0	-7.79977e-07	5.3772e-07	0	0.947368	947368	
18000	16.2018	44.7856	0	-7.79977e-07	5.3772e-07	0	0.947368	947368	
18100	15.8018	45.0851	0	-3.22e-06	2.41076e-06	0	4.02246	4.02246e+06	
18200	15.4018	45.3845	0	-3.22e-06	2.41076e-06	0	4.02246	4.02246e+06	
18300	15.0018	45.684	0	-3.22e-06	2.41076e-06	0	4.02246	4.02246e+06	
18400	14.6018	45.9835	0	-3.22e-06	2.41076e-06	0	4.02246	4.02246e+06	
18500	14.2018	46.283	0	-3.22e-06	2.41076e-06	0	4.02246	4.02246e+06	
18600	14.2615	46.5514	0	4.8107e-07	2.16114e-06	0	2.21404	2.21404e+06	
18700	14.3213	46.8199	0	4.8107e-07	2.16114e-06	0	2.21404	2.21404e+06	
18800	14.381	47.0884	0	4.8107e-07	2.16114e-06	0	2.21404	2.21404e+06	
18900	14.4408	47.3568	0	4.8107e-07	2.16114e-06	0	2.21404	2.21404e+06	
19000	14.5006	47.6253	0	4.8107e-07	2.16114e-06	0	2.21404	2.21404e+06	
19100	14.8599	47.7027	0	2.89292e-06	6.23027e-07	0	2.95925	2.95925e+06	
19200	15.2193	47.7801	0	2.89292e-06	6.23027e-07	0	2.95925	2.95925e+06	
19300	15.5787	47.8575	0	2.89292e-06	6.23027e-07	0	2.95925	2.95925e+06	
19400	15.938	47.9349	0	2.89292e-06	6.23027e-07	0	2.95925	2.95925e+06	
19500	16.2974	48.0123	0	2.89292e-06	6.23027e-07	0	2.95925	2.95925e+06	
19600	16.3752	47.8568	0	6.2605e-07	-1.25129e-06	0	1.39916	1.39916e+06	
19700	16.453	47.7014	0	6.2605e-07	-1.25129e-06	0	1.39916	1.39916e+06	
19800	16.5307	47.5459	0	6.2605e-07	-1.25129e-06	0	1.39916	1.39916e+06	
19900	16.6085	47.3905	0	6.2605e-07	-1.25129e-06	0	1.39916	1.39916e+06	
20000	16.6863	47.2351	0	6.2605e-07	-1.25129e-06	0	1.39916	1.39916e+06	
20100	16.8559	47.4341	0	1.39854e-06	1.59588e-06	0	2.12197	2.12197e+06	
20200	16.9432	47.6555	0	1.39854e-06	1.59588e-06	0	2.12197	2.12197e+06	
20300	17.0265	47.888	0	1.39854e-06	1.59588e-06	0	2.12197	2.12197e+06	
20400	17.1381	48.1183	0	1.39854e-06	1.59588e-06	0	2.12197	2.12197e+06	
20500	17.2759	48.3408	0	1.39854e-06	1.59588e-06	0	2.12197	2.12197e+06	
20600	17.2679	48.4902	0	-2.79961e-08	1.17316e-06	0	1.1735	1.1735e+06	
20700	17.2644	48.6359	0	-2.79961e-08	1.17316e-06	0	1.1735	1.1735e+06	
20800	17.2609	48.7817	0	-2.79961e-08	1.17316e-06	0	1.1735	1.1735e+06	
20900	17.2575	48.9274	0	-2.79961e-08	1.17316e-06	0	1.1735	1.1735e+06	
21000	17.254	49.0731	0	-2.79961e-08	1.17316e-06	0	1.1735	1.1735e+06	
21100	17	49.1614	0	-2.04424e-06	7.10733e-07	0	2.16427	2.16427e+06	
21200	16.7461	49.2497	0	-2.04424e-06	7.10733e-07	0	2.16427	2.16427e+06	
21300	16.4922	49.338	0	-2.04424e-06	7.10733e-07	0	2.16427	2.16427e+06	
21400	16.2382	49.4263	0	-2.04424e-06	7.10733e-07	0	2.16427	2.16427e+06	
21500	15.9843	49.5146	0	-2.04424e-06	7.10733e-07	0	2.16427	2.16427e+06	
21600	16.1101	49.1146	0	1.01323e-06	-3.22e-06	0	3.37565	3.37565e+06	
21700	16.236	48.7146	0	1.01323e-06	-3.22e-06	0	3.37565	3.37565e+06	
21800	16.3619	48.3146	0	1.01323e-06	-3.22e-06	0	3.37565	3.37565e+06	
21900	16.4877	47.9146	0	1.01323e-06	-3.22e-06	0	3.37565	3.37565e+06	
22000	16.6136	47.5146	0	1.01323e-06	-3.22e-06	0	3.37565	3.37565e+06	
22100	16.4755	47.1146	0	-1.11214e-06	-3.22e-06	0	3.40665	3.40665e+06	
22200	16.3373	46.7146	0	-1.11214e-06	-3.22e-06	0	3.40665	3.40665e+06	
22300	16.1991	46.3146	0	-1.11214e-06	-3.22e-06	0	3.40665	3.40665e+06	
22400	16.061	45.9146	0	-1.11214e-06	-3.22e-06	0	3.40665	3.40665e+06	
22500	15.9228	45.5146	0	-1.11214e-06	-3.22e-06	0	3.40665	3.40665e+06	
22600	15.7779	45.1146	0	-1.16649e-06	-3.22e-06	0	3.42478	3.42478e+06	
22700	15.633	44.7146	0	-1.16649e-06	-3.22e-06	0	3.42478	3.42478e+06	
22800	15.4881	44.3146	0	-1.16649e-06	-3.22e-06	0	3.42478	3.42478e+06	
22900	15.3432	43.9146	0	-1.16649e-06	-3.22e-06	0	3.42478	3.42478e+06	
23000	15.1983	43.5146	0	-1.16649e-06	-3.22e-06	0	3.42478	3.42478e+06	
23100	15.3798	43.2862	0	1.46114e-06	-1.83833e-06	0	2.34827	2.34827e+06	
23200	15.5613	43.0578	0	1.46114e-06	-1.83833e-06	0	2.34827	2.34827e+06	
23300	15.7428	42.8295	0	1.46114e-06	-1.83833e-06	0	2.34827	2.34827e+06	
23400	15.9243	42.6011	0	1.46114e-06	-1.83833e-06	0	2.34827	2.34827e+06	
23500	16.1058	42.3728	0	1.46114e-06	-1.83833e-06	0	2.34827	2.34827e+06	
23600	15.9773	41.9728	0	-1.03466e-06	-3.22e-06	0	3.38215	3.38215e+06	
23700	15.8488	41.5728	0	-1.03466e-06	-3.22e-06	0	3.38215	3.38215e+06	
23800	15.7203	41.1728	0	-1.03466e-06	-3.22e-06	0	3.38215	3.38215e+06	
23900	15.5917	40.7728	0	-1.03466e-06	-3.22e-06	0	3.38215	3.38215e+06	
24000	15.4632	40.3728	0	-1.03466e-06	-3.22e-06	0	3.38215	3.38215e+06	
24100	15.4838	39.9728	0	1.65428e-07	-3.22e-06	0	3.22425	3.22425e+06	
24200	15.5043	39.5728	0	1.65428e-07	-3.22e-06	0	3.22425	3.22425e+06	
24300	15.5249	39.1728	0	1.65428e-07	-3.22e-06	0	3.22425	3.22425e+06	
24400	15.5454	38.7728	0	1.65428e-07	-3.22e-06	0	3.22425	3.22425e+06	
24500	15.566	38.3728	0	1.65428e-07	-3.22e-06	0	3.22425	3.22425e+06	
24600	15.7087	37.9728	0	1.14924e-06	-3.22e-06	0	3.41894	3.41894e+06	
24700	15.8515	37.5728	0	1.14924e-06	-3.22e-06	0	3.41894	3.41894e+06	
24800	15.9942	37.1728	0	1.14924e-06	-3.22e-06	0	3.41894	3.41894e+06	
24900	16.137	36.7728	0	1.14924e-06	-3.22e-06	0	3.41894	3.41894e+06	
25000	16.2798	36.3728	0	1.14924e-06	-3.22e-06	0	3.41894	3.41894e+06	
25100	16.4491	35.9728	0	1.36279e-06	-3.22e-06	0	3.49651	3.49651e+06	
25200	16.6183	35.5728	0	1.36279e-06	-3.22e-06	0	3.49651	3.49651e+06	
25300	16.7876	35.1728	0	1.36279e-06	-3.22e-06	0	3.49651	3.49651e+06	
25400	16.9569	34.7728	0	1.36279e-06	-3.22e-06	0	3.49651	3.49651e+06	
25500	17.1262	34.3728	0	1.36279e-06	-3.22e-06	0	3.49651	3.49651e+06	
25600	17.4789	33.9728	0	2.83914e-06	-3.22e-06	0	4.29291	4.29291e+06	
25700	17.8316	33.5728	0	2.83914e-06	-3.22e-06	0	4.29291	4.29291e+06	
25800	18.1843	33.1728	0	2.83914e-06	-3.22e-06	0	4.29291	4.29291e+06	
25900	18.537	32.7728	0	2.83914e-06	-3.22e-06	0	4.29291	4.29291e+06	
26000	18.8897	32.3728	0	2.83914e-06	-3.22e-06	0	4.29291	4.29291e+06	
26100	19.0639	31.9728	0	1.40229e-06	-3.22e-06	0	3.51209	3.51209e+06	
26200	19.2381	31.5728	0	1.40229e-06	-3.22e-06	0	3.51209	3.51209e+06	
26300	19.4123	31.1728	0	1.40229e-06	-3.22e-06	0	3.51209	3.51209e+06	
26400	19.5865	30.7728	0	1.40229e-06	-3.22e-06	0	3.51209	3.51209e+06	
26500	19.7607	30.3728	0	1.40229e-06	-3.22e-06	0	3.51209	3.51209e+06	
26600	20.0107	29.9728	0	2.01256e-06	-3.22e-06	0	3.79721	3.79721e+06	
26700	20.2607	29.5728	0	2.01256e-06	-3.22e-06	0	3.79721	3.79721e+06	
26800	20.5107	29.1728	0	2.01256e-06	-3.22e-06	0	3.79721	3.79721e+06	
26900	20.7607	28.7728	0	2.01256e-06	-3.22e-06	0	3.79721	3.79721e+06	
27000	21.0107	28.3728	0	2.01256e-06	-3.22e-06	0	3.79721	3.79721e+06	
27100	21.2793	27.9728	0	2.16257e-06	-3.22e-06	0	3.8788	3.8788e+06	
27200	21.548	27.5728	0	2.16257e-06	-3.22e-06	0	3.8788	3.8788e+06	
27300	21.8166	27.1728	0	2.16257e-06	-3.22e-06	0	3.8788	3.8788e+06	
27400	22.0853	26.7728	0	2.16257e-06	-3.22e-06	0	3.8788	3.8788e+06	
27500	22.3539	26.3728	0	2.16257e-06	-3.22e-06	0	3.8788	3.8788e+06	
27600	22.7539	25.9876	0	3.22e-06	-3.10043e-06	0	4.47002	4.47002e+06	
27700	23.1539	25.6025	0	3.22e-06	-3.10043e-06	0	4.47002	4.47002e+06	
27800	23.5539	25.2173	0	3.22e-06	-3.10043e-06	0	4.47002	4.47002e+06	
27900	23.9539	24.8322	0	3.22e-06	-3.10043e-06	0	4.47002	4.47002e+06	
28000	24.3539	24.447	0	3.22e-06	-3.10043e-06	0	4.47002	4.47002e+06	
28100	24.3999	24.6077	0	3.70231e-07	1.29322e-06	0	1.34517	1.34517e+06	
28200	24.4459	24.7683	0	3.70231e-07	1.29322e-06	0	1.34517	1.34517e+06	
28300	24.4919	24.929	0	3.70231e-07	1.29322e-06	0	1.34517	1.34517e+06	
28400	24.5379	25.0896	0	3.70231e-07	1.29322e-06	0	1.34517	1.34517e+06	
28500	24.5839	25.2503	0	3.70231e-07	1.29322e-06	0	1.34517	1.34517e+06	
28600	24.7617	25.4781	0	1.43189e-06	1.83422e-06	0	2.32695	2.32695e+06	
28700	24.9396	25.706	0	1.43189e-06	1.83422e-06	0	2.32695	2.32695e+06	
28800	25.1175	25.9338	0	1.43189e-06	1.83422e-06	0	2.32695	2.32695e+06	
28900	25.2954	26.1617	0	1.43189e-06	1.83422e-06	0	2.32695	2.32695e+06	
29000	25.4732	26.3895	0	1.43189e-06	1.83422e-06	0	2.32695	2.32695e+06	
29100	25.5907	26.3464	0	9.45389e-07	-3.46836e-07	0	1.007	1.007e+06	
29200	25.7081	26.3034	0	9.45389e-07	-3.46836e-07	0	1.007	1.007e+06	
29300	25.8256	26.2603	0	9.45389e-07	-3.46836e-07	0	1.007	1.007e+06	
29400	25.943	26.2172	0	9.45389e-07	-3.46836e-07	0	1.007	1.007e+06	
29500	26.0604	26.1741	0	9.45389e-07	-3.46836e-07	0	1.007	1.007e+06	
29600	25.7924	26.3538	0	-2.15735e-06	1.44679e-06	0	2.59757	2.59757e+06	
29700	25.5244	26.5336	0	-2.15735e-06	1.44679e-06	0	2.59757	2.59757e+06	
29800	25.2565	26.7133	0	-2.15735e-06	1.44679e-06	0	2.59757	2.59757e+06	
29900	24.9885	26.893	0	-2.15735e-06	1.44679e-06	0	2.59757	2.59757e+06	
30000	24.7205	27.0727	0	-2.15735e-06	1.44679e-06	0	2.59757	2.59757e+06	
30100	24.3205	27.0685	0	-3.22e-06	-3.37246e-08	0	3.22018	3.22018e+06	
30200	23.9205	27.0644	0	-3.22e-06	-3.37246e-08	0	3.22018	3.22018e+06	
30300	23.5205	27.0602	0	-3.22e-06	-3.37246e-08	0	3.22018	3.22018e+06	
30400	23.1205	27.056	0	-3.22e-06	-3.37246e-08	0	3.22018	3.22018e+06	
30500	22.7205	27.0518	0	-3.22e-06	-3.37246e-08	0	3.22018	3.22018e+06	
30600	22.3205	27.2692	0	-3.22e-06	1.7498e-06	0	3.66472	3.66472e+06	
30700	21.9205	27.4865	0	-3.22e-06	1.7498e-06	0	3.66472	3.66472e+06	
30800	21.5205	27.7039	0	-3.22e-06	1.7498e-06	0	3.66472	3.66472e+06	
30900	21.1205	27.9213	0	-3.22e-06	1.7498e-06	0	3.66472	3.66472e+06	
31000	20.7205	28.1386	0	-3.22e-06	1.7498e-06	0	3.66472	3.66472e+06	
31100	20.7376	28.2788	0	1.3811e-07	1.12849e-06	0	1.13691	1.13691e+06	
31200	20.7548	28.419	0	1.3811e-07	1.12849e-06	0	1.13691	1.13691e+06	
31300	20.7719	28.5592	0	1.3811e-07	1.12849e-06	0	1.13691	1.13691e+06	
31400	20.7891	28.6994	0	1.3811e-07	1.12849e-06	0	1.13691	1.13691e+06	
31500	20.8062	28.8395	0	1.3811e-07	1.12849e-06	0	1.13691	1.13691e+06	
31600	21.0322	28.9423	0	1.8191e-06	8.2715e-07	0	1.99832	1.99832e+06	
31700	21.2582	29.045	0	1.8191e-06	8.2715e-07	0	1.99832	1.99832e+06	
31800	21.4842	29.1478	0	1.8191e-06	8.2715e-07	0	1.99832	1.99832e+06	
31900	21.7101	29.2506	0	1.8191e-06	8.2715e-07	0	1.99832	1.99832e+06	
32000	21.9361	29.3533	0	1.8191e-06	8.2715e-07	0	1.99832	1.99832e+06	
32100	21.8566	29.616	0	-6.40073e-07	2.11444e-06	0	2.2092	2.2092e+06	
32200	21.7771	29.8786	0	-6.40073e-07	2.11444e-06	0	2.2092	2.2092e+06	
32300	21.6976	30.1413	0	-6.40073e-07	2.11444e-06	0	2.2092	2.2092e+06	
32400	21.6181	30.404	0	-6.40073e-07	2.11444e-06	0	2.2092	2.2092e+06	
32500	21.5386	30.6666	0	-6.40073e-07	2.11444e-06	0	2.2092	2.2092e+06	
32600	21.3845	30.5356	0	-1.23979e-06	-1.05459e-06	0	1.62765	1.62765e+06	
32700	21.2305	30.4046	0	-1.23979e-06	-1.05459e-06	0	1.62765	1.62765e+06	
32800	21.0765	30.2736	0	-1.23979e-06	-1.05459e-06	0	1.62765	1.62765e+06	
32900	20.9225	30.1426	0	-1.23979e-06	-1.05459e-06	0	1.62765	1.62765e+06	
33000	20.7685	30.0116	0	-1.23979e-06	-1.05459e-06	0	1.62765	1.62765e+06	
33100	20.7133	30.0875	0	-4.44139e-07	6.10977e-07	0	0.755349	755349	
33200	20.6582	30.1634	0	-4.44139e-07	6.10977e-07	0	0.755349	755349	
33300	20.603	30.2393	0	-4.44139e-07	6.10977e-07	0	0.755349	755349	
33400	20.5478	30.3152	0	-4.44139e-07	6.10977e-07	0	0.755349	755349	
33500	20.4926	30.3911	0	-4.44139e-07	6.10977e-07	0	0.755349	755349	
33600	20.5534	30.2816	0	4.89315e-07	-8.81336e-07	0	1.00806	1.00806e+06	
33700	20.6142	30.1721	0	4.89315e-07	-8.81336e-07	0	1.00806	1.00806e+06	
33800	20.675	30.0626	0	4.89315e-07	-8.81336e-07	0	1.00806	1.00806e+06	
33900	20.7358	29.9531	0	4.89315e-07	-8.81336e-07	0	1.00806	1.00806e+06	
34000	20.7966	29.8437	0	4.89315e-07	-8.81336e-07	0	1.00806	1.00806e+06	
34100	20.4322	30.0037	0	-2.93341e-06	1.2883e-06	0	3.20384	3.20384e+06	
34200	20.0678	30.1637	0	-2.93341e-06	1.2883e-06	0	3.20384	3.20384e+06	
34300	19.7034	30.3238	0	-2.93341e-06	1.2883e-06	0	3.20384	3.20384e+06	
34400	19.339	30.4838	0	-2.93341e-06	1.2883e-06	0	3.20384	3.20384e+06	
34500	18.9746	30.6439	0	-2.93341e-06	1.2883e-06	0	3.20384	3.20384e+06	
34600	18.5746	30.754	0	-3.22e-06	8.87078e-07	0	3.33996	3.33996e+06	
34700	18.1755	30.8656	0	-3.22e-06	8.87078e-07	0	3.33996	3.33996e+06	
34800	17.7967	31.0196	0	-3.22e-06	8.87078e-07	0	3.33996	3.33996e+06	
34900	17.4071	31.163	0	-3.22e-06	8.87078e-07	0	3.33996	3.33996e+06	
35000	17.0077	31.2774	0	-3.22e-06	8.87078e-07	0	3.33996	3.33996e+06	
35100	16.6077	31.3029	0	-3.22e-06	2.04334e-07	0	3.22648	3.22648e+06	
35200	16.2077	31.3283	0	-3.22e-06	2.04334e-07	0	3.22648	3.22648e+06	
35300	15.8077	31.3537	0	-3.22e-06	2.04334e-07	0	3.22648	3.22648e+06	
35400	15.4077	31.3791	0	-3.22e-06	2.04334e-07	0	3.22648	3.22648e+06	
35500	15.0077	31.4045	0	-3.22e-06	2.04334e-07	0	3.22648	3.22648e+06	
35600	14.6077	31.8045	0	-3.22e-06	3.22e-06	0	4.55377	4.55377e+06	
35700	14.2077	32.2045	0	-3.22e-06	3.22e-06	0	4.55377	4.55377e+06	
35800	13.8077	32.6045	0	-3.22e-06	3.22e-06	0	4.55377	4.55377e+06	
35900	13.4077	33.0045	0	-3.22e-06	3.22e-06	0	4.55377	4.55377e+06	
36000	13.0077	33.4045	0	-3.22e-06	3.22e-06	0	4.55377	4.55377e+06	
36100	12.6991	33.3608	0	-2.48464e-06	-3.51237e-07	0	2.50934	2.50934e+06	
36200	12.3904	33.3172	0	-2.48464e-06	-3.51237e-07	0	2.50934	2.50934e+06	
36300	12.0818	33.2736	0	-2.48464e-06	-3.51237e-07	0	2.50934	2.50934e+06	
36400	11.7731	33.2299	0	-2.48464e-06	-3.51237e-07	0	2.50934	2.50934e+06	
36500	11.4645	33.1863	0	-2.48464e-06	-3.51237e-07	0	2.50934	2.50934e+06	
36600	11.1824	32.8682	0	-2.27075e-06	-2.56108e-06	0	3.42278	3.42278e+06	
36700	10.9003	32.55	0	-2.27075e-06	-2.56108e-06	0	3.42278	3.42278e+06	
36800	10.6182	32.2319	0	-2.27075e-06	-2.56108e-06	0	3.42278	3.42278e+06	
36900	10.3362	31.9137	0	-2.27075e-06	-2.56108e-06	0	3.42278	3.42278e+06	
37000	10.0541	31.5956	0	-2.27075e-06	-2.56108e-06	0	3.42278	3.42278e+06	
37100	9.7303	31.1956	0	-2.60635e-06	-3.22e-06	0	4.14264	4.14264e+06	
37200	9.40653	30.7956	0	-2.60635e-06	-3.22e-06	0	4.14264	4.14264e+06	
37300	9.08276	30.3956	0	-2.60635e-06	-3.22e-06	0	4.14264	4.14264e+06	
37400	8.75899	29.9956	0	-2.60635e-06	-3.22e-06	0	4.14264	4.14264e+06	
37500	8.43484	29.596	0	-2.60635e-06	-3.22e-06	0	4.14264	4.14264e+06	
37600	8.21291	29.4844	0	-1.78319e-06	-9.01338e-07	0	1.99805	1.99805e+06	
37700	7.99139	29.3725	0	-1.78319e-06	-9.01338e-07	0	1.99805	1.99805e+06	
37800	7.76987	29.2605	0	-1.78319e-06	-9.01338e-07	0	1.99805	1.99805e+06	
37900	7.54836	29.1485	0	-1.78319e-06	-9.01338e-07	0	1.99805	1.99805e+06	
38000	7.32684	29.0366	0	-1.78319e-06	-9.01338e-07	0	1.99805	1.99805e+06	
38100	7.38878	29.3241	0	4.98582e-07	2.3144e-06	0	2.3675	2.3675e+06	
38200	7.45071	29.6116	0	4.98582e-07	2.3144e-06	0	2.3675	2.3675e+06	
38300	7.51265	29.8991	0	4.98582e-07	2.3144e-06	0	2.3675	2.3675e+06	
38400	7.57459	30.1866	0	4.98582e-07	2.3144e-06	0	2.3675	2.3675e+06	
38500	7.63652	30.4741	0	4.98582e-07	2.3144e-06	0	2.3675	2.3675e+06	
38600	7.91431	30.3354	0	2.23618e-06	-1.11637e-06	0	2.49936	2.49936e+06	
38700	8.19209	30.1967	0	2.23618e-06	-1.11637e-06	0	2.49936	2.49936e+06	
38800	8.46988	30.0581	0	2.23618e-06	-1.11637e-06	0	2.49936	2.49936e+06	
38900	8.74766	29.9194	0	2.23618e-06	-1.11637e-06	0	2.49936	2.49936e+06	
39000	8.96895	29.8775	0	2.23618e-06	-1.11637e-06	0	2.49936	2.49936e+06	
39100	9.01268	29.9369	0	7.22892e-07	-1.3019e-07	0	0.734522	734522	
39200	9.05524	29.9709	0	7.22892e-07	-1.3019e-07	0	0.734522	734522	
39300	9.07909	30.0016	0	7.22892e-07	-1.3019e-07	0	0.734522	734522	
39400	9.09606	30.0295	0	7.22892e-07	-1.3019e-07	0	0.734522	734522	
39500	9.11151	30.0563	0	7.22892e-07	-1.3019e-07	0	0.734522	734522	
39600	8.7076	30.1214	0	-3.22e-06	5.05298e-07	0	3.25941	3.25941e+06	
39700	8.3076	30.1841	0	-3.22e-06	5.05298e-07	0	3.25941	3.25941e+06	
39800	7.9076	30.2469	0	-3.22e-06	5.05298e-07	0	3.25941	3.25941e+06	
39900	7.5076	30.3097	0	-3.22e-06	5.05298e-07	0	3.25941	3.25941e+06	
40000	7.1076	30.3724	0	-3.22e-06	5.05298e-07	0	3.25941	3.25941e+06	
40100	7.09978	30.3976	0	-6.29426e-08	2.02398e-07	0	0.211959	211959	
40200	7.09196	30.4227	0	-6.29426e-08	2.02398e-07	0	0.211959	211959	
40300	7.08414	30.4479	0	-6.29426e-08	2.02398e-07	0	0.211959	211959	
40400	7.07632	30.473	0	-6.29426e-08	2.02398e-07	0	0.211959	211959	
40500	7.0685	30.4982	0	-6.29426e-08	2.02398e-07	0	0.211959	211959	
40600	7.08904	30.4397	0	1.653e-07	-4.70866e-07	0	0.499038	499038	
40700	7.10957	30.3812	0	1.653e-07	-4.70866e-07	0	0.499038	499038	
40800	7.1301	30.3227	0	1.653e-07	-4.70866e-07	0	0.499038	499038	
40900	7.15064	30.2642	0	1.653e-07	-4.70866e-07	0	0.499038	499038	
41000	7.17117	30.2057	0	1.653e-07	-4.70866e-07	0	0.499038	499038	
41100	7.22516	29.8371	0	4.34627e-07	-2.96746e-06	0	2.99912	2.99912e+06	
41200	7.27916	29.4684	0	4.34627e-07	-2.96746e-06	0	2.99912	2.99912e+06	
41300	7.33315	29.0998	0	4.34627e-07	-2.96746e-06	0	2.99912	2.99912e+06	
41400	7.38714	28.7312	0	4.34627e-07	-2.96746e-06	0	2.99912	2.99912e+06	
41500	7.38956	28.4093	0	4.34627e-07	-2.96746e-06	0	2.99912	2.99912e+06	
41600	7.3484	28.4271	0	7.35433e-08	-2.09189e-07	0	0.22174	221740	
41700	7.3359	28.4197	0	7.35433e-08	-2.09189e-07	0	0.22174	221740	
41800	7.32594	28.4099	0	7.35433e-08	-2.09189e-07	0	0.22174	221740	
41900	7.31659	28.3994	0	7.35433e-08	-2.09189e-07	0	0.22174	221740	
42000	7.3074	28.3885	0	7.35433e-08	-2.09189e-07	0	0.22174	221740	
42100	7.33832	28.415	0	4.3032e-07	6.09984e-08	0	0.434621	434621	
42200	7.36579	28.4451	0	4.3032e-07	6.09984e-08	0	0.434621	434621	
42300	7.39337	28.476	0	4.3032e-07	6.09984e-08	0	0.434621	434621	
42400	7.42182	28.507	0	4.3032e-07	6.09984e-08	0	0.434621	434621	
42500	7.45128	28.5379	0	4.3032e-07	6.09984e-08	0	0.434621	434621	
42600	7.32941	28.5617	0	-9.46954e-07	1.5842e-07	0	0.960114	960114	
42700	7.21175	28.5814	0	-9.46954e-07	1.5842e-07	0	0.960114	960114	
42800	7.09412	28.6011	0	-9.46954e-07	1.5842e-07	0	0.960114	960114	
42900	6.97648	28.6208	0	-9.46954e-07	1.5842e-07	0	0.960114	960114	
43000	6.85885	28.6405	0	-9.46954e-07	1.5842e-07	0	0.960114	960114	
43100	7.05838	28.2405	0	1.60623e-06	-3.22e-06	0	3.59839	3.59839e+06	
43200	7.08051	27.9349	0	1.60623e-06	-3.22e-06	0	3.59839	3.59839e+06	
43300	6.96784	27.6625	0	1.60623e-06	-3.22e-06	0	3.59839	3.59839e+06	
43400	6.88476	27.3318	0	1.60623e-06	-3.22e-06	0	3.59839	3.59839e+06	
43500	6.8537	26.9485	0	1.60623e-06	-3.22e-06	0	3.59839	3.59839e+06	
43600	6.90967	26.5158	0	3.05343e-06	-3.22e-06	0	4.43755	4.43755e+06	
43700	6.87405	26.1629	0	3.05343e-06	-3.22e-06	0	4.43755	4.43755e+06	
43800	6.87749	25.7586	0	3.05343e-06	-3.22e-06	0	4.43755	4.43755e+06	
43900	6.97515	25.2974	0	3.05343e-06	-3.22e-06	0	4.43755	4.43755e+06	
44000	7.19328	24.8216	0	3.05343e-06	-3.22e-06	0	4.43755	4.43755e+06	
44100	7.49444	24.3907	0	2.74537e-06	-3.22e-06	0	4.23148	4.23148e+06	
44200	7.8301	23.9888	0	2.74537e-06	-3.22e-06	0	4.23148	4.23148e+06	
44300	7.90424	23.5599	0	2.74537e-06	-3.22e-06	0	4.23148	4.23148e+06	
44400	8.04705	23.0968	0	2.74537e-06	-3.22e-06	0	4.23148	4.23148e+06	
44500	8.3001	22.6452	0	2.74537e-06	-3.22e-06	0	4.23148	4.23148e+06	
44600	8.60302	22.3576	0	3.22e-06	-1.55387e-06	0	3.57532	3.57532e+06	
44700	8.95275	22.0943	0	3.22e-06	-1.55387e-06	0	3.57532	3.57532e+06	
44800	9.21606	21.8113	0	3.22e-06	-1.55387e-06	0	3.57532	3.57532e+06	
44900	9.46242	21.4957	0	3.22e-06	-1.55387e-06	0	3.57532	3.57532e+06	
45000	9.78318	21.2103	0	3.22e-06	-1.55387e-06	0	3.57532	3.57532e+06	
45100	10.1462	20.9493	0	3.04225e-06	-1.89893e-06	0	3.58626	3.58626e+06	
45200	10.5237	20.7124	0	3.04225e-06	-1.89893e-06	0	3.58626	3.58626e+06	
45300	10.9017	20.4765	0	3.04225e-06	-1.89893e-06	0	3.58626	3.58626e+06	
45400	11.2796	20.2406	0	3.04225e-06	-1.89893e-06	0	3.58626	3.58626e+06	
45500	11.6575	20.0048	0	3.04225e-06	-1.89893e-06	0	3.58626	3.58626e+06	
45600	12.0575	19.6048	0	3.22e-06	-3.22e-06	0	4.55377	4.55377e+06	
45700	12.4575	19.2048	0	3.22e-06	-3.22e-06	0	4.55377	4.55377e+06	
45800	12.8575	18.8048	0	3.22e-06	-3.22e-06	0	4.55377	4.55377e+06	
45900	13.2575	18.4048	0	3.22e-06	-3.22e-06	0	4.55377	4.55377e+06	
46000	13.6575	18.0048	0	3.22e-06	-3.22e-06	0	4.55377	4.55377e+06	
46100	14.0575	17.987	0	3.22e-06	-1.43258e-07	0	3.22319	3.22319e+06	
46200	14.4575	17.9692	0	3.22e-06	-1.43258e-07	0	3.22319	3.22319e+06	
46300	14.8575	17.9514	0	3.22e-06	-1.43258e-07	0	3.22319	3.22319e+06	
46400	15.2575	17.9336	0	3.22e-06	-1.43258e-07	0	3.22319	3.22319e+06	
46500	15.6575	17.9158	0	3.22e-06	-1.43258e-07	0	3.22319	3.22319e+06	
46600	16.0575	17.759	0	3.22e-06	-1.2624e-06	0	3.45862	3.45862e+06	
46700	16.4575	17.6021	0	3.22e-06	-1.2624e-06	0	3.45862	3.45862e+06	
46800	16.8575	17.4453	0	3.22e-06	-1.2624e-06	0	3.45862	3.45862e+06	
46900	17.2575	17.2885	0	3.22e-06	-1.2624e-06	0	3.45862	3.45862e+06	
47000	17.6575	17.1317	0	3.22e-06	-1.2624e-06	0	3.45862	3.45862e+06	
47100	18.0575	16.7317	0	3.22e-06	-3.22e-06	0	4.55377	4.55377e+06	
47200	18.4575	16.3317	0	3.22e-06	-3.22e-06	0	4.55377	4.55377e+06	
47300	18.8575	15.9317	0	3.22e-06	-3.22e-06	0	4.55377	4.55377e+06	
47400	19.2575	15.5317	0	3.22e-06	-3.22e-06	0	4.55377	4.55377e+06	
47500	19.6575	15.1317	0	3.22e-06	-3.22e-06	0	4.55377	4.55377e+06	
47600	19.6296	14.7317	0	-2.24399e-07	-3.22e-06	0	3.22781	3.22781e+06	
47700	19.6017	14.3317	0	-2.24399e-07	-3.22e-06	0	3.22781	3.22781e+06	
47800	19.5739	13.9317	0	-2.24399e-07	-3.22e-06	0	3.22781	3.22781e+06	
47900	19.546	13.5317	0	-2.24399e-07	-3.22e-06	0	3.22781	3.22781e+06	
48000	19.5181	13.1317	0	-2.24399e-07	-3.22e-06	0	3.22781	3.22781e+06	
48100	19.2739	13.0533	0	-1.96588e-06	-6.30971e-07	0	2.06466	2.06466e+06	
48200	19.0297	12.9749	0	-1.96588e-06	-6.30971e-07	0	2.06466	2.06466e+06	
48300	18.7855	12.8965	0	-1.96588e-06	-6.30971e-07	0	2.06466	2.06466e+06	
48400	18.5413	12.8181	0	-1.96588e-06	-6.30971e-07	0	2.06466	2.06466e+06	
48500	18.2971	12.7398	0	-1.96588e-06	-6.30971e-07	0	2.06466	2.06466e+06	
48600	18.1995	12.6276	0	-7.85407e-07	-9.02792e-07	0	1.19662	1.19662e+06	
48700	18.1019	12.5155	0	-7.85407e-07	-9.02792e-07	0	1.19662	1.19662e+06	
48800	18.0044	12.4033	0	-7.85407e-07	-9.02792e-07	0	1.19662	1.19662e+06	
48900	17.9068	12.2912	0	-7.85407e-07	-9.02792e-07	0	1.19662	1.19662e+06	
49000	17.8092	12.179	0	-7.85407e-07	-9.02792e-07	0	1.19662	1.19662e+06	
49100	17.4092	12.0251	0	-3.22e-06	-1.23937e-06	0	3.45028	3.45028e+06	
49200	17.0092	11.8711	0	-3.22e-06	-1.23937e-06	0	3.45028	3.45028e+06	
49300	16.6092	11.7171	0	-3.22e-06	-1.23937e-06	0	3.45028	3.45028e+06	
49400	16.2092	11.5632	0	-3.22e-06	-1.23937e-06	0	3.45028	3.45028e+06	
49500	15.8092	11.4092	0	-3.22e-06	-1.23937e-06	0	3.45028	3.45028e+06	
49600	15.8187	11.0812	0	7.59528e-08	-2.64044e-06	0	2.64153	2.64153e+06	
49700	15.8281	10.7532	0	7.59528e-08	-2.64044e-06	0	2.64153	2.64153e+06	
49800	15.8375	10.4252	0	7.59528e-08	-2.64044e-06	0	2.64153	2.64153e+06	
49900	15.847	10.0972	0	7.59528e-08	-2.64044e-06	0	2.64153	2.64153e+06	
50000	15.8564	9.7692	0	7.59528e-08	-2.64044e-06	0	2.64153	2.64153e+06	
