0	58	51	0	3.22e-06	-9.59313e-07	0	3.35986	3.35986e+06	
100	58.4	51.1154	0	3.22e-06	9.28653e-07	0	3.35124	3.35124e+06	
200	58.8	51.2307	0	3.22e-06	9.28653e-07	0	3.35124	3.35124e+06	
300	59.2	51.3461	0	3.22e-06	9.28653e-07	0	3.35124	3.35124e+06	
400	59.6	51.4614	0	3.22e-06	9.28653e-07	0	3.35124	3.35124e+06	
500	60	51.5768	0	3.22e-06	9.28653e-07	0	3.35124	3.35124e+06	
600	60.4	51.7039	0	3.22e-06	1.02345e-06	0	3.37873	3.37873e+06	
700	60.8	51.8311	0	3.22e-06	1.02345e-06	0	3.37873	3.37873e+06	
800	61.2	51.9582	0	3.22e-06	1.02345e-06	0	3.37873	3.37873e+06	
900	61.6	52.0853	0	3.22e-06	1.02345e-06	0	3.37873	3.37873e+06	
1000	62	52.2125	0	3.22e-06	1.02345e-06	0	3.37873	3.37873e+06	
1100	62.4	52.3328	0	3.22e-06	9.6873e-07	0	3.36256	3.36256e+06	
1200	62.8	52.4532	0	3.22e-06	9.6873e-07	0	3.36256	3.36256e+06	
1300	63.2	52.5735	0	3.22e-06	9.6873e-07	0	3.36256	3.36256e+06	
1400	63.6	52.6938	0	3.22e-06	9.6873e-07	0	3.36256	3.36256e+06	
1500	64	52.8142	0	3.22e-06	9.6873e-07	0	3.36256	3.36256e+06	
1600	64.2953	53.2142	0	2.3771e-06	3.22e-06	0	4.00238	4.00238e+06	
1700	64.5906	53.6142	0	2.3771e-06	3.22e-06	0	4.00238	4.00238e+06	
1800	64.8859	54.0142	0	2.3771e-06	3.22e-06	0	4.00238	4.00238e+06	
1900	65.1812	54.4142	0	2.3771e-06	3.22e-06	0	4.00238	4.00238e+06	
2000	65.4765	54.8142	0	2.3771e-06	3.22e-06	0	4.00238	4.00238e+06	
2100	65.8293	55.2142	0	2.84053e-06	3.22e-06	0	4.29384	4.29384e+06	
2200	66.1822	55.6142	0	2.84053e-06	3.22e-06	0	4.29384	4.29384e+06	
2300	66.535	56.0142	0	2.84053e-06	3.22e-06	0	4.29384	4.29384e+06	
2400	66.8879	56.4142	0	2.84053e-06	3.22e-06	0	4.29384	4.29384e+06	
2500	67.2408	56.8142	0	2.84053e-06	3.22e-06	0	4.29384	4.29384e+06	
2600	67.4866	57.2142	0	1.9791e-06	3.22e-06	0	3.77958	3.77958e+06	
2700	67.7325	57.6142	0	1.9791e-06	3.22e-06	0	3.77958	3.77958e+06	
2800	67.9783	58.0142	0	1.9791e-06	3.22e-06	0	3.77958	3.77958e+06	
2900	68.2242	58.4142	0	1.9791e-06	3.22e-06	0	3.77958	3.77958e+06	
3000	68.47	58.8142	0	1.9791e-06	3.22e-06	0	3.77958	3.77958e+06	
3100	68.7652	59.2142	0	2.37608e-06	3.22e-06	0	4.00177	4.00177e+06	
3200	69.0604	59.6142	0	2.37608e-06	3.22e-06	0	4.00177	4.00177e+06	
3300	69.3555	60.0142	0	2.37608e-06	3.22e-06	0	4.00177	4.00177e+06	
3400	69.6507	60.4142	0	2.37608e-06	3.22e-06	0	4.00177	4.00177e+06	
3500	69.9458	60.8142	0	2.37608e-06	3.22e-06	0	4.00177	4.00177e+06	
3600	70.3458	61.1821	0	3.22e-06	2.96204e-06	0	4.37517	4.37517e+06	
3700	70.7458	61.5501	0	3.22e-06	2.96204e-06	0	4.37517	4.37517e+06	
3800	71.1458	61.918	0	3.22e-06	2.96204e-06	0	4.37517	4.37517e+06	
3900	71.5458	62.286	0	3.22e-06	2.96204e-06	0	4.37517	4.37517e+06	
4000	71.9458	62.654	0	3.22e-06	2.96204e-06	0	4.37517	4.37517e+06	
4100	72.3458	62.5536	0	3.22e-06	-8.07674e-07	0	3.31975	3.31975e+06	
4200	72.7458	62.4533	0	3.22e-06	-8.07674e-07	0	3.31975	3.31975e+06	
4300	73.1458	62.353	0	3.22e-06	-8.07674e-07	0	3.31975	3.31975e+06	
4400	73.5458	62.2526	0	3.22e-06	-8.07674e-07	0	3.31975	3.31975e+06	
4500	73.8731	62.158	0	3.22e-06	-8.07674e-07	0	3.31975	3.31975e+06	
4600	73.9105	62.4705	0	3.22e-06	2.16241e-06	0	3.87871	3.87871e+06	
4700	73.8909	62.6934	0	3.22e-06	2.16241e-06	0	3.87871	3.87871e+06	
4800	73.8692	62.9232	0	3.22e-06	2.16241e-06	0	3.87871	3.87871e+06	
4900	73.8755	63.2019	0	3.22e-06	2.16241e-06	0	3.87871	3.87871e+06	
5000	73.9128	63.511	0	3.22e-06	2.16241e-06	0	3.87871	3.87871e+06	
5100	73.8924	63.6804	0	3.22e-06	1.79891e-06	0	3.68843	3.68843e+06	
5200	73.8727	63.8581	0	3.22e-06	1.79891e-06	0	3.68843	3.68843e+06	
5300	73.8682	64.0741	0	3.22e-06	1.79891e-06	0	3.68843	3.68843e+06	
5400	73.891	64.332	0	3.22e-06	1.79891e-06	0	3.68843	3.68843e+06	
5500	73.9088	64.5705	0	3.22e-06	1.79891e-06	0	3.68843	3.68843e+06	
5600	73.9127	64.4807	0	3.22e-06	-5.94065e-07	0	3.27434	3.27434e+06	
5700	73.9095	64.4416	0	3.22e-06	-5.94065e-07	0	3.27434	3.27434e+06	
5800	73.9065	64.4193	0	3.22e-06	-5.94065e-07	0	3.27434	3.27434e+06	
5900	73.9042	64.4031	0	3.22e-06	-5.94065e-07	0	3.27434	3.27434e+06	
6000	73.9021	64.3896	0	3.22e-06	-5.94065e-07	0	3.27434	3.27434e+06	
6100	73.9119	64.4729	0	3.22e-06	3.04067e-07	0	3.23432	3.23432e+06	
6200	73.9128	64.5139	0	3.22e-06	3.04067e-07	0	3.23432	3.23432e+06	
6300	73.912	64.5306	0	3.22e-06	3.04067e-07	0	3.23432	3.23432e+06	
6400	73.9114	64.538	0	3.22e-06	3.04067e-07	0	3.23432	3.23432e+06	
6500	73.9111	64.5415	0	3.22e-06	3.04067e-07	0	3.23432	3.23432e+06	
6600	73.912	64.5288	0	3.22e-06	1.3894e-07	0	3.223	3.223e+06	
6700	73.9124	64.523	0	3.22e-06	1.3894e-07	0	3.223	3.223e+06	
6800	73.9125	64.5206	0	3.22e-06	1.3894e-07	0	3.223	3.223e+06	
6900	73.9126	64.5196	0	3.22e-06	1.3894e-07	0	3.223	3.223e+06	
7000	73.9126	64.5191	0	3.22e-06	1.3894e-07	0	3.223	3.223e+06	
7100	73.908	64.4277	0	3.22e-06	-9.4807e-07	0	3.35667	3.35667e+06	
7200	73.8994	64.37	0	3.22e-06	-9.4807e-07	0	3.35667	3.35667e+06	
7300	73.8908	64.3136	0	3.22e-06	-9.4807e-07	0	3.35667	3.35667e+06	
7400	73.8823	64.2491	0	3.22e-06	-9.4807e-07	0	3.35667	3.35667e+06	
7500	73.8746	64.1717	0	3.22e-06	-9.4807e-07	0	3.35667	3.35667e+06	
7600	73.8939	64.3472	0	3.22e-06	1.05168e-06	0	3.38739	3.38739e+06	
7700	73.9129	64.5137	0	3.22e-06	1.05168e-06	0	3.38739	3.38739e+06	
7800	73.9042	64.5996	0	3.22e-06	1.05168e-06	0	3.38739	3.38739e+06	
7900	73.8937	64.6677	0	3.22e-06	1.05168e-06	0	3.38739	3.38739e+06	
8000	73.8834	64.7427	0	3.22e-06	1.05168e-06	0	3.38739	3.38739e+06	
8100	73.8904	64.683	0	3.22e-06	-6.40161e-08	0	3.22064	3.22064e+06	
8200	73.9006	64.6162	0	3.22e-06	-6.40161e-08	0	3.22064	3.22064e+06	
8300	73.9094	64.5547	0	3.22e-06	-6.40161e-08	0	3.22064	3.22064e+06	
8400	73.9126	64.5176	0	3.22e-06	-6.40161e-08	0	3.22064	3.22064e+06	
8500	73.913	64.5017	0	3.22e-06	-6.40161e-08	0	3.22064	3.22064e+06	
8600	73.9027	64.6106	0	3.22e-06	1.22728e-06	0	3.44596	3.44596e+06	
8700	73.889	64.7013	0	3.22e-06	1.22728e-06	0	3.44596	3.44596e+06	
8800	73.8767	64.8061	0	3.22e-06	1.22728e-06	0	3.44596	3.44596e+06	
8900	73.8686	64.9331	0	3.22e-06	1.22728e-06	0	3.44596	3.44596e+06	
9000	73.8687	65.0867	0	3.22e-06	1.22728e-06	0	3.44596	3.44596e+06	
9100	73.8825	65.276	0	3.01856e-06	1.28365e-06	0	3.28017	3.28017e+06	
9200	73.9106	65.4806	0	3.01856e-06	1.28365e-06	0	3.28017	3.28017e+06	
9300	73.9021	65.6064	0	3.01856e-06	1.28365e-06	0	3.28017	3.28017e+06	
9400	73.8869	65.7079	0	3.01856e-06	1.28365e-06	0	3.28017	3.28017e+06	
9500	73.8741	65.8191	0	3.01856e-06	1.28365e-06	0	3.28017	3.28017e+06	
9600	73.8713	65.8588	0	3.22e-06	1.93937e-06	0	3.75893	3.75893e+06	
9700	73.8713	65.8588	0	3.22e-06	1.93937e-06	0	3.75893	3.75893e+06	
9800	73.8713	65.8588	0	3.22e-06	1.93937e-06	0	3.75893	3.75893e+06	
9900	73.8713	65.8588	0	3.22e-06	1.93937e-06	0	3.75893	3.75893e+06	
10000	73.8713	65.8588	0	3.22e-06	1.93937e-06	0	3.75893	3.75893e+06	
10100	73.8705	65.8665	0	3.22e-06	2.73726e-06	0	4.22623	4.22623e+06	
10200	73.8705	65.8665	0	3.22e-06	2.73726e-06	0	4.22623	4.22623e+06	
10300	73.8705	65.8665	0	3.22e-06	2.73726e-06	0	4.22623	4.22623e+06	
10400	73.8705	65.8665	0	3.22e-06	2.73726e-06	0	4.22623	4.22623e+06	
10500	73.8705	65.8665	0	3.22e-06	2.73726e-06	0	4.22623	4.22623e+06	
10600	73.8793	65.7714	0	3.22e-06	-1.74199e-07	0	3.22471	3.22471e+06	
10700	73.8878	65.7013	0	3.22e-06	-1.74199e-07	0	3.22471	3.22471e+06	
10800	73.8995	65.6221	0	3.22e-06	-1.74199e-07	0	3.22471	3.22471e+06	
10900	73.9101	65.548	0	3.22e-06	-1.74199e-07	0	3.22471	3.22471e+06	
11000	73.913	65.5053	0	3.22e-06	-1.74199e-07	0	3.22471	3.22471e+06	
11100	73.8738	65.8466	0	3.22e-06	3.22e-06	0	4.55377	4.55377e+06	
11200	73.8701	65.8701	0	3.22e-06	3.22e-06	0	4.55377	4.55377e+06	
11300	73.8701	65.8701	0	3.22e-06	3.22e-06	0	4.55377	4.55377e+06	
11400	73.8701	65.8701	0	3.22e-06	3.22e-06	0	4.55377	4.55377e+06	
11500	73.8701	65.8701	0	3.22e-06	3.22e-06	0	4.55377	4.55377e+06	
11600	73.8731	65.8395	0	3.22e-06	8.95464e-07	0	3.34219	3.34219e+06	
11700	73.8731	65.8392	0	3.22e-06	8.95464e-07	0	3.34219	3.34219e+06	
11800	73.8731	65.8392	0	3.22e-06	8.95464e-07	0	3.34219	3.34219e+06	
11900	73.8731	65.8392	0	3.22e-06	8.95464e-07	0	3.34219	3.34219e+06	
12000	73.8731	65.8392	0	3.22e-06	8.95464e-07	0	3.34219	3.34219e+06	
12100	73.8709	65.863	0	3.22e-06	2.3405e-06	0	3.98075	3.98075e+06	
12200	73.8709	65.863	0	3.22e-06	2.3405e-06	0	3.98075	3.98075e+06	
12300	73.8709	65.863	0	3.22e-06	2.3405e-06	0	3.98075	3.98075e+06	
12400	73.8709	65.863	0	3.22e-06	2.3405e-06	0	3.98075	3.98075e+06	
12500	73.8709	65.863	0	3.22e-06	2.3405e-06	0	3.98075	3.98075e+06	
12600	73.8725	65.8468	0	3.22e-06	1.18473e-06	0	3.43103	3.43103e+06	
12700	73.8725	65.8468	0	3.22e-06	1.18473e-06	0	3.43103	3.43103e+06	
12800	73.8725	65.8468	0	3.22e-06	1.18473e-06	0	3.43103	3.43103e+06	
12900	73.8725	65.8468	0	3.22e-06	1.18473e-06	0	3.43103	3.43103e+06	
13000	73.8725	65.8468	0	3.22e-06	1.18473e-06	0	3.43103	3.43103e+06	
13100	73.8706	65.8657	0	3.22e-06	2.64204e-06	0	4.16519	4.16519e+06	
13200	73.8706	65.8657	0	3.22e-06	2.64204e-06	0	4.16519	4.16519e+06	
13300	73.8706	65.8657	0	3.22e-06	2.64204e-06	0	4.16519	4.16519e+06	
13400	73.8706	65.8657	0	3.22e-06	2.64204e-06	0	4.16519	4.16519e+06	
13500	73.8706	65.8657	0	3.22e-06	2.64204e-06	0	4.16519	4.16519e+06	
13600	73.8701	65.8701	0	3.22e-06	3.22e-06	0	4.55377	4.55377e+06	
13700	73.8701	65.8701	0	3.22e-06	3.22e-06	0	4.55377	4.55377e+06	
13800	73.8701	65.8701	0	3.22e-06	3.22e-06	0	4.55377	4.55377e+06	
13900	73.8701	65.8701	0	3.22e-06	3.22e-06	0	4.55377	4.55377e+06	
14000	73.8701	65.8701	0	3.22e-06	3.22e-06	0	4.55377	4.55377e+06	
14100	73.8701	65.8701	0	3.22e-06	3.22e-06	0	4.55377	4.55377e+06	
14200	73.8701	65.8701	0	3.22e-06	3.22e-06	0	4.55377	4.55377e+06	
14300	73.8701	65.8701	0	3.22e-06	3.22e-06	0	4.55377	4.55377e+06	
14400	73.8701	65.8701	0	3.22e-06	3.22e-06	0	4.55377	4.55377e+06	
14500	73.8701	65.8701	0	3.22e-06	3.22e-06	0	4.55377	4.55377e+06	
14600	73.8701	65.8701	0	3.22e-06	3.22e-06	0	4.55377	4.55377e+06	
14700	73.8701	65.8701	0	3.22e-06	3.22e-06	0	4.55377	4.55377e+06	
14800	73.8701	65.8701	0	3.22e-06	3.22e-06	0	4.55377	4.55377e+06	
14900	73.8701	65.8701	0	3.22e-06	3.22e-06	0	4.55377	4.55377e+06	
15000	73.8701	65.8701	0	3.22e-06	3.22e-06	0	4.55377	4.55377e+06	
15100	73.8701	65.8701	0	3.22e-06	3.22e-06	0	4.55377	4.55377e+06	
15200	73.8701	65.8701	0	3.22e-06	3.22e-06	0	4.55377	4.55377e+06	
15300	73.8701	65.8701	0	3.22e-06	3.22e-06	0	4.55377	4.55377e+06	
15400	73.8701	65.8701	0	3.22e-06	3.22e-06	0	4.55377	4.55377e+06	
15500	73.8701	65.8701	0	3.22e-06	3.22e-06	0	4.55377	4.55377e+06	
15600	73.8743	65.8252	0	3.22e-06	5.27999e-07	0	3.263	3.263e+06	
15700	73.8747	65.8215	0	3.22e-06	5.27999e-07	0	3.263	3.263e+06	
15800	73.8748	65.8207	0	3.22e-06	5.27999e-07	0	3.263	3.263e+06	
15900	73.8748	65.8205	0	3.22e-06	5.27999e-07	0	3.263	3.263e+06	
16000	73.8748	65.8204	0	3.22e-06	5.27999e-07	0	3.263	3.263e+06	
16100	73.8807	65.7587	0	3.22e-06	-1.07297e-07	0	3.22179	3.22179e+06	
16200	73.8886	65.6955	0	3.22e-06	-1.07297e-07	0	3.22179	3.22179e+06	
16300	73.8993	65.6242	0	3.22e-06	-1.07297e-07	0	3.22179	3.22179e+06	
16400	73.9092	65.5564	0	3.22e-06	-1.07297e-07	0	3.22179	3.22179e+06	
16500	73.9127	65.5148	0	3.22e-06	-1.07297e-07	0	3.22179	3.22179e+06	
16600	73.9117	65.4651	0	3.22e-06	-4.97818e-07	0	3.25825	3.25825e+06	
16700	73.9095	65.4425	0	3.22e-06	-4.97818e-07	0	3.25825	3.25825e+06	
16800	73.9079	65.4295	0	3.22e-06	-4.97818e-07	0	3.25825	3.25825e+06	
16900	73.9067	65.4209	0	3.22e-06	-4.97818e-07	0	3.25825	3.25825e+06	
17000	73.9058	65.4147	0	3.22e-06	-4.97818e-07	0	3.25825	3.25825e+06	
17100	73.9089	65.4389	0	3.22e-06	-2.21117e-07	0	3.22758	3.22758e+06	
17200	73.9106	65.4538	0	3.22e-06	-2.21117e-07	0	3.22758	3.22758e+06	
17300	73.9113	65.4618	0	3.22e-06	-2.21117e-07	0	3.22758	3.22758e+06	
17400	73.9116	65.4657	0	3.22e-06	-2.21117e-07	0	3.22758	3.22758e+06	
17500	73.9118	65.4675	0	3.22e-06	-2.21117e-07	0	3.22758	3.22758e+06	
17600	73.8718	65.1198	0	3.22e-06	-3.22e-06	0	4.55377	4.55377e+06	
17700	73.8845	64.7069	0	3.22e-06	-3.22e-06	0	4.55377	4.55377e+06	
17800	73.8931	64.316	0	3.22e-06	-3.22e-06	0	4.55377	4.55377e+06	
17900	73.8676	63.9443	0	3.22e-06	-3.22e-06	0	4.55377	4.55377e+06	
18000	73.9114	63.5092	0	3.22e-06	-3.22e-06	0	4.55377	4.55377e+06	
18100	73.9043	63.599	0	3.22e-06	1.07098e-06	0	3.39343	3.39343e+06	
18200	73.8934	63.6695	0	3.22e-06	1.07098e-06	0	3.39343	3.39343e+06	
18300	73.8829	63.7473	0	3.22e-06	1.07098e-06	0	3.39343	3.39343e+06	
18400	73.8737	63.8405	0	3.22e-06	1.07098e-06	0	3.39343	3.39343e+06	
18500	73.8679	63.9535	0	3.22e-06	1.07098e-06	0	3.39343	3.39343e+06	
18600	73.8787	64.2357	0	3.22e-06	2.14399e-06	0	3.86848	3.86848e+06	
18700	73.9122	64.5365	0	3.22e-06	2.14399e-06	0	3.86848	3.86848e+06	
18800	73.884	64.7441	0	3.22e-06	2.14399e-06	0	3.86848	3.86848e+06	
18900	73.8675	64.9825	0	3.22e-06	2.14399e-06	0	3.86848	3.86848e+06	
19000	73.8825	65.2701	0	3.22e-06	2.14399e-06	0	3.86848	3.86848e+06	
19100	73.8794	65.2236	0	3.22e-06	-7.48756e-07	0	3.30591	3.30591e+06	
19200	73.8742	65.168	0	3.22e-06	-7.48756e-07	0	3.30591	3.30591e+06	
19300	73.8698	65.1008	0	3.22e-06	-7.48756e-07	0	3.30591	3.30591e+06	
19400	73.8674	65.0194	0	3.22e-06	-7.48756e-07	0	3.30591	3.30591e+06	
19500	73.8685	64.9212	0	3.22e-06	-7.48756e-07	0	3.30591	3.30591e+06	
19600	73.8673	65.0054	0	3.22e-06	7.35972e-07	0	3.30304	3.30304e+06	
19700	73.8697	65.1069	0	3.22e-06	7.35972e-07	0	3.30304	3.30304e+06	
19800	73.8789	65.2286	0	3.22e-06	7.35972e-07	0	3.30304	3.30304e+06	
19900	73.8979	65.3712	0	3.22e-06	7.35972e-07	0	3.30304	3.30304e+06	
20000	73.913	65.5005	0	3.22e-06	7.35972e-07	0	3.30304	3.30304e+06	
20100	73.8894	65.7031	0	3.22e-06	2.05753e-06	0	3.82124	3.82124e+06	
20200	73.8714	65.8591	0	3.22e-06	2.05753e-06	0	3.82124	3.82124e+06	
20300	73.8712	65.8601	0	3.22e-06	2.05753e-06	0	3.82124	3.82124e+06	
20400	73.8712	65.8601	0	3.22e-06	2.05753e-06	0	3.82124	3.82124e+06	
20500	73.8712	65.8601	0	3.22e-06	2.05753e-06	0	3.82124	3.82124e+06	
20600	73.8717	65.8553	0	3.22e-06	1.67005e-06	0	3.62732	3.62732e+06	
20700	73.8717	65.8553	0	3.22e-06	1.67005e-06	0	3.62732	3.62732e+06	
20800	73.8717	65.8553	0	3.22e-06	1.67005e-06	0	3.62732	3.62732e+06	
20900	73.8717	65.8553	0	3.22e-06	1.67005e-06	0	3.62732	3.62732e+06	
21000	73.8717	65.8553	0	3.22e-06	1.67005e-06	0	3.62732	3.62732e+06	
21100	73.8748	65.8201	0	3.22e-06	4.44973e-07	0	3.2506	3.2506e+06	
21200	73.8753	65.8144	0	3.22e-06	4.44973e-07	0	3.2506	3.2506e+06	
21300	73.8755	65.8123	0	3.22e-06	4.44973e-07	0	3.2506	3.2506e+06	
21400	73.8756	65.8115	0	3.22e-06	4.44973e-07	0	3.2506	3.2506e+06	
21500	73.8756	65.8111	0	3.22e-06	4.44973e-07	0	3.2506	3.2506e+06	
21600	73.8704	65.8673	0	3.22e-06	2.83848e-06	0	4.29248	4.29248e+06	
21700	73.8704	65.8673	0	3.22e-06	2.83848e-06	0	4.29248	4.29248e+06	
21800	73.8704	65.8673	0	3.22e-06	2.83848e-06	0	4.29248	4.29248e+06	
21900	73.8704	65.8673	0	3.22e-06	2.83848e-06	0	4.29248	4.29248e+06	
22000	73.8704	65.8673	0	3.22e-06	2.83848e-06	0	4.29248	4.29248e+06	
22100	73.8737	65.8327	0	3.22e-06	6.98641e-07	0	3.29492	3.29492e+06	
22200	73.8738	65.8315	0	3.22e-06	6.98641e-07	0	3.29492	3.29492e+06	
22300	73.8738	65.8314	0	3.22e-06	6.98641e-07	0	3.29492	3.29492e+06	
22400	73.8738	65.8314	0	3.22e-06	6.98641e-07	0	3.29492	3.29492e+06	
22500	73.8738	65.8314	0	3.22e-06	6.98641e-07	0	3.29492	3.29492e+06	
22600	73.876	65.8068	0	3.22e-06	3.04911e-07	0	3.2344	3.2344e+06	
22700	73.8771	65.7953	0	3.22e-06	3.04911e-07	0	3.2344	3.2344e+06	
22800	73.878	65.7867	0	3.22e-06	3.04911e-07	0	3.2344	3.2344e+06	
22900	73.8788	65.779	0	3.22e-06	3.04911e-07	0	3.2344	3.2344e+06	
23000	73.8796	65.7715	0	3.22e-06	3.04911e-07	0	3.2344	3.2344e+06	
23100	73.7911	65.856	0	-2.53739e-07	1.19804e-06	0	1.22462	1.22462e+06	
23200	73.7416	65.8623	0	-2.53739e-07	1.19804e-06	0	1.22462	1.22462e+06	
23300	73.6915	65.8687	0	-2.53739e-07	1.19804e-06	0	1.22462	1.22462e+06	
23400	73.6392	65.8763	0	-2.53739e-07	1.19804e-06	0	1.22462	1.22462e+06	
23500	73.5868	65.8843	0	-2.53739e-07	1.19804e-06	0	1.22462	1.22462e+06	
23600	73.3287	65.8863	0	-2.23164e-06	2.07435e-06	0	3.04682	3.04682e+06	
23700	73.079	65.8609	0	-2.23164e-06	2.07435e-06	0	3.04682	3.04682e+06	
23800	72.7952	65.8663	0	-2.23164e-06	2.07435e-06	0	3.04682	3.04682e+06	
23900	72.4929	65.9031	0	-2.23164e-06	2.07435e-06	0	3.04682	3.04682e+06	
24000	72.2519	65.8756	0	-2.23164e-06	2.07435e-06	0	3.04682	3.04682e+06	
24100	71.8872	65.7513	0	-2.96105e-06	-7.20813e-07	0	3.04752	3.04752e+06	
24200	71.5194	65.6616	0	-2.96105e-06	-7.20813e-07	0	3.04752	3.04752e+06	
24300	71.1515	65.5721	0	-2.96105e-06	-7.20813e-07	0	3.04752	3.04752e+06	
24400	70.7837	65.4825	0	-2.96105e-06	-7.20813e-07	0	3.04752	3.04752e+06	
24500	70.4159	65.393	0	-2.96105e-06	-7.20813e-07	0	3.04752	3.04752e+06	
24600	70.262	64.993	0	-1.23846e-06	-3.22e-06	0	3.44995	3.44995e+06	
24700	70.1082	64.593	0	-1.23846e-06	-3.22e-06	0	3.44995	3.44995e+06	
24800	69.9543	64.193	0	-1.23846e-06	-3.22e-06	0	3.44995	3.44995e+06	
24900	69.8005	63.793	0	-1.23846e-06	-3.22e-06	0	3.44995	3.44995e+06	
25000	69.6466	63.393	0	-1.23846e-06	-3.22e-06	0	3.44995	3.44995e+06	
25100	69.4865	63.1625	0	-1.28937e-06	-1.85523e-06	0	2.25928	2.25928e+06	
25200	69.3263	62.9321	0	-1.28937e-06	-1.85523e-06	0	2.25928	2.25928e+06	
25300	69.1661	62.7016	0	-1.28937e-06	-1.85523e-06	0	2.25928	2.25928e+06	
25400	69.006	62.4711	0	-1.28937e-06	-1.85523e-06	0	2.25928	2.25928e+06	
25500	68.8458	62.2407	0	-1.28937e-06	-1.85523e-06	0	2.25928	2.25928e+06	
25600	68.8913	62.4232	0	3.66269e-07	1.46965e-06	0	1.51461	1.51461e+06	
25700	68.9368	62.6058	0	3.66269e-07	1.46965e-06	0	1.51461	1.51461e+06	
25800	68.9823	62.7884	0	3.66269e-07	1.46965e-06	0	1.51461	1.51461e+06	
25900	69.0278	62.9709	0	3.66269e-07	1.46965e-06	0	1.51461	1.51461e+06	
26000	69.0733	63.1535	0	3.66269e-07	1.46965e-06	0	1.51461	1.51461e+06	
26100	69.1651	63.0549	0	7.3901e-07	-7.93953e-07	0	1.08466	1.08466e+06	
26200	69.2569	62.9563	0	7.3901e-07	-7.93953e-07	0	1.08466	1.08466e+06	
26300	69.3487	62.8576	0	7.3901e-07	-7.93953e-07	0	1.08466	1.08466e+06	
26400	69.4405	62.759	0	7.3901e-07	-7.93953e-07	0	1.08466	1.08466e+06	
26500	69.5323	62.6604	0	7.3901e-07	-7.93953e-07	0	1.08466	1.08466e+06	
26600	69.9323	62.4192	0	3.22e-06	-1.94099e-06	0	3.75977	3.75977e+06	
26700	70.3323	62.1781	0	3.22e-06	-1.94099e-06	0	3.75977	3.75977e+06	
26800	70.7323	61.937	0	3.22e-06	-1.94099e-06	0	3.75977	3.75977e+06	
26900	71.1323	61.6959	0	3.22e-06	-1.94099e-06	0	3.75977	3.75977e+06	
27000	71.5323	61.4548	0	3.22e-06	-1.94099e-06	0	3.75977	3.75977e+06	
27100	71.9323	61.4651	0	3.22e-06	8.28261e-08	0	3.22107	3.22107e+06	
27200	72.3323	61.4754	0	3.22e-06	8.28261e-08	0	3.22107	3.22107e+06	
27300	72.7323	61.4856	0	3.22e-06	8.28261e-08	0	3.22107	3.22107e+06	
27400	73.1323	61.4959	0	3.22e-06	8.28261e-08	0	3.22107	3.22107e+06	
27500	73.5323	61.5062	0	3.22e-06	8.28261e-08	0	3.22107	3.22107e+06	
27600	73.8786	61.7839	0	3.22e-06	2.28336e-06	0	3.94742	3.94742e+06	
27700	73.8676	62.0502	0	3.22e-06	2.28336e-06	0	3.94742	3.94742e+06	
27800	73.8958	62.368	0	3.22e-06	2.28336e-06	0	3.94742	3.94742e+06	
27900	73.8992	62.6389	0	3.22e-06	2.28336e-06	0	3.94742	3.94742e+06	
28000	73.8719	62.8737	0	3.22e-06	2.28336e-06	0	3.94742	3.94742e+06	
28100	73.8703	63.1267	0	3.22e-06	2.0466e-06	0	3.81536	3.81536e+06	
28200	73.9046	63.4238	0	3.22e-06	2.0466e-06	0	3.81536	3.81536e+06	
28300	73.8973	63.6497	0	3.22e-06	2.0466e-06	0	3.81536	3.81536e+06	
28400	73.8731	63.8547	0	3.22e-06	2.0466e-06	0	3.81536	3.81536e+06	
28500	73.8692	64.1037	0	3.22e-06	2.0466e-06	0	3.81536	3.81536e+06	
28600	73.9106	64.4762	0	3.22e-06	2.67971e-06	0	4.18918	4.18918e+06	
28700	73.8825	64.7597	0	3.22e-06	2.67971e-06	0	4.18918	4.18918e+06	
28800	73.8681	65.0747	0	3.22e-06	2.67971e-06	0	4.18918	4.18918e+06	
28900	73.9071	65.4459	0	3.22e-06	2.67971e-06	0	4.18918	4.18918e+06	
29000	73.8854	65.7363	0	3.22e-06	2.67971e-06	0	4.18918	4.18918e+06	
29100	73.8797	65.7725	0	3.22e-06	6.78108e-07	0	3.29063	3.29063e+06	
29200	73.876	65.8088	0	3.22e-06	6.78108e-07	0	3.29063	3.29063e+06	
29300	73.8742	65.827	0	3.22e-06	6.78108e-07	0	3.29063	3.29063e+06	
29400	73.8739	65.8301	0	3.22e-06	6.78108e-07	0	3.29063	3.29063e+06	
29500	73.8739	65.8304	0	3.22e-06	6.78108e-07	0	3.29063	3.29063e+06	
29600	73.9026	65.5939	0	3.22e-06	-1.49e-06	0	3.54803	3.54803e+06	
29700	73.9067	65.4152	0	3.22e-06	-1.49e-06	0	3.54803	3.54803e+06	
29800	73.8883	65.2921	0	3.22e-06	-1.49e-06	0	3.54803	3.54803e+06	
29900	73.8732	65.1504	0	3.22e-06	-1.49e-06	0	3.54803	3.54803e+06	
30000	73.8673	64.9784	0	3.22e-06	-1.49e-06	0	3.54803	3.54803e+06	
30100	73.8805	64.7506	0	3.22e-06	-1.64439e-06	0	3.61558	3.61558e+06	
30200	73.9127	64.5019	0	3.22e-06	-1.64439e-06	0	3.61558	3.61558e+06	
30300	73.8964	64.3467	0	3.22e-06	-1.64439e-06	0	3.61558	3.61558e+06	
30400	73.8771	64.1952	0	3.22e-06	-1.64439e-06	0	3.61558	3.61558e+06	
30500	73.8674	64.0116	0	3.22e-06	-1.64439e-06	0	3.61558	3.61558e+06	
30600	73.8749	64.1891	0	3.22e-06	1.28607e-06	0	3.46733	3.46733e+06	
30700	73.9014	64.397	0	3.22e-06	1.28607e-06	0	3.46733	3.46733e+06	
30800	73.9095	64.5619	0	3.22e-06	1.28607e-06	0	3.46733	3.46733e+06	
30900	73.8949	64.6608	0	3.22e-06	1.28607e-06	0	3.46733	3.46733e+06	
31000	73.8809	64.7658	0	3.22e-06	1.28607e-06	0	3.46733	3.46733e+06	
31100	73.8902	64.6835	0	3.22e-06	-2.64664e-07	0	3.23086	3.23086e+06	
31200	73.904	64.5924	0	3.22e-06	-2.64664e-07	0	3.23086	3.23086e+06	
31300	73.9124	64.5199	0	3.22e-06	-2.64664e-07	0	3.23086	3.23086e+06	
31400	73.9128	64.4864	0	3.22e-06	-2.64664e-07	0	3.23086	3.23086e+06	
31500	73.9122	64.4729	0	3.22e-06	-2.64664e-07	0	3.23086	3.23086e+06	
31600	73.9129	64.4925	0	3.22e-06	4.05354e-08	0	3.22026	3.22026e+06	
31700	73.913	64.5004	0	3.22e-06	4.05354e-08	0	3.22026	3.22026e+06	
31800	73.913	64.5034	0	3.22e-06	4.05354e-08	0	3.22026	3.22026e+06	
31900	73.913	64.5046	0	3.22e-06	4.05354e-08	0	3.22026	3.22026e+06	
32000	73.913	64.5051	0	3.22e-06	4.05354e-08	0	3.22026	3.22026e+06	
32100	73.8961	64.3448	0	3.22e-06	-1.6804e-06	0	3.6321	3.6321e+06	
32200	73.8764	64.1881	0	3.22e-06	-1.6804e-06	0	3.6321	3.6321e+06	
32300	73.8673	63.9981	0	3.22e-06	-1.6804e-06	0	3.6321	3.6321e+06	
32400	73.8785	63.7692	0	3.22e-06	-1.6804e-06	0	3.6321	3.6321e+06	
32500	73.9121	63.5143	0	3.22e-06	-1.6804e-06	0	3.6321	3.6321e+06	
32600	73.8963	63.6536	0	3.22e-06	1.54664e-06	0	3.57218	3.57218e+06	
32700	73.8782	63.792	0	3.22e-06	1.54664e-06	0	3.57218	3.57218e+06	
32800	73.8679	63.9595	0	3.22e-06	1.54664e-06	0	3.57218	3.57218e+06	
32900	73.8727	64.1619	0	3.22e-06	1.54664e-06	0	3.57218	3.57218e+06	
33000	73.9015	64.3998	0	3.22e-06	1.54664e-06	0	3.57218	3.57218e+06	
33100	73.9052	64.5963	0	3.22e-06	1.65121e-06	0	3.61869	3.61869e+06	
33200	73.8841	64.7407	0	3.22e-06	1.65121e-06	0	3.61869	3.61869e+06	
33300	73.8695	64.9113	0	3.22e-06	1.65121e-06	0	3.61869	3.61869e+06	
33400	73.87	65.1182	0	3.22e-06	1.65121e-06	0	3.61869	3.61869e+06	
33500	73.8958	65.3637	0	3.22e-06	1.65121e-06	0	3.61869	3.61869e+06	
33600	73.8751	65.1711	0	3.22e-06	-1.96873e-06	0	3.77416	3.77416e+06	
33700	73.8679	64.9382	0	3.22e-06	-1.96873e-06	0	3.77416	3.77416e+06	
33800	73.892	64.6599	0	3.22e-06	-1.96873e-06	0	3.77416	3.77416e+06	
33900	73.9062	64.409	0	3.22e-06	-1.96873e-06	0	3.77416	3.77416e+06	
34000	73.8801	64.2235	0	3.22e-06	-1.96873e-06	0	3.77416	3.77416e+06	
34100	73.907	64.4346	0	3.22e-06	1.2894e-06	0	3.46857	3.46857e+06	
34200	73.9071	64.5812	0	3.22e-06	1.2894e-06	0	3.46857	3.46857e+06	
34300	73.8922	64.6791	0	3.22e-06	1.2894e-06	0	3.46857	3.46857e+06	
34400	73.8785	64.7878	0	3.22e-06	1.2894e-06	0	3.46857	3.46857e+06	
34500	73.8691	64.9193	0	3.22e-06	1.2894e-06	0	3.46857	3.46857e+06	
34600	73.8729	64.8408	0	3.22e-06	-4.5552e-07	0	3.25206	3.25206e+06	
34700	73.8818	64.7468	0	3.22e-06	-4.5552e-07	0	3.25206	3.25206e+06	
34800	73.8969	64.6369	0	3.22e-06	-4.5552e-07	0	3.25206	3.25206e+06	
34900	73.9115	64.531	0	3.22e-06	-4.5552e-07	0	3.25206	3.25206e+06	
35000	73.9124	64.4753	0	3.22e-06	-4.5552e-07	0	3.25206	3.25206e+06	
35100	73.9111	64.5432	0	3.22e-06	6.45308e-07	0	3.28403	3.28403e+06	
35200	73.9072	64.5763	0	3.22e-06	6.45308e-07	0	3.28403	3.28403e+06	
35300	73.9039	64.599	0	3.22e-06	6.45308e-07	0	3.28403	3.28403e+06	
35400	73.901	64.6181	0	3.22e-06	6.45308e-07	0	3.28403	3.28403e+06	
35500	73.8981	64.6362	0	3.22e-06	6.45308e-07	0	3.28403	3.28403e+06	
35600	73.8696	64.9171	0	3.22e-06	2.6248e-06	0	4.15427	4.15427e+06	
35700	73.8807	65.257	0	3.22e-06	2.6248e-06	0	4.15427	4.15427e+06	
35800	73.9058	65.5977	0	3.22e-06	2.6248e-06	0	4.15427	4.15427e+06	
35900	73.8725	65.8545	0	3.22e-06	2.6248e-06	0	4.15427	4.15427e+06	
36000	73.8706	65.8656	0	3.22e-06	2.6248e-06	0	4.15427	4.15427e+06	
36100	73.886	65.711	0	3.22e-06	-7.184e-07	0	3.29917	3.29917e+06	
36200	73.9073	65.5667	0	3.22e-06	-7.184e-07	0	3.29917	3.29917e+06	
36300	73.9121	65.4688	0	3.22e-06	-7.184e-07	0	3.29917	3.29917e+06	
36400	73.9072	65.4235	0	3.22e-06	-7.184e-07	0	3.29917	3.29917e+06	
36500	73.9027	65.3928	0	3.22e-06	-7.184e-07	0	3.29917	3.29917e+06	
36600	73.9116	65.5397	0	3.22e-06	1.05097e-06	0	3.38717	3.38717e+06	
36700	73.9016	65.6162	0	3.22e-06	1.05097e-06	0	3.38717	3.38717e+06	
36800	73.8912	65.6848	0	3.22e-06	1.05097e-06	0	3.38717	3.38717e+06	
36900	73.8811	65.7623	0	3.22e-06	1.05097e-06	0	3.38717	3.38717e+06	
37000	73.8738	65.8343	0	3.22e-06	1.05097e-06	0	3.38717	3.38717e+06	
37100	73.9056	65.5719	0	3.22e-06	-1.69711e-06	0	3.63986	3.63986e+06	
37200	73.9022	65.3835	0	3.22e-06	-1.69711e-06	0	3.63986	3.63986e+06	
37300	73.8808	65.2309	0	3.22e-06	-1.69711e-06	0	3.63986	3.63986e+06	
37400	73.8681	65.0479	0	3.22e-06	-1.69711e-06	0	3.63986	3.63986e+06	
37500	73.8734	64.8265	0	3.22e-06	-1.69711e-06	0	3.63986	3.63986e+06	
37600	73.8846	64.7231	0	3.22e-06	-5.06532e-07	0	3.2596	3.2596e+06	
37700	73.902	64.6044	0	3.22e-06	-5.06532e-07	0	3.2596	3.2596e+06	
37800	73.9129	64.5054	0	3.22e-06	-5.06532e-07	0	3.2596	3.2596e+06	
37900	73.9114	64.4605	0	3.22e-06	-5.06532e-07	0	3.2596	3.2596e+06	
38000	73.9091	64.4392	0	3.22e-06	-5.06532e-07	0	3.2596	3.2596e+06	
38100	73.8927	64.6811	0	3.22e-06	2.2423e-06	0	3.92382	3.92382e+06	
38200	73.8694	64.9191	0	3.22e-06	2.2423e-06	0	3.92382	3.92382e+06	
38300	73.876	65.2078	0	3.22e-06	2.2423e-06	0	3.92382	3.92382e+06	
38400	73.9127	65.5241	0	3.22e-06	2.2423e-06	0	3.92382	3.92382e+06	
38500	73.884	65.7452	0	3.22e-06	2.2423e-06	0	3.92382	3.92382e+06	
38600	73.9062	65.5734	0	3.22e-06	-9.50764e-07	0	3.35743	3.35743e+06	
38700	73.9109	65.4524	0	3.22e-06	-9.50764e-07	0	3.35743	3.35743e+06	
38800	73.9024	65.3891	0	3.22e-06	-9.50764e-07	0	3.35743	3.35743e+06	
38900	73.8937	65.3334	0	3.22e-06	-9.50764e-07	0	3.35743	3.35743e+06	
39000	73.8851	65.2719	0	3.22e-06	-9.50764e-07	0	3.35743	3.35743e+06	
39100	73.9	65.3829	0	3.22e-06	4.47212e-07	0	3.25091	3.25091e+06	
39200	73.9124	65.4817	0	3.22e-06	4.47212e-07	0	3.25091	3.25091e+06	
39300	73.9121	65.5292	0	3.22e-06	4.47212e-07	0	3.25091	3.25091e+06	
39400	73.9103	65.55	0	3.22e-06	4.47212e-07	0	3.25091	3.25091e+06	
39500	73.909	65.561	0	3.22e-06	4.47212e-07	0	3.25091	3.25091e+06	
39600	73.8889	65.7039	0	3.22e-06	1.64274e-06	0	3.61483	3.61483e+06	
39700	73.873	65.8453	0	3.22e-06	1.64274e-06	0	3.61483	3.61483e+06	
39800	73.8717	65.8549	0	3.22e-06	1.64274e-06	0	3.61483	3.61483e+06	
39900	73.8717	65.8549	0	3.22e-06	1.64274e-06	0	3.61483	3.61483e+06	
40000	73.8717	65.8549	0	3.22e-06	1.64274e-06	0	3.61483	3.61483e+06	
40100	73.8708	65.8636	0	3.22e-06	2.40165e-06	0	4.01701	4.01701e+06	
40200	73.8708	65.8636	0	3.22e-06	2.40165e-06	0	4.01701	4.01701e+06	
40300	73.8708	65.8636	0	3.22e-06	2.40165e-06	0	4.01701	4.01701e+06	
40400	73.8708	65.8636	0	3.22e-06	2.40165e-06	0	4.01701	4.01701e+06	
40500	73.8708	65.8636	0	3.22e-06	2.40165e-06	0	4.01701	4.01701e+06	
40600	73.8776	65.7883	0	3.22e-06	7.15174e-09	0	3.22001	3.22001e+06	
40700	73.8825	65.7434	0	3.22e-06	7.15174e-09	0	3.22001	3.22001e+06	
40800	73.8891	65.693	0	3.22e-06	7.15174e-09	0	3.22001	3.22001e+06	
40900	73.8976	65.6358	0	3.22e-06	7.15174e-09	0	3.22001	3.22001e+06	
41000	73.9064	65.5784	0	3.22e-06	7.15174e-09	0	3.22001	3.22001e+06	
41100	73.9085	65.5546	0	3.04666e-06	1.80336e-07	0	3.05199	3.05199e+06	
41200	73.91	65.5404	0	3.04666e-06	1.80336e-07	0	3.05199	3.05199e+06	
41300	73.9106	65.533	0	3.04666e-06	1.80336e-07	0	3.05199	3.05199e+06	
41400	73.9109	65.5294	0	3.04666e-06	1.80336e-07	0	3.05199	3.05199e+06	
41500	73.911	65.5278	0	3.04666e-06	1.80336e-07	0	3.05199	3.05199e+06	
41600	73.9055	65.4323	0	2.75148e-06	-9.11213e-07	0	2.89844	2.89844e+06	
41700	73.8963	65.3701	0	2.75148e-06	-9.11213e-07	0	2.89844	2.89844e+06	
41800	73.8871	65.3093	0	2.75148e-06	-9.11213e-07	0	2.89844	2.89844e+06	
41900	73.8783	65.2409	0	2.75148e-06	-9.11213e-07	0	2.89844	2.89844e+06	
42000	73.8706	65.1607	0	2.75148e-06	-9.11213e-07	0	2.89844	2.89844e+06	
42100	73.8675	64.961	0	3.22e-06	-1.70655e-06	0	3.64427	3.64427e+06	
42200	73.8839	64.7216	0	3.22e-06	-1.70655e-06	0	3.64427	3.64427e+06	
42300	73.9126	64.4733	0	3.22e-06	-1.70655e-06	0	3.64427	3.64427e+06	
42400	73.8922	64.3184	0	3.22e-06	-1.70655e-06	0	3.64427	3.64427e+06	
42500	73.8735	64.1529	0	3.22e-06	-1.70655e-06	0	3.64427	3.64427e+06	
42600	73.8752	64.1847	0	3.22e-06	3.04972e-09	0	3.22	3.22e+06	
42700	73.8788	64.2228	0	3.22e-06	3.04972e-09	0	3.22	3.22e+06	
42800	73.8839	64.2682	0	3.22e-06	3.04972e-09	0	3.22	3.22e+06	
42900	73.8911	64.3215	0	3.22e-06	3.04972e-09	0	3.22	3.22e+06	
43000	73.9002	64.3811	0	3.22e-06	3.04972e-09	0	3.22	3.22e+06	
43100	73.8593	64.0097	0	2.10245e-06	-3.22e-06	0	3.84561	3.84561e+06	
43200	73.8905	63.5909	0	2.10245e-06	-3.22e-06	0	3.84561	3.84561e+06	
43300	73.8726	63.2158	0	2.10245e-06	-3.22e-06	0	3.84561	3.84561e+06	
43400	73.864	62.8199	0	2.10245e-06	-3.22e-06	0	3.84561	3.84561e+06	
43500	73.8992	62.4076	0	2.10245e-06	-3.22e-06	0	3.84561	3.84561e+06	
43600	73.8959	62.3472	0	3.22e-06	-9.80394e-07	0	3.36594	3.36594e+06	
43700	73.8867	62.2839	0	3.22e-06	-9.80394e-07	0	3.36594	3.36594e+06	
43800	73.878	62.2094	0	3.22e-06	-9.80394e-07	0	3.36594	3.36594e+06	
43900	73.8709	62.1194	0	3.22e-06	-9.80394e-07	0	3.36594	3.36594e+06	
44000	73.8673	62.0103	0	3.22e-06	-9.80394e-07	0	3.36594	3.36594e+06	
44100	73.8144	61.8799	0	1.17046e-07	-1.04253e-06	0	1.04908	1.04908e+06	
44200	73.8118	61.7491	0	1.17046e-07	-1.04253e-06	0	1.04908	1.04908e+06	
44300	73.8172	61.6183	0	1.17046e-07	-1.04253e-06	0	1.04908	1.04908e+06	
44400	73.8261	61.4883	0	1.17046e-07	-1.04253e-06	0	1.04908	1.04908e+06	
44500	73.8311	61.36	0	1.17046e-07	-1.04253e-06	0	1.04908	1.04908e+06	
44600	73.8692	61.2953	0	1.21608e-06	-6.49372e-07	0	1.3786	1.3786e+06	
44700	73.8615	61.234	0	1.21608e-06	-6.49372e-07	0	1.3786	1.3786e+06	
44800	73.8551	61.1681	0	1.21608e-06	-6.49372e-07	0	1.3786	1.3786e+06	
44900	73.8505	61.0971	0	1.21608e-06	-6.49372e-07	0	1.3786	1.3786e+06	
45000	73.848	61.0207	0	1.21608e-06	-6.49372e-07	0	1.3786	1.3786e+06	
45100	73.8694	60.8062	0	2.45052e-06	-1.63531e-06	0	2.94606	2.94606e+06	
45200	73.9003	60.5672	0	2.45052e-06	-1.63531e-06	0	2.94606	2.94606e+06	
45300	73.8967	60.3817	0	2.45052e-06	-1.63531e-06	0	2.94606	2.94606e+06	
45400	73.8747	60.2229	0	2.45052e-06	-1.63531e-06	0	2.94606	2.94606e+06	
45500	73.8625	60.0398	0	2.45052e-06	-1.63531e-06	0	2.94606	2.94606e+06	
45600	73.8662	59.9163	0	2.84786e-06	-9.67982e-07	0	3.00787	3.00787e+06	
45700	73.8762	59.7714	0	2.84786e-06	-9.67982e-07	0	3.00787	3.00787e+06	
45800	73.8986	59.6059	0	2.84786e-06	-9.67982e-07	0	3.00787	3.00787e+06	
45900	73.9097	59.468	0	2.84786e-06	-9.67982e-07	0	3.00787	3.00787e+06	
46000	73.9006	59.3927	0	2.84786e-06	-9.67982e-07	0	3.00787	3.00787e+06	
46100	73.8931	59.3577	0	2.60908e-06	-6.90382e-07	0	2.69887	2.69887e+06	
46200	73.8876	59.3213	0	2.60908e-06	-6.90382e-07	0	2.69887	2.69887e+06	
46300	73.882	59.2809	0	2.60908e-06	-6.90382e-07	0	2.69887	2.69887e+06	
46400	73.8764	59.2348	0	2.60908e-06	-6.90382e-07	0	2.69887	2.69887e+06	
46500	73.8711	59.1812	0	2.60908e-06	-6.90382e-07	0	2.69887	2.69887e+06	
46600	73.9002	59.3989	0	3.02213e-06	1.3971e-06	0	3.32944	3.32944e+06	
46700	73.907	59.5729	0	3.02213e-06	1.3971e-06	0	3.32944	3.32944e+06	
46800	73.8898	59.6882	0	3.02213e-06	1.3971e-06	0	3.32944	3.32944e+06	
46900	73.8746	59.8163	0	3.02213e-06	1.3971e-06	0	3.32944	3.32944e+06	
47000	73.8664	59.9701	0	3.02213e-06	1.3971e-06	0	3.32944	3.32944e+06	
47100	73.8615	60.0994	0	2.19848e-06	1.00895e-06	0	2.41895	2.41895e+06	
47200	73.8725	60.2455	0	2.19848e-06	1.00895e-06	0	2.41895	2.41895e+06	
47300	73.8948	60.406	0	2.19848e-06	1.00895e-06	0	2.41895	2.41895e+06	
47400	73.9039	60.5408	0	2.19848e-06	1.00895e-06	0	2.41895	2.41895e+06	
47500	73.8924	60.628	0	2.19848e-06	1.00895e-06	0	2.41895	2.41895e+06	
47600	73.8826	60.7179	0	2.60989e-06	1.11468e-06	0	2.83796	2.83796e+06	
47700	73.8713	60.82	0	2.60989e-06	1.11468e-06	0	2.83796	2.83796e+06	
47800	73.8642	60.9395	0	2.60989e-06	1.11468e-06	0	2.83796	2.83796e+06	
47900	73.8642	61.0789	0	2.60989e-06	1.11468e-06	0	2.83796	2.83796e+06	
48000	73.8755	61.2403	0	2.60989e-06	1.11468e-06	0	2.83796	2.83796e+06	
48100	73.9081	61.5807	0	3.22e-06	2.5755e-06	0	4.1233	4.1233e+06	
48200	73.874	61.8455	0	3.22e-06	2.5755e-06	0	4.1233	4.1233e+06	
48300	73.8724	62.1646	0	3.22e-06	2.5755e-06	0	4.1233	4.1233e+06	
48400	73.9127	62.5217	0	3.22e-06	2.5755e-06	0	4.1233	4.1233e+06	
48500	73.8796	62.7855	0	3.22e-06	2.5755e-06	0	4.1233	4.1233e+06	
48600	73.8688	62.9283	0	3.22e-06	1.37654e-06	0	3.50189	3.50189e+06	
48700	73.8693	63.1013	0	3.22e-06	1.37654e-06	0	3.50189	3.50189e+06	
48800	73.888	63.3078	0	3.22e-06	1.37654e-06	0	3.50189	3.50189e+06	
48900	73.9129	63.5169	0	3.22e-06	1.37654e-06	0	3.50189	3.50189e+06	
49000	73.8988	63.6363	0	3.22e-06	1.37654e-06	0	3.50189	3.50189e+06	
49100	73.8679	63.7399	0	1.3953e-06	1.06584e-06	0	1.75581	1.75581e+06	
49200	73.8565	63.8547	0	1.3953e-06	1.06584e-06	0	1.75581	1.75581e+06	
49300	73.8509	63.9801	0	1.3953e-06	1.06584e-06	0	1.75581	1.75581e+06	
49400	73.8529	64.1162	0	1.3953e-06	1.06584e-06	0	1.75581	1.75581e+06	
49500	73.8646	64.2626	0	1.3953e-06	1.06584e-06	0	1.75581	1.75581e+06	
49600	73.8945	64.3999	0	2.23849e-06	8.18995e-07	0	2.38361	2.38361e+06	
49700	73.9053	64.5191	0	2.23849e-06	8.18995e-07	0	2.38361	2.38361e+06	
49800	73.8982	64.5904	0	2.23849e-06	8.18995e-07	0	2.38361	2.38361e+06	
49900	73.8893	64.6488	0	2.23849e-06	8.18995e-07	0	2.38361	2.38361e+06	
50000	73.8805	64.7092	0	2.23849e-06	8.18995e-07	0	2.38361	2.38361e+06	
