0	67	54	0	1.71357e-06	-3.22e-06	0	3.64756	3.64756e+06	
100	67.3452	53.6	0	2.77905e-06	-3.22e-06	0	4.25341	4.25341e+06	
200	67.6904	53.2	0	2.77905e-06	-3.22e-06	0	4.25341	4.25341e+06	
300	68.0357	52.8	0	2.77905e-06	-3.22e-06	0	4.25341	4.25341e+06	
400	68.3809	52.4	0	2.77905e-06	-3.22e-06	0	4.25341	4.25341e+06	
500	68.71	52.111	0	2.77905e-06	-3.22e-06	0	4.25341	4.25341e+06	
600	69.0764	52.1319	0	3.13805e-06	-3.22e-06	0	4.49619	4.49619e+06	
700	69.5018	52.0879	0	3.13805e-06	-3.22e-06	0	4.49619	4.49619e+06	
800	69.8398	52.1253	0	3.13805e-06	-3.22e-06	0	4.49619	4.49619e+06	
900	70.2339	52.1221	0	3.13805e-06	-3.22e-06	0	4.49619	4.49619e+06	
1000	70.6312	52.0989	0	3.13805e-06	-3.22e-06	0	4.49619	4.49619e+06	
1100	70.6976	52.1112	0	1.01472e-06	-3.1379e-06	0	3.29789	3.29789e+06	
1200	70.7744	52.1208	0	1.01472e-06	-3.1379e-06	0	3.29789	3.29789e+06	
1300	70.8667	52.1287	0	1.01472e-06	-3.1379e-06	0	3.29789	3.29789e+06	
1400	70.9779	52.1331	0	1.01472e-06	-3.1379e-06	0	3.29789	3.29789e+06	
1500	71.1116	52.1307	0	1.01472e-06	-3.1379e-06	0	3.29789	3.29789e+06	
1600	70.9415	52.141	0	-1.40153e-06	-2.0729e-06	0	2.50224	2.50224e+06	
1700	70.7502	52.1286	0	-1.40153e-06	-2.0729e-06	0	2.50224	2.50224e+06	
1800	70.5448	52.1002	0	-1.40153e-06	-2.0729e-06	0	2.50224	2.50224e+06	
1900	70.3886	52.1056	0	-1.40153e-06	-2.0729e-06	0	2.50224	2.50224e+06	
2000	70.2538	52.1251	0	-1.40153e-06	-2.0729e-06	0	2.50224	2.50224e+06	
2100	70.0246	52.1336	0	-2.05238e-06	-3.03496e-06	0	3.66378	3.66378e+06	
2200	69.7518	52.1212	0	-2.05238e-06	-3.03496e-06	0	3.66378	3.66378e+06	
2300	69.4644	52.089	0	-2.05238e-06	-3.03496e-06	0	3.66378	3.66378e+06	
2400	69.2651	52.116	0	-2.05238e-06	-3.03496e-06	0	3.66378	3.66378e+06	
2500	69.0392	52.1332	0	-2.05238e-06	-3.03496e-06	0	3.66378	3.66378e+06	
2600	68.8186	52.1259	0	-1.67847e-06	-3.22e-06	0	3.63121	3.63121e+06	
2700	68.5628	52.0931	0	-1.67847e-06	-3.22e-06	0	3.63121	3.63121e+06	
2800	68.3802	52.0983	0	-1.67847e-06	-3.22e-06	0	3.63121	3.63121e+06	
2900	68.2296	52.1194	0	-1.67847e-06	-3.22e-06	0	3.63121	3.63121e+06	
3000	68.0489	52.1319	0	-1.67847e-06	-3.22e-06	0	3.63121	3.63121e+06	
3100	67.7199	52.1265	0	-2.55223e-06	-2.07144e-06	0	3.28706	3.28706e+06	
3200	67.3635	52.0548	0	-2.55223e-06	-2.07144e-06	0	3.28706	3.28706e+06	
3300	66.9989	51.9158	0	-2.55223e-06	-2.07144e-06	0	3.28706	3.28706e+06	
3400	66.6481	51.7124	0	-2.55223e-06	-2.07144e-06	0	3.28706	3.28706e+06	
3500	66.3207	51.4667	0	-2.55223e-06	-2.07144e-06	0	3.28706	3.28706e+06	
3600	65.92	51.0673	0	-3.22e-06	-3.22e-06	0	4.55377	4.55377e+06	
3700	65.52	50.6673	0	-3.22e-06	-3.22e-06	0	4.55377	4.55377e+06	
3800	65.12	50.2673	0	-3.22e-06	-3.22e-06	0	4.55377	4.55377e+06	
3900	64.72	49.8673	0	-3.22e-06	-3.22e-06	0	4.55377	4.55377e+06	
4000	64.32	49.4673	0	-3.22e-06	-3.22e-06	0	4.55377	4.55377e+06	
4100	63.92	49.5479	0	-3.22e-06	6.48953e-07	0	3.28474	3.28474e+06	
4200	63.52	49.6285	0	-3.22e-06	6.48953e-07	0	3.28474	3.28474e+06	
4300	63.12	49.7091	0	-3.22e-06	6.48953e-07	0	3.28474	3.28474e+06	
4400	62.72	49.7897	0	-3.22e-06	6.48953e-07	0	3.28474	3.28474e+06	
4500	62.32	49.8703	0	-3.22e-06	6.48953e-07	0	3.28474	3.28474e+06	
4600	61.92	49.9619	0	-3.22e-06	7.36698e-07	0	3.3032	3.3032e+06	
4700	61.52	50.0534	0	-3.22e-06	7.36698e-07	0	3.3032	3.3032e+06	
4800	61.12	50.1449	0	-3.22e-06	7.36698e-07	0	3.3032	3.3032e+06	
4900	60.72	50.2364	0	-3.22e-06	7.36698e-07	0	3.3032	3.3032e+06	
5000	60.32	50.3279	0	-3.22e-06	7.36698e-07	0	3.3032	3.3032e+06	
5100	59.92	49.9799	0	-3.22e-06	-2.80157e-06	0	4.26816	4.26816e+06	
5200	59.52	49.6319	0	-3.22e-06	-2.80157e-06	0	4.26816	4.26816e+06	
5300	59.12	49.2839	0	-3.22e-06	-2.80157e-06	0	4.26816	4.26816e+06	
5400	58.72	48.9358	0	-3.22e-06	-2.80157e-06	0	4.26816	4.26816e+06	
5500	58.32	48.5878	0	-3.22e-06	-2.80157e-06	0	4.26816	4.26816e+06	
5600	57.92	48.4625	0	-3.22e-06	-1.00891e-06	0	3.37436	3.37436e+06	
5700	57.52	48.3371	0	-3.22e-06	-1.00891e-06	0	3.37436	3.37436e+06	
5800	57.12	48.2118	0	-3.22e-06	-1.00891e-06	0	3.37436	3.37436e+06	
5900	56.72	48.0865	0	-3.22e-06	-1.00891e-06	0	3.37436	3.37436e+06	
6000	56.32	47.9612	0	-3.22e-06	-1.00891e-06	0	3.37436	3.37436e+06	
6100	55.92	48.1763	0	-3.22e-06	1.73184e-06	0	3.65618	3.65618e+06	
6200	55.52	48.3914	0	-3.22e-06	1.73184e-06	0	3.65618	3.65618e+06	
6300	55.125	48.6059	0	-3.22e-06	1.73184e-06	0	3.65618	3.65618e+06	
6400	55.1189	48.7666	0	-3.22e-06	1.73184e-06	0	3.65618	3.65618e+06	
6500	55.132	48.9538	0	-3.22e-06	1.73184e-06	0	3.65618	3.65618e+06	
6600	55.1326	49.0319	0	-3.22e-06	6.4239e-07	0	3.28345	3.28345e+06	
6700	55.1293	49.1261	0	-3.22e-06	6.4239e-07	0	3.28345	3.28345e+06	
6800	55.1199	49.2388	0	-3.22e-06	6.4239e-07	0	3.28345	3.28345e+06	
6900	55.1021	49.3707	0	-3.22e-06	6.4239e-07	0	3.28345	3.28345e+06	
7000	55.0872	49.4918	0	-3.22e-06	6.4239e-07	0	3.28345	3.28345e+06	
7100	55.1127	49.3015	0	-2.79644e-06	-1.9142e-06	0	3.38884	3.38884e+06	
7200	55.1326	49.0988	0	-2.79644e-06	-1.9142e-06	0	3.38884	3.38884e+06	
7300	55.1317	48.8585	0	-2.79644e-06	-1.9142e-06	0	3.38884	3.38884e+06	
7400	55.0994	48.5829	0	-2.79644e-06	-1.9142e-06	0	3.38884	3.38884e+06	
7500	55.1031	48.3651	0	-2.79644e-06	-1.9142e-06	0	3.38884	3.38884e+06	
7600	55.0944	48.595	0	-3.22e-06	1.84823e-06	0	3.71273	3.71273e+06	
7700	55.1187	48.765	0	-3.22e-06	1.84823e-06	0	3.71273	3.71273e+06	
7800	55.1323	48.9677	0	-3.22e-06	1.84823e-06	0	3.71273	3.71273e+06	
7900	55.1233	49.2127	0	-3.22e-06	1.84823e-06	0	3.71273	3.71273e+06	
8000	55.0879	49.4874	0	-3.22e-06	1.84823e-06	0	3.71273	3.71273e+06	
8100	55.1082	49.3772	0	-2.0205e-06	-1.13577e-06	0	2.31785	2.31785e+06	
8200	55.1233	49.2744	0	-2.0205e-06	-1.13577e-06	0	2.31785	2.31785e+06	
8300	55.1353	49.1602	0	-2.0205e-06	-1.13577e-06	0	2.31785	2.31785e+06	
8400	55.1416	49.0308	0	-2.0205e-06	-1.13577e-06	0	2.31785	2.31785e+06	
8500	55.1396	48.8852	0	-2.0205e-06	-1.13577e-06	0	2.31785	2.31785e+06	
8600	55.1061	48.5676	0	-1.97265e-06	-2.36273e-06	0	3.07796	3.07796e+06	
8700	55.119	48.2971	0	-1.97265e-06	-2.36273e-06	0	3.07796	3.07796e+06	
8800	55.1419	48.0245	0	-1.97265e-06	-2.36273e-06	0	3.07796	3.07796e+06	
8900	55.1272	47.7181	0	-1.97265e-06	-2.36273e-06	0	3.07796	3.07796e+06	
9000	55.1018	47.4148	0	-1.97265e-06	-2.36273e-06	0	3.07796	3.07796e+06	
9100	55.1379	47.7564	0	-9.00946e-07	2.83369e-06	0	2.97347	2.97347e+06	
9200	55.157	48.1033	0	-9.00946e-07	2.83369e-06	0	2.97347	2.97347e+06	
9300	55.1252	48.4639	0	-9.00946e-07	2.83369e-06	0	2.97347	2.97347e+06	
9400	55.1432	48.8011	0	-9.00946e-07	2.83369e-06	0	2.97347	2.97347e+06	
9500	55.1556	49.1508	0	-9.00946e-07	2.83369e-06	0	2.97347	2.97347e+06	
9600	55.1741	48.7507	0	-2.88518e-07	-3.22e-06	0	3.2329	3.2329e+06	
9700	55.1547	48.3504	0	-2.88518e-07	-3.22e-06	0	3.2329	3.2329e+06	
9800	55.1748	47.9542	0	-2.88518e-07	-3.22e-06	0	3.2329	3.2329e+06	
9900	55.1649	47.552	0	-2.88518e-07	-3.22e-06	0	3.2329	3.2329e+06	
10000	55.1636	47.1557	0	-2.88518e-07	-3.22e-06	0	3.2329	3.2329e+06	
10100	55.1316	47.2822	0	-1.47277e-06	8.93302e-07	0	1.72251	1.72251e+06	
10200	55.1123	47.4168	0	-1.47277e-06	8.93302e-07	0	1.72251	1.72251e+06	
10300	55.1038	47.5344	0	-1.47277e-06	8.93302e-07	0	1.72251	1.72251e+06	
10400	55.1142	47.6207	0	-1.47277e-06	8.93302e-07	0	1.72251	1.72251e+06	
10500	55.1265	47.7029	0	-1.47277e-06	8.93302e-07	0	1.72251	1.72251e+06	
10600	55.2099	47.3214	0	5.00386e-07	-3.05035e-06	0	3.09112	3.09112e+06	
10700	55.2735	46.9426	0	5.00386e-07	-3.05035e-06	0	3.09112	3.09112e+06	
10800	55.3358	46.5637	0	5.00386e-07	-3.05035e-06	0	3.09112	3.09112e+06	
10900	55.3979	46.1848	0	5.00386e-07	-3.05035e-06	0	3.09112	3.09112e+06	
11000	55.4601	45.8058	0	5.00386e-07	-3.05035e-06	0	3.09112	3.09112e+06	
11100	55.1176	45.7272	0	-3.16152e-06	-5.84378e-07	0	3.21507	3.21507e+06	
11200	55.0979	45.6004	0	-3.16152e-06	-5.84378e-07	0	3.21507	3.21507e+06	
11300	55.0874	45.4968	0	-3.16152e-06	-5.84378e-07	0	3.21507	3.21507e+06	
11400	55.09	45.4496	0	-3.16152e-06	-5.84378e-07	0	3.21507	3.21507e+06	
11500	55.0931	45.4247	0	-3.16152e-06	-5.84378e-07	0	3.21507	3.21507e+06	
11600	55.1128	45.3477	0	-2.03911e-06	-9.44722e-07	0	2.24732	2.24732e+06	
11700	55.1242	45.2672	0	-2.03911e-06	-9.44722e-07	0	2.24732	2.24732e+06	
11800	55.1338	45.1773	0	-2.03911e-06	-9.44722e-07	0	2.24732	2.24732e+06	
11900	55.1402	45.0754	0	-2.03911e-06	-9.44722e-07	0	2.24732	2.24732e+06	
12000	55.1416	44.9604	0	-2.03911e-06	-9.44722e-07	0	2.24732	2.24732e+06	
12100	55.09	44.5259	0	-3.22e-06	-3.22e-06	0	4.55377	4.55377e+06	
12200	55.124	44.1742	0	-3.22e-06	-3.22e-06	0	4.55377	4.55377e+06	
12300	55.1227	43.7719	0	-3.22e-06	-3.22e-06	0	4.55377	4.55377e+06	
12400	55.0994	43.3648	0	-3.22e-06	-3.22e-06	0	4.55377	4.55377e+06	
12500	55.1325	43.0037	0	-3.22e-06	-3.22e-06	0	4.55377	4.55377e+06	
12600	55.0937	42.5702	0	-3.22e-06	-3.22e-06	0	4.55377	4.55377e+06	
12700	54.944	42.0906	0	-3.22e-06	-3.22e-06	0	4.55377	4.55377e+06	
12800	54.6655	41.617	0	-3.22e-06	-3.22e-06	0	4.55377	4.55377e+06	
12900	54.2904	41.1926	0	-3.22e-06	-3.22e-06	0	4.55377	4.55377e+06	
13000	53.8909	40.7919	0	-3.22e-06	-3.22e-06	0	4.55377	4.55377e+06	
13100	53.4909	40.3919	0	-3.22e-06	-3.22e-06	0	4.55377	4.55377e+06	
13200	53.0909	39.9919	0	-3.22e-06	-3.22e-06	0	4.55377	4.55377e+06	
13300	52.6909	39.5919	0	-3.22e-06	-3.22e-06	0	4.55377	4.55377e+06	
13400	52.2909	39.1919	0	-3.22e-06	-3.22e-06	0	4.55377	4.55377e+06	
13500	51.8909	38.7919	0	-3.22e-06	-3.22e-06	0	4.55377	4.55377e+06	
13600	51.4909	38.3919	0	-3.22e-06	-3.22e-06	0	4.55377	4.55377e+06	
13700	51.0909	37.9919	0	-3.22e-06	-3.22e-06	0	4.55377	4.55377e+06	
13800	50.6909	37.5919	0	-3.22e-06	-3.22e-06	0	4.55377	4.55377e+06	
13900	50.2909	37.1919	0	-3.22e-06	-3.22e-06	0	4.55377	4.55377e+06	
14000	49.8909	36.7919	0	-3.22e-06	-3.22e-06	0	4.55377	4.55377e+06	
14100	49.4909	36.3919	0	-3.22e-06	-3.22e-06	0	4.55377	4.55377e+06	
14200	49.0909	35.9919	0	-3.22e-06	-3.22e-06	0	4.55377	4.55377e+06	
14300	48.6909	35.5919	0	-3.22e-06	-3.22e-06	0	4.55377	4.55377e+06	
14400	48.2909	35.1919	0	-3.22e-06	-3.22e-06	0	4.55377	4.55377e+06	
14500	47.8909	34.7919	0	-3.22e-06	-3.22e-06	0	4.55377	4.55377e+06	
14600	47.4909	34.3919	0	-3.22e-06	-3.22e-06	0	4.55377	4.55377e+06	
14700	47.0909	33.9919	0	-3.22e-06	-3.22e-06	0	4.55377	4.55377e+06	
14800	46.6909	33.5919	0	-3.22e-06	-3.22e-06	0	4.55377	4.55377e+06	
14900	46.2909	33.1919	0	-3.22e-06	-3.22e-06	0	4.55377	4.55377e+06	
15000	45.8909	32.7919	0	-3.22e-06	-3.22e-06	0	4.55377	4.55377e+06	
15100	45.4909	32.3919	0	-3.22e-06	-3.22e-06	0	4.55377	4.55377e+06	
15200	45.0909	31.9919	0	-3.22e-06	-3.22e-06	0	4.55377	4.55377e+06	
15300	44.6909	31.5919	0	-3.22e-06	-3.22e-06	0	4.55377	4.55377e+06	
15400	44.2909	31.1919	0	-3.22e-06	-3.22e-06	0	4.55377	4.55377e+06	
15500	43.8909	30.7919	0	-3.22e-06	-3.22e-06	0	4.55377	4.55377e+06	
15600	43.4909	30.3919	0	-3.22e-06	-3.22e-06	0	4.55377	4.55377e+06	
15700	43.0909	29.9919	0	-3.22e-06	-3.22e-06	0	4.55377	4.55377e+06	
15800	42.6909	29.5919	0	-3.22e-06	-3.22e-06	0	4.55377	4.55377e+06	
15900	42.2909	29.1919	0	-3.22e-06	-3.22e-06	0	4.55377	4.55377e+06	
16000	41.8909	28.7919	0	-3.22e-06	-3.22e-06	0	4.55377	4.55377e+06	
16100	41.4909	28.3919	0	-3.22e-06	-3.22e-06	0	4.55377	4.55377e+06	
16200	41.0909	27.9919	0	-3.22e-06	-3.22e-06	0	4.55377	4.55377e+06	
16300	40.6909	27.5919	0	-3.22e-06	-3.22e-06	0	4.55377	4.55377e+06	
16400	40.2909	27.1919	0	-3.22e-06	-3.22e-06	0	4.55377	4.55377e+06	
16500	39.9482	26.9038	0	-3.22e-06	-3.22e-06	0	4.55377	4.55377e+06	
16600	39.7619	26.9865	0	-3.22e-06	-3.22e-06	0	4.55377	4.55377e+06	
16700	39.5148	27.0656	0	-3.22e-06	-3.22e-06	0	4.55377	4.55377e+06	
16800	39.1944	27.1221	0	-3.22e-06	-3.22e-06	0	4.55377	4.55377e+06	
16900	38.8159	27.1313	0	-3.22e-06	-3.22e-06	0	4.55377	4.55377e+06	
17000	38.795	27.1443	0	-3.22e-06	-3.22e-06	0	4.55377	4.55377e+06	
17100	38.7949	27.1444	0	-3.22e-06	-3.22e-06	0	4.55377	4.55377e+06	
17200	38.7949	27.1444	0	-3.22e-06	-3.22e-06	0	4.55377	4.55377e+06	
17300	38.7949	27.1444	0	-3.22e-06	-3.22e-06	0	4.55377	4.55377e+06	
17400	38.7949	27.1444	0	-3.22e-06	-3.22e-06	0	4.55377	4.55377e+06	
17500	38.7949	27.1444	0	-3.22e-06	-3.22e-06	0	4.55377	4.55377e+06	
17600	38.7949	27.1444	0	-3.22e-06	-3.22e-06	0	4.55377	4.55377e+06	
17700	38.7949	27.1444	0	-3.22e-06	-3.22e-06	0	4.55377	4.55377e+06	
17800	38.7949	27.1444	0	-3.22e-06	-3.22e-06	0	4.55377	4.55377e+06	
17900	38.7949	27.1444	0	-3.22e-06	-3.22e-06	0	4.55377	4.55377e+06	
18000	38.7949	27.1444	0	-3.22e-06	-3.22e-06	0	4.55377	4.55377e+06	
18100	38.7949	27.1444	0	-3.22e-06	-3.22e-06	0	4.55377	4.55377e+06	
18200	38.7949	27.1444	0	-3.22e-06	-3.22e-06	0	4.55377	4.55377e+06	
18300	38.7949	27.1444	0	-3.22e-06	-3.22e-06	0	4.55377	4.55377e+06	
18400	38.7949	27.1444	0	-3.22e-06	-3.22e-06	0	4.55377	4.55377e+06	
18500	38.7949	27.1444	0	-3.22e-06	-3.22e-06	0	4.55377	4.55377e+06	
18600	38.7947	27.1448	0	-3.22e-06	-3.19645e-06	0	4.53715	4.53715e+06	
18700	38.7947	27.1448	0	-3.22e-06	-3.19645e-06	0	4.53715	4.53715e+06	
18800	38.7947	27.1448	0	-3.22e-06	-3.19645e-06	0	4.53715	4.53715e+06	
18900	38.7947	27.1448	0	-3.22e-06	-3.19645e-06	0	4.53715	4.53715e+06	
19000	38.7947	27.1448	0	-3.22e-06	-3.19645e-06	0	4.53715	4.53715e+06	
19100	38.7857	27.1594	0	-3.22e-06	-2.58576e-06	0	4.12971	4.12971e+06	
19200	38.7848	27.1606	0	-3.22e-06	-2.58576e-06	0	4.12971	4.12971e+06	
19300	38.7846	27.1608	0	-3.22e-06	-2.58576e-06	0	4.12971	4.12971e+06	
19400	38.7846	27.1608	0	-3.22e-06	-2.58576e-06	0	4.12971	4.12971e+06	
19500	38.7846	27.1608	0	-3.22e-06	-2.58576e-06	0	4.12971	4.12971e+06	
19600	38.7007	27.2886	0	-3.22e-06	-8.23561e-07	0	3.32365	3.32365e+06	
19700	38.5901	27.4239	0	-3.22e-06	-8.23561e-07	0	3.32365	3.32365e+06	
19800	38.4452	27.5723	0	-3.22e-06	-8.23561e-07	0	3.32365	3.32365e+06	
19900	38.2577	27.728	0	-3.22e-06	-8.23561e-07	0	3.32365	3.32365e+06	
20000	38.0209	27.8808	0	-3.22e-06	-8.23561e-07	0	3.32365	3.32365e+06	
20100	37.8428	28.0815	0	-3.22e-06	2.64408e-07	0	3.23084	3.23084e+06	
20200	37.706	28.2893	0	-3.22e-06	2.64408e-07	0	3.23084	3.23084e+06	
20300	37.5209	28.5069	0	-3.22e-06	2.64408e-07	0	3.23084	3.23084e+06	
20400	37.2799	28.7213	0	-3.22e-06	2.64408e-07	0	3.23084	3.23084e+06	
20500	36.9809	28.9143	0	-3.22e-06	2.64408e-07	0	3.23084	3.23084e+06	
20600	36.5866	29.326	0	-3.22e-06	3.22e-06	0	4.55377	4.55377e+06	
20700	36.1866	29.726	0	-3.22e-06	3.22e-06	0	4.55377	4.55377e+06	
20800	35.7866	30.126	0	-3.22e-06	3.22e-06	0	4.55377	4.55377e+06	
20900	35.3866	30.526	0	-3.22e-06	3.22e-06	0	4.55377	4.55377e+06	
21000	34.9866	30.926	0	-3.22e-06	3.22e-06	0	4.55377	4.55377e+06	
21100	34.5866	31.1458	0	-3.22e-06	1.76901e-06	0	3.67394	3.67394e+06	
21200	34.1866	31.3655	0	-3.22e-06	1.76901e-06	0	3.67394	3.67394e+06	
21300	33.7866	31.5853	0	-3.22e-06	1.76901e-06	0	3.67394	3.67394e+06	
21400	33.3866	31.805	0	-3.22e-06	1.76901e-06	0	3.67394	3.67394e+06	
21500	32.9866	32.0248	0	-3.22e-06	1.76901e-06	0	3.67394	3.67394e+06	
21600	32.5866	32.4248	0	-3.22e-06	3.22e-06	0	4.55377	4.55377e+06	
21700	32.1866	32.8248	0	-3.22e-06	3.22e-06	0	4.55377	4.55377e+06	
21800	31.7866	33.2248	0	-3.22e-06	3.22e-06	0	4.55377	4.55377e+06	
21900	31.3866	33.6248	0	-3.22e-06	3.22e-06	0	4.55377	4.55377e+06	
22000	30.9866	34.0248	0	-3.22e-06	3.22e-06	0	4.55377	4.55377e+06	
22100	30.5866	34.4248	0	-3.22e-06	3.22e-06	0	4.55377	4.55377e+06	
22200	30.1866	34.8248	0	-3.22e-06	3.22e-06	0	4.55377	4.55377e+06	
22300	29.7866	35.2248	0	-3.22e-06	3.22e-06	0	4.55377	4.55377e+06	
22400	29.3866	35.6248	0	-3.22e-06	3.22e-06	0	4.55377	4.55377e+06	
22500	28.9866	36.0248	0	-3.22e-06	3.22e-06	0	4.55377	4.55377e+06	
22600	28.5866	36.4248	0	-3.22e-06	3.22e-06	0	4.55377	4.55377e+06	
22700	28.1866	36.8248	0	-3.22e-06	3.22e-06	0	4.55377	4.55377e+06	
22800	27.7866	37.2248	0	-3.22e-06	3.22e-06	0	4.55377	4.55377e+06	
22900	27.3866	37.6248	0	-3.22e-06	3.22e-06	0	4.55377	4.55377e+06	
23000	26.9866	38.0248	0	-3.22e-06	3.22e-06	0	4.55377	4.55377e+06	
23100	26.5866	38.4248	0	-3.22e-06	3.22e-06	0	4.55377	4.55377e+06	
23200	26.1867	38.8235	0	-3.22e-06	3.22e-06	0	4.55377	4.55377e+06	
23300	25.7823	38.8763	0	-3.22e-06	3.22e-06	0	4.55377	4.55377e+06	
23400	25.3727	38.9018	0	-3.22e-06	3.22e-06	0	4.55377	4.55377e+06	
23500	25.0132	38.8676	0	-3.22e-06	3.22e-06	0	4.55377	4.55377e+06	
23600	24.583	38.9023	0	-3.22e-06	3.22e-06	0	4.55377	4.55377e+06	
23700	24.2211	38.8807	0	-3.22e-06	3.22e-06	0	4.55377	4.55377e+06	
23800	23.8285	38.8726	0	-3.22e-06	3.22e-06	0	4.55377	4.55377e+06	
23900	23.4082	38.907	0	-3.22e-06	3.22e-06	0	4.55377	4.55377e+06	
24000	23.0552	38.8686	0	-3.22e-06	3.22e-06	0	4.55377	4.55377e+06	
24100	22.631	38.895	0	-3.22e-06	3.22e-06	0	4.55377	4.55377e+06	
24200	22.2585	38.8852	0	-3.22e-06	3.22e-06	0	4.55377	4.55377e+06	
24300	21.874	38.8699	0	-3.22e-06	3.22e-06	0	4.55377	4.55377e+06	
24400	21.4449	38.9112	0	-3.22e-06	3.22e-06	0	4.55377	4.55377e+06	
24500	21.0963	38.8704	0	-3.22e-06	3.22e-06	0	4.55377	4.55377e+06	
24600	20.6858	38.8775	0	-3.22e-06	2.13678e-06	0	3.86448	3.86448e+06	
24700	20.2961	38.8832	0	-3.22e-06	2.13678e-06	0	3.86448	3.86448e+06	
24800	19.9118	38.86	0	-3.22e-06	2.13678e-06	0	3.86448	3.86448e+06	
24900	19.4899	38.903	0	-3.22e-06	2.13678e-06	0	3.86448	3.86448e+06	
25000	19.1249	38.8646	0	-3.22e-06	2.13678e-06	0	3.86448	3.86448e+06	
25100	18.715	38.8792	0	-3.22e-06	2.65689e-06	0	4.17462	4.17462e+06	
25200	18.2615	38.9826	0	-3.22e-06	2.65689e-06	0	4.17462	4.17462e+06	
25300	17.8045	39.1947	0	-3.22e-06	2.65689e-06	0	4.17462	4.17462e+06	
25400	17.3811	39.4949	0	-3.22e-06	2.65689e-06	0	4.17462	4.17462e+06	
25500	16.9797	39.8238	0	-3.22e-06	2.65689e-06	0	4.17462	4.17462e+06	
25600	16.5797	39.5655	0	-3.22e-06	-2.07876e-06	0	3.83271	3.83271e+06	
25700	16.1797	39.3073	0	-3.22e-06	-2.07876e-06	0	3.83271	3.83271e+06	
25800	15.7797	39.0491	0	-3.22e-06	-2.07876e-06	0	3.83271	3.83271e+06	
25900	15.3797	38.7908	0	-3.22e-06	-2.07876e-06	0	3.83271	3.83271e+06	
26000	14.9797	38.5326	0	-3.22e-06	-2.07876e-06	0	3.83271	3.83271e+06	
26100	14.5797	38.5541	0	-3.22e-06	1.73405e-07	0	3.22467	3.22467e+06	
26200	14.1797	38.5757	0	-3.22e-06	1.73405e-07	0	3.22467	3.22467e+06	
26300	13.7797	38.5972	0	-3.22e-06	1.73405e-07	0	3.22467	3.22467e+06	
26400	13.3797	38.6188	0	-3.22e-06	1.73405e-07	0	3.22467	3.22467e+06	
26500	12.9797	38.6403	0	-3.22e-06	1.73405e-07	0	3.22467	3.22467e+06	
26600	12.5797	38.5993	0	-3.22e-06	-3.30202e-07	0	3.23689	3.23689e+06	
26700	12.1797	38.5583	0	-3.22e-06	-3.30202e-07	0	3.23689	3.23689e+06	
26800	11.7797	38.5172	0	-3.22e-06	-3.30202e-07	0	3.23689	3.23689e+06	
26900	11.3797	38.4762	0	-3.22e-06	-3.30202e-07	0	3.23689	3.23689e+06	
27000	10.9797	38.4352	0	-3.22e-06	-3.30202e-07	0	3.23689	3.23689e+06	
27100	10.6825	38.3297	0	-2.39253e-06	-8.49388e-07	0	2.53883	2.53883e+06	
27200	10.3853	38.2242	0	-2.39253e-06	-8.49388e-07	0	2.53883	2.53883e+06	
27300	10.0881	38.1187	0	-2.39253e-06	-8.49388e-07	0	2.53883	2.53883e+06	
27400	9.79087	38.0132	0	-2.39253e-06	-8.49388e-07	0	2.53883	2.53883e+06	
27500	9.49366	37.9076	0	-2.39253e-06	-8.49388e-07	0	2.53883	2.53883e+06	
27600	9.50922	37.9678	0	1.25266e-07	4.83921e-07	0	0.499871	499871	
27700	9.52479	38.0279	0	1.25266e-07	4.83921e-07	0	0.499871	499871	
27800	9.54035	38.088	0	1.25266e-07	4.83921e-07	0	0.499871	499871	
27900	9.55591	38.1481	0	1.25266e-07	4.83921e-07	0	0.499871	499871	
28000	9.57147	38.2082	0	1.25266e-07	4.83921e-07	0	0.499871	499871	
28100	9.67864	38.0928	0	8.62767e-07	-9.28908e-07	0	1.26777	1.26777e+06	
28200	9.78582	37.9774	0	8.62767e-07	-9.28908e-07	0	1.26777	1.26777e+06	
28300	9.893	37.862	0	8.62767e-07	-9.28908e-07	0	1.26777	1.26777e+06	
28400	10.0002	37.7466	0	8.62767e-07	-9.28908e-07	0	1.26777	1.26777e+06	
28500	10.1073	37.6313	0	8.62767e-07	-9.28908e-07	0	1.26777	1.26777e+06	
28600	10.294	37.2445	0	1.50256e-06	-3.11338e-06	0	3.457	3.457e+06	
28700	10.4807	36.8577	0	1.50256e-06	-3.11338e-06	0	3.457	3.457e+06	
28800	10.6673	36.471	0	1.50256e-06	-3.11338e-06	0	3.457	3.457e+06	
28900	10.854	36.0842	0	1.50256e-06	-3.11338e-06	0	3.457	3.457e+06	
29000	11.0406	35.6975	0	1.50256e-06	-3.11338e-06	0	3.457	3.457e+06	
29100	11.2819	36.0764	0	1.94199e-06	3.05014e-06	0	3.6159	3.6159e+06	
29200	11.5231	36.4553	0	1.94199e-06	3.05014e-06	0	3.6159	3.6159e+06	
29300	11.7643	36.8342	0	1.94199e-06	3.05014e-06	0	3.6159	3.6159e+06	
29400	12.0056	37.2131	0	1.94199e-06	3.05014e-06	0	3.6159	3.6159e+06	
29500	12.2468	37.592	0	1.94199e-06	3.05014e-06	0	3.6159	3.6159e+06	
29600	12.154	37.192	0	-7.46934e-07	-3.22e-06	0	3.3055	3.3055e+06	
29700	12.0612	36.792	0	-7.46934e-07	-3.22e-06	0	3.3055	3.3055e+06	
29800	11.9685	36.392	0	-7.46934e-07	-3.22e-06	0	3.3055	3.3055e+06	
29900	11.8757	35.992	0	-7.46934e-07	-3.22e-06	0	3.3055	3.3055e+06	
30000	11.7829	35.592	0	-7.46934e-07	-3.22e-06	0	3.3055	3.3055e+06	
30100	11.6726	35.3859	0	-8.87726e-07	-1.65865e-06	0	1.88127	1.88127e+06	
30200	11.5623	35.1799	0	-8.87726e-07	-1.65865e-06	0	1.88127	1.88127e+06	
30300	11.4521	34.9738	0	-8.87726e-07	-1.65865e-06	0	1.88127	1.88127e+06	
30400	11.3418	34.7678	0	-8.87726e-07	-1.65865e-06	0	1.88127	1.88127e+06	
30500	11.2315	34.5618	0	-8.87726e-07	-1.65865e-06	0	1.88127	1.88127e+06	
30600	11.178	34.7853	0	-4.30848e-07	1.79972e-06	0	1.85057	1.85057e+06	
30700	11.1245	35.0089	0	-4.30848e-07	1.79972e-06	0	1.85057	1.85057e+06	
30800	11.0709	35.2325	0	-4.30848e-07	1.79972e-06	0	1.85057	1.85057e+06	
30900	11.0174	35.456	0	-4.30848e-07	1.79972e-06	0	1.85057	1.85057e+06	
31000	10.9639	35.6796	0	-4.30848e-07	1.79972e-06	0	1.85057	1.85057e+06	
31100	10.6676	35.8847	0	-2.38505e-06	1.6509e-06	0	2.90068	2.90068e+06	
31200	10.3713	36.0898	0	-2.38505e-06	1.6509e-06	0	2.90068	2.90068e+06	
31300	10.0751	36.2948	0	-2.38505e-06	1.6509e-06	0	2.90068	2.90068e+06	
31400	9.77878	36.4999	0	-2.38505e-06	1.6509e-06	0	2.90068	2.90068e+06	
31500	9.4825	36.705	0	-2.38505e-06	1.6509e-06	0	2.90068	2.90068e+06	
31600	9.30162	36.3294	0	-1.45604e-06	-3.02328e-06	0	3.35563	3.35563e+06	
31700	9.12075	35.9539	0	-1.45604e-06	-3.02328e-06	0	3.35563	3.35563e+06	
31800	8.93987	35.5783	0	-1.45604e-06	-3.02328e-06	0	3.35563	3.35563e+06	
31900	8.759	35.2027	0	-1.45604e-06	-3.02328e-06	0	3.35563	3.35563e+06	
32000	8.57813	34.8272	0	-1.45604e-06	-3.02328e-06	0	3.35563	3.35563e+06	
32100	8.34822	35.2272	0	-1.85073e-06	3.22e-06	0	3.71397	3.71397e+06	
32200	8.11832	35.6272	0	-1.85073e-06	3.22e-06	0	3.71397	3.71397e+06	
32300	7.88841	36.0272	0	-1.85073e-06	3.22e-06	0	3.71397	3.71397e+06	
32400	7.65851	36.4272	0	-1.85073e-06	3.22e-06	0	3.71397	3.71397e+06	
32500	7.4286	36.8272	0	-1.85073e-06	3.22e-06	0	3.71397	3.71397e+06	
32600	7.4086	36.6946	0	-1.61064e-07	-1.06695e-06	0	1.07904	1.07904e+06	
32700	7.38859	36.5621	0	-1.61064e-07	-1.06695e-06	0	1.07904	1.07904e+06	
32800	7.36858	36.4296	0	-1.61064e-07	-1.06695e-06	0	1.07904	1.07904e+06	
32900	7.34857	36.297	0	-1.61064e-07	-1.06695e-06	0	1.07904	1.07904e+06	
33000	7.32857	36.1645	0	-1.61064e-07	-1.06695e-06	0	1.07904	1.07904e+06	
33100	7.02341	35.978	0	-2.4565e-06	-1.50111e-06	0	2.87885	2.87885e+06	
33200	6.71825	35.7915	0	-2.4565e-06	-1.50111e-06	0	2.87885	2.87885e+06	
33300	6.4131	35.6051	0	-2.4565e-06	-1.50111e-06	0	2.87885	2.87885e+06	
33400	6.10794	35.4186	0	-2.4565e-06	-1.50111e-06	0	2.87885	2.87885e+06	
33500	5.80279	35.2321	0	-2.4565e-06	-1.50111e-06	0	2.87885	2.87885e+06	
33600	5.56234	34.8321	0	-1.9356e-06	-3.22e-06	0	3.75699	3.75699e+06	
33700	5.32189	34.4321	0	-1.9356e-06	-3.22e-06	0	3.75699	3.75699e+06	
33800	5.08145	34.0321	0	-1.9356e-06	-3.22e-06	0	3.75699	3.75699e+06	
33900	4.841	33.6321	0	-1.9356e-06	-3.22e-06	0	3.75699	3.75699e+06	
34000	4.60055	33.2321	0	-1.9356e-06	-3.22e-06	0	3.75699	3.75699e+06	
34100	4.43184	32.8321	0	-1.35812e-06	-3.22e-06	0	3.49469	3.49469e+06	
34200	4.26313	32.4321	0	-1.35812e-06	-3.22e-06	0	3.49469	3.49469e+06	
34300	4.09442	32.0321	0	-1.35812e-06	-3.22e-06	0	3.49469	3.49469e+06	
34400	3.92571	31.6321	0	-1.35812e-06	-3.22e-06	0	3.49469	3.49469e+06	
34500	3.757	31.2321	0	-1.35812e-06	-3.22e-06	0	3.49469	3.49469e+06	
34600	3.88065	30.8321	0	9.95414e-07	-3.22e-06	0	3.37035	3.37035e+06	
34700	4.00431	30.4321	0	9.95414e-07	-3.22e-06	0	3.37035	3.37035e+06	
34800	4.12796	30.0321	0	9.95414e-07	-3.22e-06	0	3.37035	3.37035e+06	
34900	4.25161	29.6321	0	9.95414e-07	-3.22e-06	0	3.37035	3.37035e+06	
35000	4.37527	29.2321	0	9.95414e-07	-3.22e-06	0	3.37035	3.37035e+06	
35100	4.44462	28.8551	0	5.58244e-07	-3.03504e-06	0	3.08595	3.08595e+06	
35200	4.51396	28.4781	0	5.58244e-07	-3.03504e-06	0	3.08595	3.08595e+06	
35300	4.58331	28.101	0	5.58244e-07	-3.03504e-06	0	3.08595	3.08595e+06	
35400	4.65266	27.724	0	5.58244e-07	-3.03504e-06	0	3.08595	3.08595e+06	
35500	4.722	27.347	0	5.58244e-07	-3.03504e-06	0	3.08595	3.08595e+06	
35600	4.59471	27.1191	0	-1.02471e-06	-1.835e-06	0	2.10172	2.10172e+06	
35700	4.46742	26.8911	0	-1.02471e-06	-1.835e-06	0	2.10172	2.10172e+06	
35800	4.34013	26.6632	0	-1.02471e-06	-1.835e-06	0	2.10172	2.10172e+06	
35900	4.21283	26.4352	0	-1.02471e-06	-1.835e-06	0	2.10172	2.10172e+06	
36000	4.08554	26.2073	0	-1.02471e-06	-1.835e-06	0	2.10172	2.10172e+06	
36100	4.28789	26.4422	0	1.62895e-06	1.89121e-06	0	2.49603	2.49603e+06	
36200	4.49025	26.6771	0	1.62895e-06	1.89121e-06	0	2.49603	2.49603e+06	
36300	4.6926	26.9121	0	1.62895e-06	1.89121e-06	0	2.49603	2.49603e+06	
36400	4.89496	27.147	0	1.62895e-06	1.89121e-06	0	2.49603	2.49603e+06	
36500	5.09731	27.3819	0	1.62895e-06	1.89121e-06	0	2.49603	2.49603e+06	
36600	5.23666	27.357	0	1.12178e-06	-2.00817e-07	0	1.13961	1.13961e+06	
36700	5.37601	27.332	0	1.12178e-06	-2.00817e-07	0	1.13961	1.13961e+06	
36800	5.51537	27.3071	0	1.12178e-06	-2.00817e-07	0	1.13961	1.13961e+06	
36900	5.65472	27.2821	0	1.12178e-06	-2.00817e-07	0	1.13961	1.13961e+06	
37000	5.79407	27.2572	0	1.12178e-06	-2.00817e-07	0	1.13961	1.13961e+06	
37100	6.13377	27.1768	0	2.73459e-06	-6.47042e-07	0	2.8101	2.8101e+06	
37200	6.47347	27.0964	0	2.73459e-06	-6.47042e-07	0	2.8101	2.8101e+06	
37300	6.81178	27.0161	0	2.73459e-06	-6.47042e-07	0	2.8101	2.8101e+06	
37400	6.86494	26.9316	0	2.73459e-06	-6.47042e-07	0	2.8101	2.8101e+06	
37500	6.8701	26.8331	0	2.73459e-06	-6.47042e-07	0	2.8101	2.8101e+06	
37600	6.89938	26.5319	0	2.01481e-06	-2.20822e-06	0	2.98926	2.98926e+06	
37700	6.87972	26.2871	0	2.01481e-06	-2.20822e-06	0	2.98926	2.98926e+06	
37800	6.85868	26.0338	0	2.01481e-06	-2.20822e-06	0	2.98926	2.98926e+06	
37900	6.87013	25.7482	0	2.01481e-06	-2.20822e-06	0	2.98926	2.98926e+06	
38000	6.92576	25.4371	0	2.01481e-06	-2.20822e-06	0	2.98926	2.98926e+06	
38100	7.12026	24.9564	0	3.20911e-06	-3.22e-06	0	4.54608	4.54608e+06	
38200	7.4308	24.4948	0	3.20911e-06	-3.22e-06	0	4.54608	4.54608e+06	
38300	7.8165	24.0821	0	3.20911e-06	-3.22e-06	0	4.54608	4.54608e+06	
38400	7.89086	23.6606	0	3.20911e-06	-3.22e-06	0	4.54608	4.54608e+06	
38500	8.0161	23.1869	0	3.20911e-06	-3.22e-06	0	4.54608	4.54608e+06	
38600	7.87961	22.7818	0	-1.00179e-06	-3.22e-06	0	3.37224	3.37224e+06	
38700	7.75517	22.3818	0	-1.00179e-06	-3.22e-06	0	3.37224	3.37224e+06	
38800	7.63072	21.9818	0	-1.00179e-06	-3.22e-06	0	3.37224	3.37224e+06	
38900	7.50628	21.5818	0	-1.00179e-06	-3.22e-06	0	3.37224	3.37224e+06	
39000	7.38183	21.1818	0	-1.00179e-06	-3.22e-06	0	3.37224	3.37224e+06	
39100	7.18834	20.7818	0	-1.55759e-06	-3.22e-06	0	3.57694	3.57694e+06	
39200	6.99485	20.3818	0	-1.55759e-06	-3.22e-06	0	3.57694	3.57694e+06	
39300	6.80137	19.9818	0	-1.55759e-06	-3.22e-06	0	3.57694	3.57694e+06	
39400	6.60788	19.5818	0	-1.55759e-06	-3.22e-06	0	3.57694	3.57694e+06	
39500	6.41439	19.1818	0	-1.55759e-06	-3.22e-06	0	3.57694	3.57694e+06	
39600	6.02537	18.7818	0	-3.13155e-06	-3.22e-06	0	4.49166	4.49166e+06	
39700	5.63636	18.3818	0	-3.13155e-06	-3.22e-06	0	4.49166	4.49166e+06	
39800	5.24735	17.9818	0	-3.13155e-06	-3.22e-06	0	4.49166	4.49166e+06	
39900	4.85834	17.5818	0	-3.13155e-06	-3.22e-06	0	4.49166	4.49166e+06	
40000	4.46932	17.1818	0	-3.13155e-06	-3.22e-06	0	4.49166	4.49166e+06	
40100	4.41984	16.7818	0	-3.98375e-07	-3.22e-06	0	3.24455	3.24455e+06	
40200	4.37035	16.3818	0	-3.98375e-07	-3.22e-06	0	3.24455	3.24455e+06	
40300	4.32086	15.9818	0	-3.98375e-07	-3.22e-06	0	3.24455	3.24455e+06	
40400	4.27137	15.5818	0	-3.98375e-07	-3.22e-06	0	3.24455	3.24455e+06	
40500	4.22189	15.1818	0	-3.98375e-07	-3.22e-06	0	3.24455	3.24455e+06	
40600	4.23783	14.7818	0	1.28359e-07	-3.22e-06	0	3.22256	3.22256e+06	
40700	4.25378	14.3818	0	1.28359e-07	-3.22e-06	0	3.22256	3.22256e+06	
40800	4.26972	13.9818	0	1.28359e-07	-3.22e-06	0	3.22256	3.22256e+06	
40900	4.28567	13.5818	0	1.28359e-07	-3.22e-06	0	3.22256	3.22256e+06	
41000	4.30161	13.1818	0	1.28359e-07	-3.22e-06	0	3.22256	3.22256e+06	
41100	4.52416	12.7818	0	1.7915e-06	-3.22e-06	0	3.68481	3.68481e+06	
41200	4.7467	12.3818	0	1.7915e-06	-3.22e-06	0	3.68481	3.68481e+06	
41300	4.96925	11.9818	0	1.7915e-06	-3.22e-06	0	3.68481	3.68481e+06	
41400	5.1918	11.5818	0	1.7915e-06	-3.22e-06	0	3.68481	3.68481e+06	
41500	5.41434	11.1818	0	1.7915e-06	-3.22e-06	0	3.68481	3.68481e+06	
41600	5.33	10.7818	0	-6.78982e-07	-3.22e-06	0	3.29081	3.29081e+06	
41700	5.24565	10.3818	0	-6.78982e-07	-3.22e-06	0	3.29081	3.29081e+06	
41800	5.1613	9.98185	0	-6.78982e-07	-3.22e-06	0	3.29081	3.29081e+06	
41900	5.07696	9.58185	0	-6.78982e-07	-3.22e-06	0	3.29081	3.29081e+06	
42000	4.99261	9.18185	0	-6.78982e-07	-3.22e-06	0	3.29081	3.29081e+06	
42100	4.69383	8.78185	0	-2.40521e-06	-3.22e-06	0	4.01913	4.01913e+06	
42200	4.39505	8.38185	0	-2.40521e-06	-3.22e-06	0	4.01913	4.01913e+06	
42300	4.09626	7.98185	0	-2.40521e-06	-3.22e-06	0	4.01913	4.01913e+06	
42400	3.79748	7.58185	0	-2.40521e-06	-3.22e-06	0	4.01913	4.01913e+06	
42500	3.4987	7.18185	0	-2.40521e-06	-3.22e-06	0	4.01913	4.01913e+06	
42600	3.3209	6.96884	0	-1.43129e-06	-1.71469e-06	0	2.23355	2.23355e+06	
42700	3.1431	6.75584	0	-1.43129e-06	-1.71469e-06	0	2.23355	2.23355e+06	
42800	2.9653	6.54284	0	-1.43129e-06	-1.71469e-06	0	2.23355	2.23355e+06	
42900	2.7875	6.32983	0	-1.43129e-06	-1.71469e-06	0	2.23355	2.23355e+06	
43000	2.6097	6.11683	0	-1.43129e-06	-1.71469e-06	0	2.23355	2.23355e+06	
43100	2.30665	6.2263	0	-2.43952e-06	8.81286e-07	0	2.59382	2.59382e+06	
43200	2.00361	6.33578	0	-2.43952e-06	8.81286e-07	0	2.59382	2.59382e+06	
43300	1.70056	6.44526	0	-2.43952e-06	8.81286e-07	0	2.59382	2.59382e+06	
43400	1.39752	6.55473	0	-2.43952e-06	8.81286e-07	0	2.59382	2.59382e+06	
43500	1.11755	6.66077	0	-2.43952e-06	8.81286e-07	0	2.59382	2.59382e+06	
43600	1.11288	6.71254	0	-3.22e-06	8.68079e-07	0	3.33496	3.33496e+06	
43700	1.12002	6.7713	0	-3.22e-06	8.68079e-07	0	3.33496	3.33496e+06	
43800	1.12654	6.84203	0	-3.22e-06	8.68079e-07	0	3.33496	3.33496e+06	
43900	1.13133	6.92765	0	-3.22e-06	8.68079e-07	0	3.33496	3.33496e+06	
44000	1.13258	7.03119	0	-3.22e-06	8.68079e-07	0	3.33496	3.33496e+06	
44100	1.12623	6.82292	0	-3.22e-06	-1.57574e-06	0	3.58488	3.58488e+06	
44200	1.09542	6.57992	0	-3.22e-06	-1.57574e-06	0	3.58488	3.58488e+06	
44300	1.09545	6.39971	0	-3.22e-06	-1.57574e-06	0	3.58488	3.58488e+06	
44400	1.11527	6.2648	0	-3.22e-06	-1.57574e-06	0	3.58488	3.58488e+06	
44500	1.12963	6.1057	0	-3.22e-06	-1.57574e-06	0	3.58488	3.58488e+06	
44600	1.13071	5.8964	0	-3.22e-06	-1.69435e-06	0	3.63857	3.63857e+06	
44700	1.10591	5.64752	0	-3.22e-06	-1.69435e-06	0	3.63857	3.63857e+06	
44800	1.09159	5.42656	0	-3.22e-06	-1.69435e-06	0	3.63857	3.63857e+06	
44900	1.11353	5.27758	0	-3.22e-06	-1.69435e-06	0	3.63857	3.63857e+06	
45000	1.12962	5.10512	0	-3.22e-06	-1.69435e-06	0	3.63857	3.63857e+06	
45100	1.13273	4.99609	0	-3.22e-06	-9.58405e-07	0	3.3596	3.3596e+06	
45200	1.12884	4.86464	0	-3.22e-06	-9.58405e-07	0	3.3596	3.3596e+06	
45300	1.11376	4.7078	0	-3.22e-06	-9.58405e-07	0	3.3596	3.3596e+06	
45400	1.08932	4.5369	0	-3.22e-06	-9.58405e-07	0	3.3596	3.3596e+06	
45500	1.09106	4.43503	0	-3.22e-06	-9.58405e-07	0	3.3596	3.3596e+06	
45600	1.09796	4.38762	0	-3.22e-06	-8.46061e-07	0	3.3293	3.3293e+06	
45700	1.1046	4.34492	0	-3.22e-06	-8.46061e-07	0	3.3293	3.3293e+06	
45800	1.11135	4.29884	0	-3.22e-06	-8.46061e-07	0	3.3293	3.3293e+06	
45900	1.11818	4.2452	0	-3.22e-06	-8.46061e-07	0	3.3293	3.3293e+06	
46000	1.12469	4.18089	0	-3.22e-06	-8.46061e-07	0	3.3293	3.3293e+06	
46100	1.1326	4.01413	0	-3.22e-06	-1.49851e-06	0	3.55161	3.55161e+06	
46200	1.12539	3.81296	0	-3.22e-06	-1.49851e-06	0	3.55161	3.55161e+06	
46300	1.09516	3.57871	0	-3.22e-06	-1.49851e-06	0	3.55161	3.55161e+06	
46400	1.09454	3.40635	0	-3.22e-06	-1.49851e-06	0	3.55161	3.55161e+06	
46500	1.11312	3.28187	0	-3.22e-06	-1.49851e-06	0	3.55161	3.55161e+06	
46600	1.13261	2.96466	0	-3.22e-06	-2.76278e-06	0	4.2428	4.2428e+06	
46700	1.09774	2.58688	0	-3.22e-06	-2.76278e-06	0	4.2428	4.2428e+06	
46800	1.11261	2.27826	0	-3.22e-06	-2.76278e-06	0	4.2428	4.2428e+06	
46900	1.12953	2.13328	0	-3.22e-06	-2.76278e-06	0	4.2428	4.2428e+06	
47000	1.12953	2.13328	0	-3.22e-06	-2.76278e-06	0	4.2428	4.2428e+06	
47100	1.12981	2.1309	0	-3.22e-06	-3.07929e-06	0	4.45538	4.45538e+06	
47200	1.12981	2.1309	0	-3.22e-06	-3.07929e-06	0	4.45538	4.45538e+06	
47300	1.12981	2.1309	0	-3.22e-06	-3.07929e-06	0	4.45538	4.45538e+06	
47400	1.12981	2.1309	0	-3.22e-06	-3.07929e-06	0	4.45538	4.45538e+06	
47500	1.12981	2.1309	0	-3.22e-06	-3.07929e-06	0	4.45538	4.45538e+06	
47600	1.1076	2.33747	0	-3.22e-06	1.13376e-06	0	3.41377	3.41377e+06	
47700	1.08711	2.51478	0	-3.22e-06	1.13376e-06	0	3.41377	3.41377e+06	
47800	1.09713	2.60873	0	-3.22e-06	1.13376e-06	0	3.41377	3.41377e+06	
47900	1.10915	2.68739	0	-3.22e-06	1.13376e-06	0	3.41377	3.41377e+06	
48000	1.12044	2.7769	0	-3.22e-06	1.13376e-06	0	3.41377	3.41377e+06	
48100	1.1326	3.03468	0	-3.22e-06	2.23228e-06	0	3.9181	3.9181e+06	
48200	1.10781	3.34329	0	-3.22e-06	2.23228e-06	0	3.9181	3.9181e+06	
48300	1.09758	3.61801	0	-3.22e-06	2.23228e-06	0	3.9181	3.9181e+06	
48400	1.12589	3.84217	0	-3.22e-06	2.23228e-06	0	3.9181	3.9181e+06	
48500	1.13038	4.11386	0	-3.22e-06	2.23228e-06	0	3.9181	3.9181e+06	
48600	1.12461	4.18943	0	-3.22e-06	3.8497e-07	0	3.24293	3.24293e+06	
48700	1.11492	4.27963	0	-3.22e-06	3.8497e-07	0	3.24293	3.24293e+06	
48800	1.09981	4.38345	0	-3.22e-06	3.8497e-07	0	3.24293	3.24293e+06	
48900	1.08787	4.47632	0	-3.22e-06	3.8497e-07	0	3.24293	3.24293e+06	
49000	1.08748	4.52192	0	-3.22e-06	3.8497e-07	0	3.24293	3.24293e+06	
49100	1.11669	4.75101	0	-3.22e-06	2.30284e-06	0	3.95872	3.95872e+06	
49200	1.1327	5.01264	0	-3.22e-06	2.30284e-06	0	3.95872	3.95872e+06	
49300	1.11023	5.32689	0	-3.22e-06	2.30284e-06	0	3.95872	3.95872e+06	
49400	1.09694	5.61426	0	-3.22e-06	2.30284e-06	0	3.95872	3.95872e+06	
49500	1.12626	5.84728	0	-3.22e-06	2.30284e-06	0	3.95872	3.95872e+06	
49600	1.13246	5.97289	0	-3.22e-06	1.15351e-06	0	3.42038	3.42038e+06	
49700	1.12953	6.12462	0	-3.22e-06	1.15351e-06	0	3.42038	3.42038e+06	
49800	1.11215	6.30553	0	-3.22e-06	1.15351e-06	0	3.42038	3.42038e+06	
49900	1.08728	6.49407	0	-3.22e-06	1.15351e-06	0	3.42038	3.42038e+06	
50000	1.09559	6.59875	0	-3.22e-06	1.15351e-06	0	3.42038	3.42038e+06	
