0	66	64	0	-3.22e-06	-1.87486e-06	0	3.72606	3.72606e+06	
100	65.6	63.7119	0	-3.22e-06	-2.31939e-06	0	3.96837	3.96837e+06	
200	65.2	63.4238	0	-3.22e-06	-2.31939e-06	0	3.96837	3.96837e+06	
300	64.8	63.1356	0	-3.22e-06	-2.31939e-06	0	3.96837	3.96837e+06	
400	64.4	62.8475	0	-3.22e-06	-2.31939e-06	0	3.96837	3.96837e+06	
500	64	62.5594	0	-3.22e-06	-2.31939e-06	0	3.96837	3.96837e+06	
600	63.7874	62.2345	0	-1.71169e-06	-2.61563e-06	0	3.12592	3.12592e+06	
700	63.5747	61.9095	0	-1.71169e-06	-2.61563e-06	0	3.12592	3.12592e+06	
800	63.3621	61.5846	0	-1.71169e-06	-2.61563e-06	0	3.12592	3.12592e+06	
900	63.1495	61.2597	0	-1.71169e-06	-2.61563e-06	0	3.12592	3.12592e+06	
1000	62.9368	60.9348	0	-1.71169e-06	-2.61563e-06	0	3.12592	3.12592e+06	
1100	63.1487	60.5348	0	1.7056e-06	-3.22e-06	0	3.64383	3.64383e+06	
1200	63.3606	60.1348	0	1.7056e-06	-3.22e-06	0	3.64383	3.64383e+06	
1300	63.5725	59.7348	0	1.7056e-06	-3.22e-06	0	3.64383	3.64383e+06	
1400	63.7843	59.3348	0	1.7056e-06	-3.22e-06	0	3.64383	3.64383e+06	
1500	63.9962	58.9348	0	1.7056e-06	-3.22e-06	0	3.64383	3.64383e+06	
1600	63.9978	58.5893	0	1.29082e-08	-2.781e-06	0	2.78103	2.78103e+06	
1700	63.9994	58.2438	0	1.29082e-08	-2.781e-06	0	2.78103	2.78103e+06	
1800	64.001	57.8984	0	1.29082e-08	-2.781e-06	0	2.78103	2.78103e+06	
1900	64.0026	57.5529	0	1.29082e-08	-2.781e-06	0	2.78103	2.78103e+06	
2000	64.0042	57.2074	0	1.29082e-08	-2.781e-06	0	2.78103	2.78103e+06	
2100	64.1811	56.8074	0	1.42397e-06	-3.22e-06	0	3.52081	3.52081e+06	
2200	64.358	56.4074	0	1.42397e-06	-3.22e-06	0	3.52081	3.52081e+06	
2300	64.5349	56.0074	0	1.42397e-06	-3.22e-06	0	3.52081	3.52081e+06	
2400	64.7118	55.6074	0	1.42397e-06	-3.22e-06	0	3.52081	3.52081e+06	
2500	64.8887	55.2074	0	1.42397e-06	-3.22e-06	0	3.52081	3.52081e+06	
2600	64.9246	55.0567	0	2.8923e-07	-1.21375e-06	0	1.24773	1.24773e+06	
2700	64.9605	54.9059	0	2.8923e-07	-1.21375e-06	0	1.24773	1.24773e+06	
2800	64.9965	54.7551	0	2.8923e-07	-1.21375e-06	0	1.24773	1.24773e+06	
2900	65.0324	54.6043	0	2.8923e-07	-1.21375e-06	0	1.24773	1.24773e+06	
3000	65.0683	54.4536	0	2.8923e-07	-1.21375e-06	0	1.24773	1.24773e+06	
3100	64.9895	54.5049	0	-6.34294e-07	4.12942e-07	0	0.756868	756868	
3200	64.9107	54.5562	0	-6.34294e-07	4.12942e-07	0	0.756868	756868	
3300	64.832	54.6075	0	-6.34294e-07	4.12942e-07	0	0.756868	756868	
3400	64.7532	54.6588	0	-6.34294e-07	4.12942e-07	0	0.756868	756868	
3500	64.6744	54.71	0	-6.34294e-07	4.12942e-07	0	0.756868	756868	
3600	64.9606	54.31	0	2.30436e-06	-3.22e-06	0	3.95961	3.95961e+06	
3700	65.2469	53.91	0	2.30436e-06	-3.22e-06	0	3.95961	3.95961e+06	
3800	65.5331	53.51	0	2.30436e-06	-3.22e-06	0	3.95961	3.95961e+06	
3900	65.8194	53.11	0	2.30436e-06	-3.22e-06	0	3.95961	3.95961e+06	
4000	66.1056	52.71	0	2.30436e-06	-3.22e-06	0	3.95961	3.95961e+06	
4100	66.3072	52.31	0	1.62276e-06	-3.22e-06	0	3.60579	3.60579e+06	
4200	66.5088	51.91	0	1.62276e-06	-3.22e-06	0	3.60579	3.60579e+06	
4300	66.6171	51.6214	0	1.62276e-06	-3.22e-06	0	3.60579	3.60579e+06	
4400	66.5296	51.5429	0	1.62276e-06	-3.22e-06	0	3.60579	3.60579e+06	
4500	66.4286	51.4405	0	1.62276e-06	-3.22e-06	0	3.60579	3.60579e+06	
4600	66.1076	51.0961	0	-2.02479e-06	-3.22e-06	0	3.80371	3.80371e+06	
4700	65.8481	50.7002	0	-2.02479e-06	-3.22e-06	0	3.80371	3.80371e+06	
4800	65.5965	50.3002	0	-2.02479e-06	-3.22e-06	0	3.80371	3.80371e+06	
4900	65.345	49.9002	0	-2.02479e-06	-3.22e-06	0	3.80371	3.80371e+06	
5000	65.0934	49.5002	0	-2.02479e-06	-3.22e-06	0	3.80371	3.80371e+06	
5100	65.0721	49.1002	0	-1.71884e-07	-3.22e-06	0	3.22458	3.22458e+06	
5200	65.0507	48.7002	0	-1.71884e-07	-3.22e-06	0	3.22458	3.22458e+06	
5300	65.0294	48.3002	0	-1.71884e-07	-3.22e-06	0	3.22458	3.22458e+06	
5400	65.008	47.9002	0	-1.71884e-07	-3.22e-06	0	3.22458	3.22458e+06	
5500	64.9867	47.5002	0	-1.71884e-07	-3.22e-06	0	3.22458	3.22458e+06	
5600	65.2108	47.1002	0	1.80451e-06	-3.22e-06	0	3.69116	3.69116e+06	
5700	65.435	46.7002	0	1.80451e-06	-3.22e-06	0	3.69116	3.69116e+06	
5800	65.6592	46.3002	0	1.80451e-06	-3.22e-06	0	3.69116	3.69116e+06	
5900	65.8525	45.8995	0	1.80451e-06	-3.22e-06	0	3.69116	3.69116e+06	
6000	65.8992	45.4821	0	1.80451e-06	-3.22e-06	0	3.69116	3.69116e+06	
6100	65.8569	45.1076	0	1.46913e-06	-3.22e-06	0	3.53931	3.53931e+06	
6200	65.8664	44.7015	0	1.46913e-06	-3.22e-06	0	3.53931	3.53931e+06	
6300	65.8789	44.3075	0	1.46913e-06	-3.22e-06	0	3.53931	3.53931e+06	
6400	65.8523	43.92	0	1.46913e-06	-3.22e-06	0	3.53931	3.53931e+06	
6500	65.892	43.5057	0	1.46913e-06	-3.22e-06	0	3.53931	3.53931e+06	
6600	65.8699	43.1465	0	2.61629e-06	-3.22e-06	0	4.1489	4.1489e+06	
6700	65.8759	42.7403	0	2.61629e-06	-3.22e-06	0	4.1489	4.1489e+06	
6800	65.8933	42.341	0	2.61629e-06	-3.22e-06	0	4.1489	4.1489e+06	
6900	65.8632	41.9684	0	2.61629e-06	-3.22e-06	0	4.1489	4.1489e+06	
7000	65.9032	41.5411	0	2.61629e-06	-3.22e-06	0	4.1489	4.1489e+06	
7100	65.8772	41.1873	0	3.22e-06	-3.22e-06	0	4.55377	4.55377e+06	
7200	65.8759	40.7876	0	3.22e-06	-3.22e-06	0	4.55377	4.55377e+06	
7300	65.9025	40.3768	0	3.22e-06	-3.22e-06	0	4.55377	4.55377e+06	
7400	65.8677	40.0181	0	3.22e-06	-3.22e-06	0	4.55377	4.55377e+06	
7500	65.9015	39.5884	0	3.22e-06	-3.22e-06	0	4.55377	4.55377e+06	
7600	65.8641	39.2041	0	1.34567e-06	-3.22e-06	0	3.48987	3.48987e+06	
7700	65.8551	38.806	0	1.34567e-06	-3.22e-06	0	3.48987	3.48987e+06	
7800	65.9199	38.3879	0	1.34567e-06	-3.22e-06	0	3.48987	3.48987e+06	
7900	66.052	37.9747	0	1.34567e-06	-3.22e-06	0	3.48987	3.48987e+06	
8000	66.2158	37.5727	0	1.34567e-06	-3.22e-06	0	3.48987	3.48987e+06	
8100	66.0702	37.1727	0	-1.17203e-06	-3.22e-06	0	3.42667	3.42667e+06	
8200	65.9246	36.7727	0	-1.17203e-06	-3.22e-06	0	3.42667	3.42667e+06	
8300	65.779	36.3727	0	-1.17203e-06	-3.22e-06	0	3.42667	3.42667e+06	
8400	65.6334	35.9727	0	-1.17203e-06	-3.22e-06	0	3.42667	3.42667e+06	
8500	65.4878	35.5727	0	-1.17203e-06	-3.22e-06	0	3.42667	3.42667e+06	
8600	65.4207	35.1727	0	-5.39983e-07	-3.22e-06	0	3.26496	3.26496e+06	
8700	65.3536	34.7727	0	-5.39983e-07	-3.22e-06	0	3.26496	3.26496e+06	
8800	65.2866	34.3727	0	-5.39983e-07	-3.22e-06	0	3.26496	3.26496e+06	
8900	65.2195	33.9727	0	-5.39983e-07	-3.22e-06	0	3.26496	3.26496e+06	
9000	65.1524	33.5727	0	-5.39983e-07	-3.22e-06	0	3.26496	3.26496e+06	
9100	64.8297	33.1727	0	-2.5975e-06	-3.22e-06	0	4.13708	4.13708e+06	
9200	64.5071	32.7727	0	-2.5975e-06	-3.22e-06	0	4.13708	4.13708e+06	
9300	64.1844	32.3727	0	-2.5975e-06	-3.22e-06	0	4.13708	4.13708e+06	
9400	63.8617	31.9727	0	-2.5975e-06	-3.22e-06	0	4.13708	4.13708e+06	
9500	63.5391	31.5727	0	-2.5975e-06	-3.22e-06	0	4.13708	4.13708e+06	
9600	63.1391	31.1727	0	-3.22e-06	-3.22e-06	0	4.55377	4.55377e+06	
9700	62.7391	30.7727	0	-3.22e-06	-3.22e-06	0	4.55377	4.55377e+06	
9800	62.3391	30.3727	0	-3.22e-06	-3.22e-06	0	4.55377	4.55377e+06	
9900	61.9391	29.9727	0	-3.22e-06	-3.22e-06	0	4.55377	4.55377e+06	
10000	61.5391	29.5727	0	-3.22e-06	-3.22e-06	0	4.55377	4.55377e+06	
10100	61.1391	29.1727	0	-3.22e-06	-3.22e-06	0	4.55377	4.55377e+06	
10200	60.7391	28.7727	0	-3.22e-06	-3.22e-06	0	4.55377	4.55377e+06	
10300	60.3391	28.3727	0	-3.22e-06	-3.22e-06	0	4.55377	4.55377e+06	
10400	59.9391	27.9727	0	-3.22e-06	-3.22e-06	0	4.55377	4.55377e+06	
10500	59.5391	27.5727	0	-3.22e-06	-3.22e-06	0	4.55377	4.55377e+06	
10600	59.1391	27.6121	0	-3.22e-06	3.16863e-07	0	3.23555	3.23555e+06	
10700	58.7391	27.6514	0	-3.22e-06	3.16863e-07	0	3.23555	3.23555e+06	
10800	58.3391	27.6908	0	-3.22e-06	3.16863e-07	0	3.23555	3.23555e+06	
10900	57.9391	27.7302	0	-3.22e-06	3.16863e-07	0	3.23555	3.23555e+06	
11000	57.5391	27.7695	0	-3.22e-06	3.16863e-07	0	3.23555	3.23555e+06	
11100	57.1391	28.0382	0	-3.22e-06	2.16259e-06	0	3.87881	3.87881e+06	
11200	56.7391	28.3068	0	-3.22e-06	2.16259e-06	0	3.87881	3.87881e+06	
11300	56.3391	28.5755	0	-3.22e-06	2.16259e-06	0	3.87881	3.87881e+06	
11400	55.9391	28.8441	0	-3.22e-06	2.16259e-06	0	3.87881	3.87881e+06	
11500	55.5391	29.1127	0	-3.22e-06	2.16259e-06	0	3.87881	3.87881e+06	
11600	55.1391	29.219	0	-3.22e-06	8.55213e-07	0	3.33163	3.33163e+06	
11700	54.7391	29.3252	0	-3.22e-06	8.55213e-07	0	3.33163	3.33163e+06	
11800	54.3391	29.4315	0	-3.22e-06	8.55213e-07	0	3.33163	3.33163e+06	
11900	53.9391	29.5377	0	-3.22e-06	8.55213e-07	0	3.33163	3.33163e+06	
12000	53.5391	29.6439	0	-3.22e-06	8.55213e-07	0	3.33163	3.33163e+06	
12100	53.1391	29.2439	0	-3.22e-06	-3.22e-06	0	4.55377	4.55377e+06	
12200	52.7391	28.8439	0	-3.22e-06	-3.22e-06	0	4.55377	4.55377e+06	
12300	52.3391	28.4439	0	-3.22e-06	-3.22e-06	0	4.55377	4.55377e+06	
12400	51.9391	28.0439	0	-3.22e-06	-3.22e-06	0	4.55377	4.55377e+06	
12500	51.5391	27.6439	0	-3.22e-06	-3.22e-06	0	4.55377	4.55377e+06	
12600	51.3307	27.2439	0	-1.6773e-06	-3.22e-06	0	3.63066	3.63066e+06	
12700	51.1223	26.8439	0	-1.6773e-06	-3.22e-06	0	3.63066	3.63066e+06	
12800	50.914	26.4439	0	-1.6773e-06	-3.22e-06	0	3.63066	3.63066e+06	
12900	50.7056	26.0439	0	-1.6773e-06	-3.22e-06	0	3.63066	3.63066e+06	
13000	50.4973	25.6439	0	-1.6773e-06	-3.22e-06	0	3.63066	3.63066e+06	
13100	50.3555	25.2439	0	-1.14117e-06	-3.22e-06	0	3.41624	3.41624e+06	
13200	50.2137	24.8439	0	-1.14117e-06	-3.22e-06	0	3.41624	3.41624e+06	
13300	50.072	24.4439	0	-1.14117e-06	-3.22e-06	0	3.41624	3.41624e+06	
13400	49.9302	24.0439	0	-1.14117e-06	-3.22e-06	0	3.41624	3.41624e+06	
13500	49.7884	23.6439	0	-1.14117e-06	-3.22e-06	0	3.41624	3.41624e+06	
13600	49.4455	23.2439	0	-2.76069e-06	-3.22e-06	0	4.24144	4.24144e+06	
13700	49.1026	22.8439	0	-2.76069e-06	-3.22e-06	0	4.24144	4.24144e+06	
13800	48.7596	22.4439	0	-2.76069e-06	-3.22e-06	0	4.24144	4.24144e+06	
13900	48.4167	22.0439	0	-2.76069e-06	-3.22e-06	0	4.24144	4.24144e+06	
14000	48.0737	21.6439	0	-2.76069e-06	-3.22e-06	0	4.24144	4.24144e+06	
14100	47.6737	21.2439	0	-3.22e-06	-3.22e-06	0	4.55377	4.55377e+06	
14200	47.2737	20.8439	0	-3.22e-06	-3.22e-06	0	4.55377	4.55377e+06	
14300	46.8737	20.4439	0	-3.22e-06	-3.22e-06	0	4.55377	4.55377e+06	
14400	46.4737	20.0439	0	-3.22e-06	-3.22e-06	0	4.55377	4.55377e+06	
14500	46.0737	19.6439	0	-3.22e-06	-3.22e-06	0	4.55377	4.55377e+06	
14600	45.6737	19.2439	0	-3.22e-06	-3.22e-06	0	4.55377	4.55377e+06	
14700	45.2737	18.8439	0	-3.22e-06	-3.22e-06	0	4.55377	4.55377e+06	
14800	44.8737	18.4439	0	-3.22e-06	-3.22e-06	0	4.55377	4.55377e+06	
14900	44.4737	18.0439	0	-3.22e-06	-3.22e-06	0	4.55377	4.55377e+06	
15000	44.0737	17.6439	0	-3.22e-06	-3.22e-06	0	4.55377	4.55377e+06	
15100	43.6737	17.5933	0	-3.22e-06	-4.07227e-07	0	3.24565	3.24565e+06	
15200	43.2737	17.5428	0	-3.22e-06	-4.07227e-07	0	3.24565	3.24565e+06	
15300	42.8737	17.4922	0	-3.22e-06	-4.07227e-07	0	3.24565	3.24565e+06	
15400	42.4737	17.4416	0	-3.22e-06	-4.07227e-07	0	3.24565	3.24565e+06	
15500	42.0737	17.391	0	-3.22e-06	-4.07227e-07	0	3.24565	3.24565e+06	
15600	41.6737	17.791	0	-3.22e-06	3.22e-06	0	4.55377	4.55377e+06	
15700	41.2737	18.191	0	-3.22e-06	3.22e-06	0	4.55377	4.55377e+06	
15800	40.8737	18.591	0	-3.22e-06	3.22e-06	0	4.55377	4.55377e+06	
15900	40.4895	18.9276	0	-3.22e-06	3.22e-06	0	4.55377	4.55377e+06	
16000	40.1621	18.875	0	-3.22e-06	3.22e-06	0	4.55377	4.55377e+06	
16100	39.7931	18.8374	0	-3.22e-06	1.04796e-06	0	3.38624	3.38624e+06	
16200	39.7159	18.7333	0	-3.22e-06	1.04796e-06	0	3.38624	3.38624e+06	
16300	39.6257	18.6187	0	-3.22e-06	1.04796e-06	0	3.38624	3.38624e+06	
16400	39.5076	18.4897	0	-3.22e-06	1.04796e-06	0	3.38624	3.38624e+06	
16500	39.3539	18.3491	0	-3.22e-06	1.04796e-06	0	3.38624	3.38624e+06	
16600	39.2171	18.2506	0	-3.22e-06	1.99999e-06	0	3.79056	3.79056e+06	
16700	39.0434	18.1405	0	-3.22e-06	1.99999e-06	0	3.79056	3.79056e+06	
16800	38.9148	18.0527	0	-3.22e-06	1.99999e-06	0	3.79056	3.79056e+06	
16900	38.9001	18.0317	0	-3.22e-06	1.99999e-06	0	3.79056	3.79056e+06	
17000	38.8963	18.0257	0	-3.22e-06	1.99999e-06	0	3.79056	3.79056e+06	
17100	38.9078	18.0456	0	-3.22e-06	2.42922e-06	0	4.03355	4.03355e+06	
17200	38.9101	18.0488	0	-3.22e-06	2.42922e-06	0	4.03355	4.03355e+06	
17300	38.9104	18.0493	0	-3.22e-06	2.42922e-06	0	4.03355	4.03355e+06	
17400	38.9105	18.0493	0	-3.22e-06	2.42922e-06	0	4.03355	4.03355e+06	
17500	38.9105	18.0493	0	-3.22e-06	2.42922e-06	0	4.03355	4.03355e+06	
17600	38.9117	18.0509	0	-3.18605e-06	2.45148e-06	0	4.02003	4.02003e+06	
17700	38.9119	18.0511	0	-3.18605e-06	2.45148e-06	0	4.02003	4.02003e+06	
17800	38.9119	18.0511	0	-3.18605e-06	2.45148e-06	0	4.02003	4.02003e+06	
17900	38.9119	18.0511	0	-3.18605e-06	2.45148e-06	0	4.02003	4.02003e+06	
18000	38.9119	18.0511	0	-3.18605e-06	2.45148e-06	0	4.02003	4.02003e+06	
18100	38.9109	18.0501	0	-3.22e-06	2.44267e-06	0	4.04166	4.04166e+06	
18200	38.9108	18.0499	0	-3.22e-06	2.44267e-06	0	4.04166	4.04166e+06	
18300	38.9108	18.0499	0	-3.22e-06	2.44267e-06	0	4.04166	4.04166e+06	
18400	38.9108	18.0499	0	-3.22e-06	2.44267e-06	0	4.04166	4.04166e+06	
18500	38.9108	18.0499	0	-3.22e-06	2.44267e-06	0	4.04166	4.04166e+06	
18600	38.892	17.9786	0	-1.46525e-06	2.79076e-07	0	1.49159	1.49159e+06	
18700	38.8617	17.9258	0	-1.46525e-06	2.79076e-07	0	1.49159	1.49159e+06	
18800	38.8291	17.8709	0	-1.46525e-06	2.79076e-07	0	1.49159	1.49159e+06	
18900	38.7922	17.8128	0	-1.46525e-06	2.79076e-07	0	1.49159	1.49159e+06	
19000	38.7502	17.7513	0	-1.46525e-06	2.79076e-07	0	1.49159	1.49159e+06	
19100	38.8429	17.9283	0	-2.02858e-06	3.22e-06	0	3.80572	3.80572e+06	
19200	38.9392	18.0785	0	-2.02858e-06	3.22e-06	0	3.80572	3.80572e+06	
19300	38.9652	18.0981	0	-2.02858e-06	3.22e-06	0	3.80572	3.80572e+06	
19400	38.9716	18.1021	0	-2.02858e-06	3.22e-06	0	3.80572	3.80572e+06	
19500	38.9738	18.1035	0	-2.02858e-06	3.22e-06	0	3.80572	3.80572e+06	
19600	38.9603	18.0912	0	-1.9662e-06	2.64948e-06	0	3.29934	3.29934e+06	
19700	38.9564	18.0885	0	-1.9662e-06	2.64948e-06	0	3.29934	3.29934e+06	
19800	38.9556	18.0879	0	-1.9662e-06	2.64948e-06	0	3.29934	3.29934e+06	
19900	38.9554	18.0878	0	-1.9662e-06	2.64948e-06	0	3.29934	3.29934e+06	
20000	38.9554	18.0878	0	-1.9662e-06	2.64948e-06	0	3.29934	3.29934e+06	
20100	39.1728	18.2053	0	7.12926e-07	2.6389e-06	0	2.73351	2.73351e+06	
20200	39.3881	18.3621	0	7.12926e-07	2.6389e-06	0	2.73351	2.73351e+06	
20300	39.6	18.5619	0	7.12926e-07	2.6389e-06	0	2.73351	2.73351e+06	
20400	39.7963	18.8044	0	7.12926e-07	2.6389e-06	0	2.73351	2.73351e+06	
20500	39.9092	18.8653	0	7.12926e-07	2.6389e-06	0	2.73351	2.73351e+06	
20600	40.1524	18.8669	0	1.92442e-06	2.53973e-06	0	3.18647	3.18647e+06	
20700	40.4289	18.9024	0	1.92442e-06	2.53973e-06	0	3.18647	3.18647e+06	
20800	40.7328	18.9843	0	1.92442e-06	2.53973e-06	0	3.18647	3.18647e+06	
20900	41.0512	19.124	0	1.92442e-06	2.53973e-06	0	3.18647	3.18647e+06	
21000	41.3655	19.327	0	1.92442e-06	2.53973e-06	0	3.18647	3.18647e+06	
21100	41.6742	19.447	0	2.40563e-06	1.05894e-06	0	2.62838	2.62838e+06	
21200	41.973	19.5786	0	2.40563e-06	1.05894e-06	0	2.62838	2.62838e+06	
21300	42.2719	19.7101	0	2.40563e-06	1.05894e-06	0	2.62838	2.62838e+06	
21400	42.5707	19.8417	0	2.40563e-06	1.05894e-06	0	2.62838	2.62838e+06	
21500	42.8695	19.9732	0	2.40563e-06	1.05894e-06	0	2.62838	2.62838e+06	
21600	43.1676	19.6911	0	2.39908e-06	-2.27123e-06	0	3.30364	3.30364e+06	
21700	43.4656	19.4089	0	2.39908e-06	-2.27123e-06	0	3.30364	3.30364e+06	
21800	43.7636	19.1268	0	2.39908e-06	-2.27123e-06	0	3.30364	3.30364e+06	
21900	44.0616	18.8446	0	2.39908e-06	-2.27123e-06	0	3.30364	3.30364e+06	
22000	44.3596	18.5625	0	2.39908e-06	-2.27123e-06	0	3.30364	3.30364e+06	
22100	44.3097	18.1625	0	-4.01824e-07	-3.22e-06	0	3.24497	3.24497e+06	
22200	44.2598	17.7625	0	-4.01824e-07	-3.22e-06	0	3.24497	3.24497e+06	
22300	44.2099	17.3625	0	-4.01824e-07	-3.22e-06	0	3.24497	3.24497e+06	
22400	44.16	16.9625	0	-4.01824e-07	-3.22e-06	0	3.24497	3.24497e+06	
22500	44.1101	16.5625	0	-4.01824e-07	-3.22e-06	0	3.24497	3.24497e+06	
22600	44.1019	16.9371	0	-6.55647e-08	3.01526e-06	0	3.01597	3.01597e+06	
22700	44.0938	17.3116	0	-6.55647e-08	3.01526e-06	0	3.01597	3.01597e+06	
22800	44.0856	17.6862	0	-6.55647e-08	3.01526e-06	0	3.01597	3.01597e+06	
22900	44.0775	18.0608	0	-6.55647e-08	3.01526e-06	0	3.01597	3.01597e+06	
23000	44.0693	18.4353	0	-6.55647e-08	3.01526e-06	0	3.01597	3.01597e+06	
23100	43.9302	18.4333	0	-1.12034e-06	-1.61203e-08	0	1.12046	1.12046e+06	
23200	43.791	18.4313	0	-1.12034e-06	-1.61203e-08	0	1.12046	1.12046e+06	
23300	43.6518	18.4293	0	-1.12034e-06	-1.61203e-08	0	1.12046	1.12046e+06	
23400	43.5126	18.4273	0	-1.12034e-06	-1.61203e-08	0	1.12046	1.12046e+06	
23500	43.3735	18.4253	0	-1.12034e-06	-1.61203e-08	0	1.12046	1.12046e+06	
23600	43.5333	18.4088	0	1.28631e-06	-1.32855e-07	0	1.29315	1.29315e+06	
23700	43.6931	18.3923	0	1.28631e-06	-1.32855e-07	0	1.29315	1.29315e+06	
23800	43.8528	18.3758	0	1.28631e-06	-1.32855e-07	0	1.29315	1.29315e+06	
23900	44.0126	18.3593	0	1.28631e-06	-1.32855e-07	0	1.29315	1.29315e+06	
24000	44.1724	18.3428	0	1.28631e-06	-1.32855e-07	0	1.29315	1.29315e+06	
24100	44.0646	18.2833	0	-8.67633e-07	-4.79135e-07	0	0.99114	991140	
24200	43.9569	18.2238	0	-8.67633e-07	-4.79135e-07	0	0.99114	991140	
24300	43.8491	18.1642	0	-8.67633e-07	-4.79135e-07	0	0.99114	991140	
24400	43.7413	18.1047	0	-8.67633e-07	-4.79135e-07	0	0.99114	991140	
24500	43.6335	18.0452	0	-8.67633e-07	-4.79135e-07	0	0.99114	991140	
24600	43.4675	17.9989	0	-1.33623e-06	-3.72961e-07	0	1.3873	1.3873e+06	
24700	43.3015	17.9525	0	-1.33623e-06	-3.72961e-07	0	1.3873	1.3873e+06	
24800	43.1355	17.9062	0	-1.33623e-06	-3.72961e-07	0	1.3873	1.3873e+06	
24900	42.9696	17.8599	0	-1.33623e-06	-3.72961e-07	0	1.3873	1.3873e+06	
25000	42.8036	17.8135	0	-1.33623e-06	-3.72961e-07	0	1.3873	1.3873e+06	
25100	42.8284	17.7889	0	1.99937e-07	-1.98092e-07	0	0.281452	281452	
25200	42.8532	17.7643	0	1.99937e-07	-1.98092e-07	0	0.281452	281452	
25300	42.8781	17.7397	0	1.99937e-07	-1.98092e-07	0	0.281452	281452	
25400	42.9029	17.7151	0	1.99937e-07	-1.98092e-07	0	0.281452	281452	
25500	42.9278	17.6905	0	1.99937e-07	-1.98092e-07	0	0.281452	281452	
25600	43.0776	17.8488	0	1.20654e-06	1.27443e-06	0	1.75496	1.75496e+06	
25700	43.2275	18.0071	0	1.20654e-06	1.27443e-06	0	1.75496	1.75496e+06	
25800	43.3774	18.1655	0	1.20654e-06	1.27443e-06	0	1.75496	1.75496e+06	
25900	43.5273	18.3238	0	1.20654e-06	1.27443e-06	0	1.75496	1.75496e+06	
26000	43.6772	18.4821	0	1.20654e-06	1.27443e-06	0	1.75496	1.75496e+06	
26100	43.6292	18.1692	0	-3.8568e-07	-2.51863e-06	0	2.54799	2.54799e+06	
26200	43.5813	17.8563	0	-3.8568e-07	-2.51863e-06	0	2.54799	2.54799e+06	
26300	43.5334	17.5435	0	-3.8568e-07	-2.51863e-06	0	2.54799	2.54799e+06	
26400	43.4855	17.2306	0	-3.8568e-07	-2.51863e-06	0	2.54799	2.54799e+06	
26500	43.4376	16.9177	0	-3.8568e-07	-2.51863e-06	0	2.54799	2.54799e+06	
26600	43.0376	17.3177	0	-3.22e-06	3.22e-06	0	4.55377	4.55377e+06	
26700	42.6376	17.7177	0	-3.22e-06	3.22e-06	0	4.55377	4.55377e+06	
26800	42.2376	18.1177	0	-3.22e-06	3.22e-06	0	4.55377	4.55377e+06	
26900	41.8376	18.5177	0	-3.22e-06	3.22e-06	0	4.55377	4.55377e+06	
27000	41.4376	18.9177	0	-3.22e-06	3.22e-06	0	4.55377	4.55377e+06	
27100	41.6214	19.3177	0	1.47928e-06	3.22e-06	0	3.54354	3.54354e+06	
27200	41.8062	19.7169	0	1.47928e-06	3.22e-06	0	3.54354	3.54354e+06	
27300	42.0106	20.0969	0	1.47928e-06	3.22e-06	0	3.54354	3.54354e+06	
27400	42.318	20.3068	0	1.47928e-06	3.22e-06	0	3.54354	3.54354e+06	
27500	42.6196	20.5796	0	1.47928e-06	3.22e-06	0	3.54354	3.54354e+06	
27600	42.8366	20.5794	0	1.66522e-06	6.87521e-08	0	1.66664	1.66664e+06	
27700	43.0435	20.5879	0	1.66522e-06	6.87521e-08	0	1.66664	1.66664e+06	
27800	43.2503	20.5964	0	1.66522e-06	6.87521e-08	0	1.66664	1.66664e+06	
27900	43.4572	20.605	0	1.66522e-06	6.87521e-08	0	1.66664	1.66664e+06	
28000	43.664	20.6135	0	1.66522e-06	6.87521e-08	0	1.66664	1.66664e+06	
28100	43.7293	20.5677	0	5.25031e-07	-3.6865e-07	0	0.64153	641530	
28200	43.7945	20.5219	0	5.25031e-07	-3.6865e-07	0	0.64153	641530	
28300	43.8597	20.4761	0	5.25031e-07	-3.6865e-07	0	0.64153	641530	
28400	43.9249	20.4303	0	5.25031e-07	-3.6865e-07	0	0.64153	641530	
28500	43.9901	20.3845	0	5.25031e-07	-3.6865e-07	0	0.64153	641530	
28600	43.8537	20.402	0	-1.09858e-06	1.40248e-07	0	1.1075	1.1075e+06	
28700	43.7172	20.4194	0	-1.09858e-06	1.40248e-07	0	1.1075	1.1075e+06	
28800	43.5807	20.4368	0	-1.09858e-06	1.40248e-07	0	1.1075	1.1075e+06	
28900	43.4443	20.4542	0	-1.09858e-06	1.40248e-07	0	1.1075	1.1075e+06	
29000	43.3078	20.4717	0	-1.09858e-06	1.40248e-07	0	1.1075	1.1075e+06	
29100	43.2858	20.575	0	-1.76649e-07	8.31826e-07	0	0.850376	850376	
29200	43.2639	20.6783	0	-1.76649e-07	8.31826e-07	0	0.850376	850376	
29300	43.242	20.7817	0	-1.76649e-07	8.31826e-07	0	0.850376	850376	
29400	43.22	20.885	0	-1.76649e-07	8.31826e-07	0	0.850376	850376	
29500	43.1981	20.9883	0	-1.76649e-07	8.31826e-07	0	0.850376	850376	
29600	42.9947	21.2429	0	-2.41643e-06	2.35572e-06	0	3.37469	3.37469e+06	
29700	43.0529	21.416	0	-2.41643e-06	2.35572e-06	0	3.37469	3.37469e+06	
29800	43.1027	21.6272	0	-2.41643e-06	2.35572e-06	0	3.37469	3.37469e+06	
29900	43.134	21.8802	0	-2.41643e-06	2.35572e-06	0	3.37469	3.37469e+06	
30000	43.1328	22.1756	0	-2.41643e-06	2.35572e-06	0	3.37469	3.37469e+06	
30100	43.1172	22.3922	0	-1.49464e-06	1.57579e-06	0	2.17188	2.17188e+06	
30200	43.108	22.5874	0	-1.49464e-06	1.57579e-06	0	2.17188	2.17188e+06	
30300	43.1317	22.7537	0	-1.49464e-06	1.57579e-06	0	2.17188	2.17188e+06	
30400	43.1463	22.9346	0	-1.49464e-06	1.57579e-06	0	2.17188	2.17188e+06	
30500	43.1451	23.1329	0	-1.49464e-06	1.57579e-06	0	2.17188	2.17188e+06	
30600	43.1471	23.0232	0	-1.54619e-06	-9.40116e-07	0	1.80956	1.80956e+06	
30700	43.1457	22.9033	0	-1.54619e-06	-9.40116e-07	0	1.80956	1.80956e+06	
30800	43.1368	22.773	0	-1.54619e-06	-9.40116e-07	0	1.80956	1.80956e+06	
30900	43.1189	22.6331	0	-1.54619e-06	-9.40116e-07	0	1.80956	1.80956e+06	
31000	43.1024	22.4985	0	-1.54619e-06	-9.40116e-07	0	1.80956	1.80956e+06	
31100	43.1126	22.3528	0	-1.91658e-06	-1.40867e-06	0	2.37858	2.37858e+06	
31200	43.1314	22.2109	0	-1.91658e-06	-1.40867e-06	0	2.37858	2.37858e+06	
31300	43.1421	22.0515	0	-1.91658e-06	-1.40867e-06	0	2.37858	2.37858e+06	
31400	43.1401	21.8727	0	-1.91658e-06	-1.40867e-06	0	2.37858	2.37858e+06	
31500	43.1208	21.675	0	-1.91658e-06	-1.40867e-06	0	2.37858	2.37858e+06	
31600	43.1485	21.4725	0	-9.28013e-08	-1.57384e-06	0	1.57657	1.57657e+06	
31700	43.1399	21.2762	0	-9.28013e-08	-1.57384e-06	0	1.57657	1.57657e+06	
31800	43.1286	21.0806	0	-9.28013e-08	-1.57384e-06	0	1.57657	1.57657e+06	
31900	43.1171	20.8851	0	-9.28013e-08	-1.57384e-06	0	1.57657	1.57657e+06	
32000	43.1056	20.6896	0	-9.28013e-08	-1.57384e-06	0	1.57657	1.57657e+06	
32100	43.0107	20.4707	0	-7.63885e-07	-1.7623e-06	0	1.92074	1.92074e+06	
32200	42.9158	20.2518	0	-7.63885e-07	-1.7623e-06	0	1.92074	1.92074e+06	
32300	42.8209	20.0328	0	-7.63885e-07	-1.7623e-06	0	1.92074	1.92074e+06	
32400	42.726	19.8139	0	-7.63885e-07	-1.7623e-06	0	1.92074	1.92074e+06	
32500	42.6311	19.595	0	-7.63885e-07	-1.7623e-06	0	1.92074	1.92074e+06	
32600	42.5005	19.2337	0	-1.05123e-06	-2.90838e-06	0	3.09253	3.09253e+06	
32700	42.3699	18.8724	0	-1.05123e-06	-2.90838e-06	0	3.09253	3.09253e+06	
32800	42.2393	18.5111	0	-1.05123e-06	-2.90838e-06	0	3.09253	3.09253e+06	
32900	42.1088	18.1498	0	-1.05123e-06	-2.90838e-06	0	3.09253	3.09253e+06	
33000	41.9782	17.7886	0	-1.05123e-06	-2.90838e-06	0	3.09253	3.09253e+06	
33100	41.8938	17.7091	0	-6.78786e-07	-6.39956e-07	0	0.932895	932895	
33200	41.8095	17.6296	0	-6.78786e-07	-6.39956e-07	0	0.932895	932895	
33300	41.7252	17.5501	0	-6.78786e-07	-6.39956e-07	0	0.932895	932895	
33400	41.6409	17.4706	0	-6.78786e-07	-6.39956e-07	0	0.932895	932895	
33500	41.5566	17.3911	0	-6.78786e-07	-6.39956e-07	0	0.932895	932895	
33600	41.3501	17.3349	0	-1.66163e-06	-4.51964e-07	0	1.722	1.722e+06	
33700	41.1437	17.2788	0	-1.66163e-06	-4.51964e-07	0	1.722	1.722e+06	
33800	40.9373	17.2226	0	-1.66163e-06	-4.51964e-07	0	1.722	1.722e+06	
33900	40.7309	17.1665	0	-1.66163e-06	-4.51964e-07	0	1.722	1.722e+06	
34000	40.5245	17.1103	0	-1.66163e-06	-4.51964e-07	0	1.722	1.722e+06	
34100	40.3498	17.1199	0	-1.40601e-06	7.70531e-08	0	1.40812	1.40812e+06	
34200	40.1752	17.1295	0	-1.40601e-06	7.70531e-08	0	1.40812	1.40812e+06	
34300	40.0005	17.1391	0	-1.40601e-06	7.70531e-08	0	1.40812	1.40812e+06	
34400	39.8259	17.1486	0	-1.40601e-06	7.70531e-08	0	1.40812	1.40812e+06	
34500	39.6512	17.1582	0	-1.40601e-06	7.70531e-08	0	1.40812	1.40812e+06	
34600	39.2512	16.9143	0	-3.22e-06	-1.96378e-06	0	3.77158	3.77158e+06	
34700	38.8512	16.6703	0	-3.22e-06	-1.96378e-06	0	3.77158	3.77158e+06	
34800	38.4512	16.4264	0	-3.22e-06	-1.96378e-06	0	3.77158	3.77158e+06	
34900	38.0512	16.1824	0	-3.22e-06	-1.96378e-06	0	3.77158	3.77158e+06	
35000	37.6512	15.9385	0	-3.22e-06	-1.96378e-06	0	3.77158	3.77158e+06	
35100	37.4751	15.5385	0	-1.4178e-06	-3.22e-06	0	3.51832	3.51832e+06	
35200	37.2989	15.1385	0	-1.4178e-06	-3.22e-06	0	3.51832	3.51832e+06	
35300	37.1228	14.7385	0	-1.4178e-06	-3.22e-06	0	3.51832	3.51832e+06	
35400	36.9467	14.3385	0	-1.4178e-06	-3.22e-06	0	3.51832	3.51832e+06	
35500	36.7706	13.9385	0	-1.4178e-06	-3.22e-06	0	3.51832	3.51832e+06	
35600	36.3706	13.5434	0	-3.22e-06	-3.18066e-06	0	4.52604	4.52604e+06	
35700	35.9706	13.1482	0	-3.22e-06	-3.18066e-06	0	4.52604	4.52604e+06	
35800	35.5706	12.7531	0	-3.22e-06	-3.18066e-06	0	4.52604	4.52604e+06	
35900	35.1706	12.358	0	-3.22e-06	-3.18066e-06	0	4.52604	4.52604e+06	
36000	34.7706	11.9629	0	-3.22e-06	-3.18066e-06	0	4.52604	4.52604e+06	
36100	34.5137	11.5629	0	-2.06812e-06	-3.22e-06	0	3.82695	3.82695e+06	
36200	34.2568	11.1629	0	-2.06812e-06	-3.22e-06	0	3.82695	3.82695e+06	
36300	33.9998	10.7629	0	-2.06812e-06	-3.22e-06	0	3.82695	3.82695e+06	
36400	33.7429	10.3629	0	-2.06812e-06	-3.22e-06	0	3.82695	3.82695e+06	
36500	33.486	9.96291	0	-2.06812e-06	-3.22e-06	0	3.82695	3.82695e+06	
36600	33.1078	9.56291	0	-3.04495e-06	-3.22e-06	0	4.43172	4.43172e+06	
36700	32.7295	9.16291	0	-3.04495e-06	-3.22e-06	0	4.43172	4.43172e+06	
36800	32.3513	8.76291	0	-3.04495e-06	-3.22e-06	0	4.43172	4.43172e+06	
36900	31.973	8.36291	0	-3.04495e-06	-3.22e-06	0	4.43172	4.43172e+06	
37000	31.5948	7.96291	0	-3.04495e-06	-3.22e-06	0	4.43172	4.43172e+06	
37100	31.1948	7.56291	0	-3.22e-06	-3.22e-06	0	4.55377	4.55377e+06	
37200	30.7948	7.16291	0	-3.22e-06	-3.22e-06	0	4.55377	4.55377e+06	
37300	30.3948	6.76291	0	-3.22e-06	-3.22e-06	0	4.55377	4.55377e+06	
37400	29.9948	6.36291	0	-3.22e-06	-3.22e-06	0	4.55377	4.55377e+06	
37500	29.5948	5.96291	0	-3.22e-06	-3.22e-06	0	4.55377	4.55377e+06	
37600	29.1952	5.744	0	-3.22e-06	-1.76183e-06	0	3.67048	3.67048e+06	
37700	29.0871	5.49256	0	-3.22e-06	-1.76183e-06	0	3.67048	3.67048e+06	
37800	29.1065	5.32664	0	-3.22e-06	-1.76183e-06	0	3.67048	3.67048e+06	
37900	29.1263	5.15541	0	-3.22e-06	-1.76183e-06	0	3.67048	3.67048e+06	
38000	29.1323	4.94731	0	-3.22e-06	-1.76183e-06	0	3.67048	3.67048e+06	
38100	29.1101	5.33177	0	-3.22e-06	2.91597e-06	0	4.34411	4.34411e+06	
38200	29.1065	5.67997	0	-3.22e-06	2.91597e-06	0	4.34411	4.34411e+06	
38300	29.1327	6.00941	0	-3.22e-06	2.91597e-06	0	4.34411	4.34411e+06	
38400	29.0994	6.40354	0	-3.22e-06	2.91597e-06	0	4.34411	4.34411e+06	
38500	29.1139	6.73242	0	-3.22e-06	2.91597e-06	0	4.34411	4.34411e+06	
38600	29.0912	6.42604	0	-3.22e-06	-2.29215e-06	0	3.95251	3.95251e+06	
38700	29.1222	6.19937	0	-3.22e-06	-2.29215e-06	0	3.95251	3.95251e+06	
38800	29.1319	5.92836	0	-3.22e-06	-2.29215e-06	0	3.95251	3.95251e+06	
38900	29.1002	5.60635	0	-3.22e-06	-2.29215e-06	0	3.95251	3.95251e+06	
39000	29.1035	5.34366	0	-3.22e-06	-2.29215e-06	0	3.95251	3.95251e+06	
39100	29.1298	5.09855	0	-3.22e-06	-2.33345e-06	0	3.9766	3.9766e+06	
39200	29.1248	4.80098	0	-3.22e-06	-2.33345e-06	0	3.9766	3.9766e+06	
39300	29.0874	4.47394	0	-3.22e-06	-2.33345e-06	0	3.9766	3.9766e+06	
39400	29.1176	4.24144	0	-3.22e-06	-2.33345e-06	0	3.9766	3.9766e+06	
39500	29.1327	3.97396	0	-3.22e-06	-2.33345e-06	0	3.9766	3.9766e+06	
39600	29.0916	3.53986	0	-3.22e-06	-3.22e-06	0	4.55377	4.55377e+06	
39700	29.1229	3.18606	0	-3.22e-06	-3.22e-06	0	4.55377	4.55377e+06	
39800	29.124	2.78615	0	-3.22e-06	-3.22e-06	0	4.55377	4.55377e+06	
39900	29.0977	2.37566	0	-3.22e-06	-3.22e-06	0	4.55377	4.55377e+06	
40000	29.1299	2.13	0	-3.22e-06	-3.22e-06	0	4.55377	4.55377e+06	
40100	29.1299	2.12993	0	-3.22e-06	-3.22e-06	0	4.55377	4.55377e+06	
40200	29.1299	2.12993	0	-3.22e-06	-3.22e-06	0	4.55377	4.55377e+06	
40300	29.1299	2.12993	0	-3.22e-06	-3.22e-06	0	4.55377	4.55377e+06	
40400	29.1299	2.12993	0	-3.22e-06	-3.22e-06	0	4.55377	4.55377e+06	
40500	29.1299	2.12993	0	-3.22e-06	-3.22e-06	0	4.55377	4.55377e+06	
40600	29.1299	2.12993	0	-3.22e-06	-3.22e-06	0	4.55377	4.55377e+06	
40700	29.1299	2.12993	0	-3.22e-06	-3.22e-06	0	4.55377	4.55377e+06	
40800	29.1299	2.12993	0	-3.22e-06	-3.22e-06	0	4.55377	4.55377e+06	
40900	29.1299	2.12993	0	-3.22e-06	-3.22e-06	0	4.55377	4.55377e+06	
41000	29.1299	2.12993	0	-3.22e-06	-3.22e-06	0	4.55377	4.55377e+06	
41100	29.1421	2.12859	0	-1.86856e-06	-3.22e-06	0	3.72289	3.72289e+06	
41200	29.1421	2.12859	0	-1.86856e-06	-3.22e-06	0	3.72289	3.72289e+06	
41300	29.1421	2.12859	0	-1.86856e-06	-3.22e-06	0	3.72289	3.72289e+06	
41400	29.1421	2.12859	0	-1.86856e-06	-3.22e-06	0	3.72289	3.72289e+06	
41500	29.1421	2.12859	0	-1.86856e-06	-3.22e-06	0	3.72289	3.72289e+06	
41600	29.1348	2.12936	0	-2.58217e-06	-3.22e-06	0	4.12747	4.12747e+06	
41700	29.1348	2.12936	0	-2.58217e-06	-3.22e-06	0	4.12747	4.12747e+06	
41800	29.1348	2.12936	0	-2.58217e-06	-3.22e-06	0	4.12747	4.12747e+06	
41900	29.1348	2.12936	0	-2.58217e-06	-3.22e-06	0	4.12747	4.12747e+06	
42000	29.1348	2.12936	0	-2.58217e-06	-3.22e-06	0	4.12747	4.12747e+06	
42100	29.1318	2.1297	0	-2.95022e-06	-3.22e-06	0	4.36717	4.36717e+06	
42200	29.1318	2.1297	0	-2.95022e-06	-3.22e-06	0	4.36717	4.36717e+06	
42300	29.1318	2.1297	0	-2.95022e-06	-3.22e-06	0	4.36717	4.36717e+06	
42400	29.1318	2.1297	0	-2.95022e-06	-3.22e-06	0	4.36717	4.36717e+06	
42500	29.1318	2.1297	0	-2.95022e-06	-3.22e-06	0	4.36717	4.36717e+06	
42600	29.1431	2.12849	0	-1.78582e-06	-3.22e-06	0	3.68206	3.68206e+06	
42700	29.1431	2.12849	0	-1.78582e-06	-3.22e-06	0	3.68206	3.68206e+06	
42800	29.1431	2.12849	0	-1.78582e-06	-3.22e-06	0	3.68206	3.68206e+06	
42900	29.1431	2.12849	0	-1.78582e-06	-3.22e-06	0	3.68206	3.68206e+06	
43000	29.1431	2.12849	0	-1.78582e-06	-3.22e-06	0	3.68206	3.68206e+06	
43100	29.1354	2.12929	0	-2.50727e-06	-3.22e-06	0	4.08103	4.08103e+06	
43200	29.1354	2.12929	0	-2.50727e-06	-3.22e-06	0	4.08103	4.08103e+06	
43300	29.1354	2.12929	0	-2.50727e-06	-3.22e-06	0	4.08103	4.08103e+06	
43400	29.1354	2.12929	0	-2.50727e-06	-3.22e-06	0	4.08103	4.08103e+06	
43500	29.1354	2.12929	0	-2.50727e-06	-3.22e-06	0	4.08103	4.08103e+06	
43600	29.1299	2.12993	0	-3.22e-06	-3.22e-06	0	4.55377	4.55377e+06	
43700	29.1299	2.12993	0	-3.22e-06	-3.22e-06	0	4.55377	4.55377e+06	
43800	29.1299	2.12993	0	-3.22e-06	-3.22e-06	0	4.55377	4.55377e+06	
43900	29.1299	2.12993	0	-3.22e-06	-3.22e-06	0	4.55377	4.55377e+06	
44000	29.1299	2.12993	0	-3.22e-06	-3.22e-06	0	4.55377	4.55377e+06	
44100	29.1299	2.12993	0	-3.22e-06	-3.22e-06	0	4.55377	4.55377e+06	
44200	29.1299	2.12993	0	-3.22e-06	-3.22e-06	0	4.55377	4.55377e+06	
44300	29.1299	2.12993	0	-3.22e-06	-3.22e-06	0	4.55377	4.55377e+06	
44400	29.1299	2.12993	0	-3.22e-06	-3.22e-06	0	4.55377	4.55377e+06	
44500	29.1299	2.12993	0	-3.22e-06	-3.22e-06	0	4.55377	4.55377e+06	
44600	29.1441	2.12839	0	-1.71545e-06	-3.22e-06	0	3.64845	3.64845e+06	
44700	29.1441	2.12839	0	-1.71545e-06	-3.22e-06	0	3.64845	3.64845e+06	
44800	29.1441	2.12839	0	-1.71545e-06	-3.22e-06	0	3.64845	3.64845e+06	
44900	29.1441	2.12839	0	-1.71545e-06	-3.22e-06	0	3.64845	3.64845e+06	
45000	29.1441	2.12839	0	-1.71545e-06	-3.22e-06	0	3.64845	3.64845e+06	
45100	29.2426	2.11929	0	2.83929e-07	-3.22e-06	0	3.23249	3.23249e+06	
45200	29.329	2.10804	0	2.83929e-07	-3.22e-06	0	3.23249	3.23249e+06	
45300	29.4221	2.09384	0	2.83929e-07	-3.22e-06	0	3.23249	3.23249e+06	
45400	29.4897	2.08718	0	2.83929e-07	-3.22e-06	0	3.23249	3.23249e+06	
45500	29.519	2.08737	0	2.83929e-07	-3.22e-06	0	3.23249	3.23249e+06	
45600	29.584	2.09368	0	8.6537e-07	-3.22e-06	0	3.33426	3.33426e+06	
45700	29.6304	2.10076	0	8.6537e-07	-3.22e-06	0	3.33426	3.33426e+06	
45800	29.6764	2.10778	0	8.6537e-07	-3.22e-06	0	3.33426	3.33426e+06	
45900	29.7282	2.11492	0	8.6537e-07	-3.22e-06	0	3.33426	3.33426e+06	
46000	29.7897	2.12193	0	8.6537e-07	-3.22e-06	0	3.33426	3.33426e+06	
46100	30.1847	2.1264	0	3.22e-06	-3.22e-06	0	4.55377	4.55377e+06	
46200	30.602	2.09439	0	3.22e-06	-3.22e-06	0	4.55377	4.55377e+06	
46300	30.9568	2.13175	0	3.22e-06	-3.22e-06	0	4.55377	4.55377e+06	
46400	31.3829	2.10289	0	3.22e-06	-3.22e-06	0	4.55377	4.55377e+06	
46500	31.7521	2.11618	0	3.22e-06	-3.22e-06	0	4.55377	4.55377e+06	
46600	32.0552	2.13234	0	2.6052e-06	-3.22e-06	0	4.14192	4.14192e+06	
46700	32.4153	2.09724	0	2.6052e-06	-3.22e-06	0	4.14192	4.14192e+06	
46800	32.7053	2.11047	0	2.6052e-06	-3.22e-06	0	4.14192	4.14192e+06	
46900	32.998	2.13262	0	2.6052e-06	-3.22e-06	0	4.14192	4.14192e+06	
47000	33.3498	2.10722	0	2.6052e-06	-3.22e-06	0	4.14192	4.14192e+06	
47100	33.7269	2.11294	0	3.22e-06	-3.22e-06	0	4.55377	4.55377e+06	
47200	34.1082	2.13087	0	3.22e-06	-3.22e-06	0	4.55377	4.55377e+06	
47300	34.5398	2.08786	0	3.22e-06	-3.22e-06	0	4.55377	4.55377e+06	
47400	34.8876	2.12865	0	3.22e-06	-3.22e-06	0	4.55377	4.55377e+06	
47500	35.3019	2.1144	0	3.22e-06	-3.22e-06	0	4.55377	4.55377e+06	
47600	35.6906	2.10786	0	3.22e-06	-3.22e-06	0	4.55377	4.55377e+06	
47700	36.0638	2.13222	0	3.22e-06	-3.22e-06	0	4.55377	4.55377e+06	
47800	36.4989	2.08805	0	3.22e-06	-3.22e-06	0	4.55377	4.55377e+06	
47900	36.8478	2.12585	0	3.22e-06	-3.22e-06	0	4.55377	4.55377e+06	
48000	37.2545	2.12	0	3.22e-06	-3.22e-06	0	4.55377	4.55377e+06	
48100	37.655	2.10247	0	3.22e-06	-3.22e-06	0	4.55377	4.55377e+06	
48200	38.0203	2.13267	0	3.22e-06	-3.22e-06	0	4.55377	4.55377e+06	
48300	38.454	2.09239	0	3.22e-06	-3.22e-06	0	4.55377	4.55377e+06	
48400	38.8088	2.12241	0	3.22e-06	-3.22e-06	0	4.55377	4.55377e+06	
48500	39.2077	2.12454	0	3.22e-06	-3.22e-06	0	4.55377	4.55377e+06	
48600	39.6197	2.09701	0	3.22e-06	-3.22e-06	0	4.55377	4.55377e+06	
48700	39.9777	2.13226	0	3.22e-06	-3.22e-06	0	4.55377	4.55377e+06	
48800	40.4068	2.09923	0	3.22e-06	-3.22e-06	0	4.55377	4.55377e+06	
48900	40.7708	2.11838	0	3.22e-06	-3.22e-06	0	4.55377	4.55377e+06	
49000	41.0578	2.12448	0	3.22e-06	-3.22e-06	0	4.55377	4.55377e+06	
49100	41.0575	2.12446	0	3.12199e-06	-3.22e-06	0	4.485	4.485e+06	
49200	41.0575	2.12446	0	3.12199e-06	-3.22e-06	0	4.485	4.485e+06	
49300	41.0575	2.12446	0	3.12199e-06	-3.22e-06	0	4.485	4.485e+06	
49400	41.0575	2.12446	0	3.12199e-06	-3.22e-06	0	4.485	4.485e+06	
49500	41.0575	2.12446	0	3.12199e-06	-3.22e-06	0	4.485	4.485e+06	
49600	41.0429	2.12787	0	1.71357e-06	-3.22e-06	0	3.64756	3.64756e+06	
49700	41.0429	2.12787	0	1.71357e-06	-3.22e-06	0	3.64756	3.64756e+06	
49800	41.0429	2.12787	0	1.71357e-06	-3.22e-06	0	3.64756	3.64756e+06	
49900	41.0429	2.12787	0	1.71357e-06	-3.22e-06	0	3.64756	3.64756e+06	
50000	41.0429	2.12787	0	1.71357e-06	-3.22e-06	0	3.64756	3.64756e+06	
