0	12	38	0	-1.98244e-07	1.39377e-06	0	1.4078	1.4078e+06	
100	11.6527	37.9152	0	-2.79567e-06	-6.82931e-07	0	2.87787	2.87787e+06	
200	11.3054	37.8303	0	-2.79567e-06	-6.82931e-07	0	2.87787	2.87787e+06	
300	10.9581	37.7455	0	-2.79567e-06	-6.82931e-07	0	2.87787	2.87787e+06	
400	10.6108	37.6607	0	-2.79567e-06	-6.82931e-07	0	2.87787	2.87787e+06	
500	10.2636	37.5758	0	-2.79567e-06	-6.82931e-07	0	2.87787	2.87787e+06	
600	10.417	37.1976	0	1.23497e-06	-3.04448e-06	0	3.28543	3.28543e+06	
700	10.5704	36.8194	0	1.23497e-06	-3.04448e-06	0	3.28543	3.28543e+06	
800	10.7238	36.4412	0	1.23497e-06	-3.04448e-06	0	3.28543	3.28543e+06	
900	10.8772	36.063	0	1.23497e-06	-3.04448e-06	0	3.28543	3.28543e+06	
1000	11.0306	35.6848	0	1.23497e-06	-3.04448e-06	0	3.28543	3.28543e+06	
1100	10.9364	35.3546	0	-7.58216e-07	-2.65869e-06	0	2.76469	2.76469e+06	
1200	10.8422	35.0243	0	-7.58216e-07	-2.65869e-06	0	2.76469	2.76469e+06	
1300	10.7481	34.694	0	-7.58216e-07	-2.65869e-06	0	2.76469	2.76469e+06	
1400	10.6539	34.3637	0	-7.58216e-07	-2.65869e-06	0	2.76469	2.76469e+06	
1500	10.5597	34.0335	0	-7.58216e-07	-2.65869e-06	0	2.76469	2.76469e+06	
1600	10.4388	33.6335	0	-9.73251e-07	-3.22e-06	0	3.36387	3.36387e+06	
1700	10.3179	33.2335	0	-9.73251e-07	-3.22e-06	0	3.36387	3.36387e+06	
1800	10.197	32.8335	0	-9.73251e-07	-3.22e-06	0	3.36387	3.36387e+06	
1900	10.0761	32.4335	0	-9.73251e-07	-3.22e-06	0	3.36387	3.36387e+06	
2000	9.95518	32.0335	0	-9.73251e-07	-3.22e-06	0	3.36387	3.36387e+06	
2100	9.92833	31.6335	0	-2.16132e-07	-3.22e-06	0	3.22725	3.22725e+06	
2200	9.90148	31.2335	0	-2.16132e-07	-3.22e-06	0	3.22725	3.22725e+06	
2300	9.87077	30.8398	0	-2.16132e-07	-3.22e-06	0	3.22725	3.22725e+06	
2400	9.6764	30.6797	0	-2.16132e-07	-3.22e-06	0	3.22725	3.22725e+06	
2500	9.4616	30.4893	0	-2.16132e-07	-3.22e-06	0	3.22725	3.22725e+06	
2600	9.41994	30.4256	0	2.55805e-06	-3.22e-06	0	4.11242	4.11242e+06	
2700	9.35792	30.3539	0	2.55805e-06	-3.22e-06	0	4.11242	4.11242e+06	
2800	9.28415	30.2596	0	2.55805e-06	-3.22e-06	0	4.11242	4.11242e+06	
2900	9.19888	30.1352	0	2.55805e-06	-3.22e-06	0	4.11242	4.11242e+06	
3000	9.10632	29.9781	0	2.55805e-06	-3.22e-06	0	4.11242	4.11242e+06	
3100	8.99631	29.8822	0	1.06341e-06	-3.22e-06	0	3.39105	3.39105e+06	
3200	8.92242	29.8399	0	1.06341e-06	-3.22e-06	0	3.39105	3.39105e+06	
3300	8.83934	29.7888	0	1.06341e-06	-3.22e-06	0	3.39105	3.39105e+06	
3400	8.74229	29.7223	0	1.06341e-06	-3.22e-06	0	3.39105	3.39105e+06	
3500	8.63027	29.6353	0	1.06341e-06	-3.22e-06	0	3.39105	3.39105e+06	
3600	8.36012	29.3894	0	-9.64079e-07	-3.22e-06	0	3.36123	3.36123e+06	
3700	8.12548	29.0715	0	-9.64079e-07	-3.22e-06	0	3.36123	3.36123e+06	
3800	7.88987	28.8292	0	-9.64079e-07	-3.22e-06	0	3.36123	3.36123e+06	
3900	7.62012	28.6403	0	-9.64079e-07	-3.22e-06	0	3.36123	3.36123e+06	
4000	7.3569	28.3858	0	-9.64079e-07	-3.22e-06	0	3.36123	3.36123e+06	
4100	7.25681	28.2282	0	1.7216e-06	-3.22e-06	0	3.65134	3.65134e+06	
4200	7.13673	28.0395	0	1.7216e-06	-3.22e-06	0	3.65134	3.65134e+06	
4300	7.01975	27.7991	0	1.7216e-06	-3.22e-06	0	3.65134	3.65134e+06	
4400	6.92125	27.5006	0	1.7216e-06	-3.22e-06	0	3.65134	3.65134e+06	
4500	6.86232	27.1439	0	1.7216e-06	-3.22e-06	0	3.65134	3.65134e+06	
4600	6.84948	27.0251	0	1.29528e-06	-1.01376e-06	0	1.64482	1.64482e+06	
4700	6.85088	26.8965	0	1.29528e-06	-1.01376e-06	0	1.64482	1.64482e+06	
4800	6.86078	26.7586	0	1.29528e-06	-1.01376e-06	0	1.64482	1.64482e+06	
4900	6.87997	26.6132	0	1.29528e-06	-1.01376e-06	0	1.64482	1.64482e+06	
5000	6.89393	26.4769	0	1.29528e-06	-1.01376e-06	0	1.64482	1.64482e+06	
5100	6.69307	26.3948	0	-1.50637e-06	-6.68142e-07	0	1.64789	1.64789e+06	
5200	6.50594	26.3118	0	-1.50637e-06	-6.68142e-07	0	1.64789	1.64789e+06	
5300	6.31881	26.2288	0	-1.50637e-06	-6.68142e-07	0	1.64789	1.64789e+06	
5400	6.13168	26.1458	0	-1.50637e-06	-6.68142e-07	0	1.64789	1.64789e+06	
5500	5.94456	26.0628	0	-1.50637e-06	-6.68142e-07	0	1.64789	1.64789e+06	
5600	5.97616	25.9816	0	2.54423e-07	-6.53494e-07	0	0.701275	701275	
5700	6.00777	25.9005	0	2.54423e-07	-6.53494e-07	0	0.701275	701275	
5800	6.03937	25.8193	0	2.54423e-07	-6.53494e-07	0	0.701275	701275	
5900	6.07098	25.7381	0	2.54423e-07	-6.53494e-07	0	0.701275	701275	
6000	6.10258	25.6569	0	2.54423e-07	-6.53494e-07	0	0.701275	701275	
6100	6.27968	25.4952	0	1.42564e-06	-1.30181e-06	0	1.93059	1.93059e+06	
6200	6.45678	25.3335	0	1.42564e-06	-1.30181e-06	0	1.93059	1.93059e+06	
6300	6.63388	25.1718	0	1.42564e-06	-1.30181e-06	0	1.93059	1.93059e+06	
6400	6.81098	25.0101	0	1.42564e-06	-1.30181e-06	0	1.93059	1.93059e+06	
6500	6.98807	24.8483	0	1.42564e-06	-1.30181e-06	0	1.93059	1.93059e+06	
6600	7.17326	24.4526	0	1.4909e-06	-3.18577e-06	0	3.51737	3.51737e+06	
6700	7.35847	24.0568	0	1.4909e-06	-3.18577e-06	0	3.51737	3.51737e+06	
6800	7.54367	23.6611	0	1.4909e-06	-3.18577e-06	0	3.51737	3.51737e+06	
6900	7.72888	23.2653	0	1.4909e-06	-3.18577e-06	0	3.51737	3.51737e+06	
7000	7.91408	22.8696	0	1.4909e-06	-3.18577e-06	0	3.51737	3.51737e+06	
7100	7.80299	22.8962	0	-8.94265e-07	2.14414e-07	0	0.91961	919610	
7200	7.6919	22.9229	0	-8.94265e-07	2.14414e-07	0	0.91961	919610	
7300	7.58081	22.9495	0	-8.94265e-07	2.14414e-07	0	0.91961	919610	
7400	7.46972	22.9761	0	-8.94265e-07	2.14414e-07	0	0.91961	919610	
7500	7.35863	23.0028	0	-8.94265e-07	2.14414e-07	0	0.91961	919610	
7600	7.0053	22.9265	0	-2.84431e-06	-6.14032e-07	0	2.90984	2.90984e+06	
7700	6.65197	22.8502	0	-2.84431e-06	-6.14032e-07	0	2.90984	2.90984e+06	
7800	6.29864	22.7739	0	-2.84431e-06	-6.14032e-07	0	2.90984	2.90984e+06	
7900	5.94531	22.6977	0	-2.84431e-06	-6.14032e-07	0	2.90984	2.90984e+06	
8000	5.59198	22.6214	0	-2.84431e-06	-6.14032e-07	0	2.90984	2.90984e+06	
8100	5.37519	22.7196	0	-1.74513e-06	7.90625e-07	0	1.91587	1.91587e+06	
8200	5.15841	22.8178	0	-1.74513e-06	7.90625e-07	0	1.91587	1.91587e+06	
8300	4.94162	22.916	0	-1.74513e-06	7.90625e-07	0	1.91587	1.91587e+06	
8400	4.72483	23.0142	0	-1.74513e-06	7.90625e-07	0	1.91587	1.91587e+06	
8500	4.50805	23.1125	0	-1.74513e-06	7.90625e-07	0	1.91587	1.91587e+06	
8600	4.10805	23.2183	0	-3.22e-06	8.5242e-07	0	3.33092	3.33092e+06	
8700	3.70805	23.3242	0	-3.22e-06	8.5242e-07	0	3.33092	3.33092e+06	
8800	3.30805	23.4301	0	-3.22e-06	8.5242e-07	0	3.33092	3.33092e+06	
8900	2.90805	23.536	0	-3.22e-06	8.5242e-07	0	3.33092	3.33092e+06	
9000	2.50805	23.6419	0	-3.22e-06	8.5242e-07	0	3.33092	3.33092e+06	
9100	2.10805	23.7711	0	-3.22e-06	1.04041e-06	0	3.38391	3.38391e+06	
9200	1.70805	23.9004	0	-3.22e-06	1.04041e-06	0	3.38391	3.38391e+06	
9300	1.30805	24.0296	0	-3.22e-06	1.04041e-06	0	3.38391	3.38391e+06	
9400	1.12638	24.1718	0	-3.22e-06	1.04041e-06	0	3.38391	3.38391e+06	
9500	1.10628	24.3457	0	-3.22e-06	1.04041e-06	0	3.38391	3.38391e+06	
9600	1.11431	24.2756	0	-3.22e-06	-1.02846e-06	0	3.38026	3.38026e+06	
9700	1.12352	24.1929	0	-3.22e-06	-1.02846e-06	0	3.38026	3.38026e+06	
9800	1.13045	24.0928	0	-3.22e-06	-1.02846e-06	0	3.38026	3.38026e+06	
9900	1.13262	23.9716	0	-3.22e-06	-1.02846e-06	0	3.38026	3.38026e+06	
10000	1.12619	23.8258	0	-3.22e-06	-1.02846e-06	0	3.38026	3.38026e+06	
10100	1.11267	23.6766	0	-2.76202e-06	-8.99197e-07	0	2.90471	2.90471e+06	
10200	1.09133	23.5231	0	-2.76202e-06	-8.99197e-07	0	2.90471	2.90471e+06	
10300	1.09462	23.4311	0	-2.76202e-06	-8.99197e-07	0	2.90471	2.90471e+06	
10400	1.10352	23.3707	0	-2.76202e-06	-8.99197e-07	0	2.90471	2.90471e+06	
10500	1.11246	23.3117	0	-2.76202e-06	-8.99197e-07	0	2.90471	2.90471e+06	
10600	1.16025	23.3287	0	-1.62848e-07	5.95258e-08	0	0.173386	173386	
10700	1.16471	23.3397	0	-1.62848e-07	5.95258e-08	0	0.173386	173386	
10800	1.16512	23.3501	0	-1.62848e-07	5.95258e-08	0	0.173386	173386	
10900	1.16431	23.3603	0	-1.62848e-07	5.95258e-08	0	0.173386	173386	
11000	1.16305	23.3706	0	-1.62848e-07	5.95258e-08	0	0.173386	173386	
11100	1.27782	23.4596	0	9.00183e-07	7.13217e-07	0	1.14848	1.14848e+06	
11200	1.38965	23.5482	0	9.00183e-07	7.13217e-07	0	1.14848	1.14848e+06	
11300	1.50148	23.6368	0	9.00183e-07	7.13217e-07	0	1.14848	1.14848e+06	
11400	1.6133	23.7254	0	9.00183e-07	7.13217e-07	0	1.14848	1.14848e+06	
11500	1.72513	23.814	0	9.00183e-07	7.13217e-07	0	1.14848	1.14848e+06	
11600	2.12513	23.9997	0	3.22e-06	1.49543e-06	0	3.55031	3.55031e+06	
11700	2.52513	24.1855	0	3.22e-06	1.49543e-06	0	3.55031	3.55031e+06	
11800	2.92513	24.3713	0	3.22e-06	1.49543e-06	0	3.55031	3.55031e+06	
11900	3.32513	24.557	0	3.22e-06	1.49543e-06	0	3.55031	3.55031e+06	
12000	3.72513	24.7428	0	3.22e-06	1.49543e-06	0	3.55031	3.55031e+06	
12100	4.12513	24.8848	0	3.22e-06	1.14295e-06	0	3.41683	3.41683e+06	
12200	4.52513	25.0268	0	3.22e-06	1.14295e-06	0	3.41683	3.41683e+06	
12300	4.92513	25.1688	0	3.22e-06	1.14295e-06	0	3.41683	3.41683e+06	
12400	5.32513	25.3107	0	3.22e-06	1.14295e-06	0	3.41683	3.41683e+06	
12500	5.72513	25.4527	0	3.22e-06	1.14295e-06	0	3.41683	3.41683e+06	
12600	5.87409	25.6072	0	1.19918e-06	1.24319e-06	0	1.7273	1.7273e+06	
12700	6.02306	25.7616	0	1.19918e-06	1.24319e-06	0	1.7273	1.7273e+06	
12800	6.17203	25.916	0	1.19918e-06	1.24319e-06	0	1.7273	1.7273e+06	
12900	6.32099	26.0705	0	1.19918e-06	1.24319e-06	0	1.7273	1.7273e+06	
13000	6.46996	26.2249	0	1.19918e-06	1.24319e-06	0	1.7273	1.7273e+06	
13100	6.59482	26.6249	0	1.00514e-06	3.22e-06	0	3.37324	3.37324e+06	
13200	6.71965	27.0249	0	1.00514e-06	3.22e-06	0	3.37324	3.37324e+06	
13300	6.8402	27.4255	0	1.00514e-06	3.22e-06	0	3.37324	3.37324e+06	
13400	6.95128	27.8295	0	1.00514e-06	3.22e-06	0	3.37324	3.37324e+06	
13500	7.07364	28.2307	0	1.00514e-06	3.22e-06	0	3.37324	3.37324e+06	
13600	6.83554	27.8307	0	-1.91576e-06	-3.22e-06	0	3.7468	3.7468e+06	
13700	6.59755	27.4307	0	-1.91576e-06	-3.22e-06	0	3.7468	3.7468e+06	
13800	6.35956	27.0307	0	-1.91576e-06	-3.22e-06	0	3.7468	3.7468e+06	
13900	6.12158	26.6307	0	-1.91576e-06	-3.22e-06	0	3.7468	3.7468e+06	
14000	5.8836	26.2307	0	-1.91576e-06	-3.22e-06	0	3.7468	3.7468e+06	
14100	5.70331	26.6307	0	-1.45131e-06	3.22e-06	0	3.53195	3.53195e+06	
14200	5.52303	27.0307	0	-1.45131e-06	3.22e-06	0	3.53195	3.53195e+06	
14300	5.34274	27.4307	0	-1.45131e-06	3.22e-06	0	3.53195	3.53195e+06	
14400	5.16245	27.8307	0	-1.45131e-06	3.22e-06	0	3.53195	3.53195e+06	
14500	4.98217	28.2307	0	-1.45131e-06	3.22e-06	0	3.53195	3.53195e+06	
14600	4.80467	28.6307	0	-1.42885e-06	3.22e-06	0	3.52278	3.52278e+06	
14700	4.62717	29.0307	0	-1.42885e-06	3.22e-06	0	3.52278	3.52278e+06	
14800	4.44968	29.4307	0	-1.42885e-06	3.22e-06	0	3.52278	3.52278e+06	
14900	4.27218	29.8307	0	-1.42885e-06	3.22e-06	0	3.52278	3.52278e+06	
15000	4.09468	30.2307	0	-1.42885e-06	3.22e-06	0	3.52278	3.52278e+06	
15100	3.80715	30.3957	0	-2.31467e-06	1.32785e-06	0	2.6685	2.6685e+06	
15200	3.51961	30.5606	0	-2.31467e-06	1.32785e-06	0	2.6685	2.6685e+06	
15300	3.23207	30.7256	0	-2.31467e-06	1.32785e-06	0	2.6685	2.6685e+06	
15400	2.94454	30.8905	0	-2.31467e-06	1.32785e-06	0	2.6685	2.6685e+06	
15500	2.657	31.0555	0	-2.31467e-06	1.32785e-06	0	2.6685	2.6685e+06	
15600	2.45371	31.0657	0	-1.6365e-06	8.22783e-08	0	1.63857	1.63857e+06	
15700	2.25042	31.0759	0	-1.6365e-06	8.22783e-08	0	1.63857	1.63857e+06	
15800	2.04712	31.0862	0	-1.6365e-06	8.22783e-08	0	1.63857	1.63857e+06	
15900	1.84383	31.0964	0	-1.6365e-06	8.22783e-08	0	1.63857	1.63857e+06	
16000	1.64054	31.1066	0	-1.6365e-06	8.22783e-08	0	1.63857	1.63857e+06	
16100	2.04054	31.1068	0	3.22e-06	2.00717e-09	0	3.22	3.22e+06	
16200	2.44054	31.1071	0	3.22e-06	2.00717e-09	0	3.22	3.22e+06	
16300	2.84054	31.1073	0	3.22e-06	2.00717e-09	0	3.22	3.22e+06	
16400	3.24054	31.1076	0	3.22e-06	2.00717e-09	0	3.22	3.22e+06	
16500	3.64054	31.1078	0	3.22e-06	2.00717e-09	0	3.22	3.22e+06	
16600	3.86661	31.3126	0	1.8199e-06	1.64857e-06	0	2.45557	2.45557e+06	
16700	4.09269	31.5174	0	1.8199e-06	1.64857e-06	0	2.45557	2.45557e+06	
16800	4.31876	31.7222	0	1.8199e-06	1.64857e-06	0	2.45557	2.45557e+06	
16900	4.54484	31.927	0	1.8199e-06	1.64857e-06	0	2.45557	2.45557e+06	
17000	4.77091	32.1318	0	1.8199e-06	1.64857e-06	0	2.45557	2.45557e+06	
17100	5.17091	32.2969	0	3.22e-06	1.32893e-06	0	3.48345	3.48345e+06	
17200	5.57091	32.462	0	3.22e-06	1.32893e-06	0	3.48345	3.48345e+06	
17300	5.97091	32.6271	0	3.22e-06	1.32893e-06	0	3.48345	3.48345e+06	
17400	6.37091	32.7921	0	3.22e-06	1.32893e-06	0	3.48345	3.48345e+06	
17500	6.77091	32.9572	0	3.22e-06	1.32893e-06	0	3.48345	3.48345e+06	
17600	7.17091	32.825	0	3.22e-06	-1.06458e-06	0	3.39142	3.39142e+06	
17700	7.57091	32.6927	0	3.22e-06	-1.06458e-06	0	3.39142	3.39142e+06	
17800	7.97091	32.5605	0	3.22e-06	-1.06458e-06	0	3.39142	3.39142e+06	
17900	8.37091	32.4282	0	3.22e-06	-1.06458e-06	0	3.39142	3.39142e+06	
18000	8.77091	32.296	0	3.22e-06	-1.06458e-06	0	3.39142	3.39142e+06	
18100	9.1667	31.896	0	3.18609e-06	-3.22e-06	0	4.52986	4.52986e+06	
18200	9.56249	31.496	0	3.18609e-06	-3.22e-06	0	4.52986	4.52986e+06	
18300	9.95828	31.096	0	3.18609e-06	-3.22e-06	0	4.52986	4.52986e+06	
18400	10.0761	30.9306	0	3.18609e-06	-3.22e-06	0	4.52986	4.52986e+06	
18500	10.0723	30.9267	0	3.18609e-06	-3.22e-06	0	4.52986	4.52986e+06	
18600	9.85577	30.8053	0	-3.22142e-07	-3.22e-06	0	3.23607	3.23607e+06	
18700	9.63898	30.6508	0	-3.22142e-07	-3.22e-06	0	3.23607	3.23607e+06	
18800	9.41681	30.4438	0	-3.22142e-07	-3.22e-06	0	3.23607	3.23607e+06	
18900	9.20492	30.1787	0	-3.22142e-07	-3.22e-06	0	3.23607	3.23607e+06	
19000	9.01419	29.8995	0	-3.22142e-07	-3.22e-06	0	3.23607	3.23607e+06	
19100	9.14297	30.0524	0	3.22e-06	-3.53218e-07	0	3.23932	3.23932e+06	
19200	9.23433	30.2004	0	3.22e-06	-3.53218e-07	0	3.23932	3.23932e+06	
19300	9.35648	30.3646	0	3.22e-06	-3.53218e-07	0	3.23932	3.23932e+06	
19400	9.51824	30.541	0	3.22e-06	-3.53218e-07	0	3.23932	3.23932e+06	
19500	9.72784	30.721	0	3.22e-06	-3.53218e-07	0	3.23932	3.23932e+06	
19600	9.41091	30.4549	0	-1.60284e-06	-3.22e-06	0	3.59687	3.59687e+06	
19700	9.13577	30.1133	0	-1.60284e-06	-3.22e-06	0	3.59687	3.59687e+06	
19800	8.86339	29.817	0	-1.60284e-06	-3.22e-06	0	3.59687	3.59687e+06	
19900	8.54171	29.58	0	-1.60284e-06	-3.22e-06	0	3.59687	3.59687e+06	
20000	8.24717	29.2667	0	-1.60284e-06	-3.22e-06	0	3.59687	3.59687e+06	
20100	8.21865	29.1609	0	3.22e-06	-3.22e-06	0	4.55377	4.55377e+06	
20200	8.14957	29.0482	0	3.22e-06	-3.22e-06	0	4.55377	4.55377e+06	
20300	8.08594	28.942	0	3.22e-06	-3.22e-06	0	4.55377	4.55377e+06	
20400	8.07356	28.9278	0	3.22e-06	-3.22e-06	0	4.55377	4.55377e+06	
20500	8.07293	28.9271	0	3.22e-06	-3.22e-06	0	4.55377	4.55377e+06	
20600	8.0729	28.9271	0	3.22e-06	-3.22e-06	0	4.55377	4.55377e+06	
20700	8.0729	28.9271	0	3.22e-06	-3.22e-06	0	4.55377	4.55377e+06	
20800	8.0729	28.9271	0	3.22e-06	-3.22e-06	0	4.55377	4.55377e+06	
20900	8.0729	28.9271	0	3.22e-06	-3.22e-06	0	4.55377	4.55377e+06	
21000	8.0729	28.9271	0	3.22e-06	-3.22e-06	0	4.55377	4.55377e+06	
21100	8.0729	28.9271	0	3.22e-06	-3.22e-06	0	4.55377	4.55377e+06	
21200	8.0729	28.9271	0	3.22e-06	-3.22e-06	0	4.55377	4.55377e+06	
21300	8.0729	28.9271	0	3.22e-06	-3.22e-06	0	4.55377	4.55377e+06	
21400	8.0729	28.9271	0	3.22e-06	-3.22e-06	0	4.55377	4.55377e+06	
21500	8.0729	28.9271	0	3.22e-06	-3.22e-06	0	4.55377	4.55377e+06	
21600	8.0729	28.9271	0	3.22e-06	-3.22e-06	0	4.55377	4.55377e+06	
21700	8.0729	28.9271	0	3.22e-06	-3.22e-06	0	4.55377	4.55377e+06	
21800	8.0729	28.9271	0	3.22e-06	-3.22e-06	0	4.55377	4.55377e+06	
21900	8.0729	28.9271	0	3.22e-06	-3.22e-06	0	4.55377	4.55377e+06	
22000	8.0729	28.9271	0	3.22e-06	-3.22e-06	0	4.55377	4.55377e+06	
22100	8.0729	28.9271	0	3.22e-06	-3.22e-06	0	4.55377	4.55377e+06	
22200	8.0729	28.9271	0	3.22e-06	-3.22e-06	0	4.55377	4.55377e+06	
22300	8.0729	28.9271	0	3.22e-06	-3.22e-06	0	4.55377	4.55377e+06	
22400	8.0729	28.9271	0	3.22e-06	-3.22e-06	0	4.55377	4.55377e+06	
22500	8.0729	28.9271	0	3.22e-06	-3.22e-06	0	4.55377	4.55377e+06	
22600	8.0729	28.9271	0	3.22e-06	-3.22e-06	0	4.55377	4.55377e+06	
22700	8.0729	28.9271	0	3.22e-06	-3.22e-06	0	4.55377	4.55377e+06	
22800	8.0729	28.9271	0	3.22e-06	-3.22e-06	0	4.55377	4.55377e+06	
22900	8.0729	28.9271	0	3.22e-06	-3.22e-06	0	4.55377	4.55377e+06	
23000	8.0729	28.9271	0	3.22e-06	-3.22e-06	0	4.55377	4.55377e+06	
23100	8.0729	28.9271	0	3.22e-06	-3.22e-06	0	4.55377	4.55377e+06	
23200	8.0729	28.9271	0	3.22e-06	-3.22e-06	0	4.55377	4.55377e+06	
23300	8.0729	28.9271	0	3.22e-06	-3.22e-06	0	4.55377	4.55377e+06	
23400	8.0729	28.9271	0	3.22e-06	-3.22e-06	0	4.55377	4.55377e+06	
23500	8.0729	28.9271	0	3.22e-06	-3.22e-06	0	4.55377	4.55377e+06	
23600	8.0729	28.9271	0	3.22e-06	-3.22e-06	0	4.55377	4.55377e+06	
23700	8.0729	28.9271	0	3.22e-06	-3.22e-06	0	4.55377	4.55377e+06	
23800	8.0729	28.9271	0	3.22e-06	-3.22e-06	0	4.55377	4.55377e+06	
23900	8.0729	28.9271	0	3.22e-06	-3.22e-06	0	4.55377	4.55377e+06	
24000	8.0729	28.9271	0	3.22e-06	-3.22e-06	0	4.55377	4.55377e+06	
24100	8.0729	28.9271	0	3.22e-06	-3.22e-06	0	4.55377	4.55377e+06	
24200	8.0729	28.9271	0	3.22e-06	-3.22e-06	0	4.55377	4.55377e+06	
24300	8.0729	28.9271	0	3.22e-06	-3.22e-06	0	4.55377	4.55377e+06	
24400	8.0729	28.9271	0	3.22e-06	-3.22e-06	0	4.55377	4.55377e+06	
24500	8.0729	28.9271	0	3.22e-06	-3.22e-06	0	4.55377	4.55377e+06	
24600	8.0729	28.9271	0	3.22e-06	-3.22e-06	0	4.55377	4.55377e+06	
24700	8.0729	28.9271	0	3.22e-06	-3.22e-06	0	4.55377	4.55377e+06	
24800	8.0729	28.9271	0	3.22e-06	-3.22e-06	0	4.55377	4.55377e+06	
24900	8.0729	28.9271	0	3.22e-06	-3.22e-06	0	4.55377	4.55377e+06	
25000	8.0729	28.9271	0	3.22e-06	-3.22e-06	0	4.55377	4.55377e+06	
25100	8.07496	28.9298	0	3.22e-06	-3.10127e-06	0	4.4706	4.4706e+06	
25200	8.07508	28.9299	0	3.22e-06	-3.10127e-06	0	4.4706	4.4706e+06	
25300	8.07508	28.9299	0	3.22e-06	-3.10127e-06	0	4.4706	4.4706e+06	
25400	8.07508	28.9299	0	3.22e-06	-3.10127e-06	0	4.4706	4.4706e+06	
25500	8.07508	28.9299	0	3.22e-06	-3.10127e-06	0	4.4706	4.4706e+06	
25600	8.07301	28.9272	0	3.22e-06	-3.22e-06	0	4.55377	4.55377e+06	
25700	8.0729	28.9271	0	3.22e-06	-3.22e-06	0	4.55377	4.55377e+06	
25800	8.0729	28.9271	0	3.22e-06	-3.22e-06	0	4.55377	4.55377e+06	
25900	8.0729	28.9271	0	3.22e-06	-3.22e-06	0	4.55377	4.55377e+06	
26000	8.0729	28.9271	0	3.22e-06	-3.22e-06	0	4.55377	4.55377e+06	
26100	8.08331	28.9414	0	3.22e-06	-2.64721e-06	0	4.16847	4.16847e+06	
26200	8.08415	28.9425	0	3.22e-06	-2.64721e-06	0	4.16847	4.16847e+06	
26300	8.08422	28.9426	0	3.22e-06	-2.64721e-06	0	4.16847	4.16847e+06	
26400	8.08423	28.9426	0	3.22e-06	-2.64721e-06	0	4.16847	4.16847e+06	
26500	8.08423	28.9426	0	3.22e-06	-2.64721e-06	0	4.16847	4.16847e+06	
26600	8.17033	29.0999	0	3.22e-06	-2.76106e-07	0	3.23182	3.23182e+06	
26700	8.27584	29.2604	0	3.22e-06	-2.76106e-07	0	3.23182	3.23182e+06	
26800	8.41715	29.436	0	3.22e-06	-2.76106e-07	0	3.23182	3.23182e+06	
26900	8.60292	29.62	0	3.22e-06	-2.76106e-07	0	3.23182	3.23182e+06	
27000	8.84047	29.8013	0	3.22e-06	-2.76106e-07	0	3.23182	3.23182e+06	
27100	8.99572	29.878	0	3.22e-06	-2.68552e-06	0	4.1929	4.1929e+06	
27200	9.07744	29.9345	0	3.22e-06	-2.68552e-06	0	4.1929	4.1929e+06	
27300	9.08294	29.9408	0	3.22e-06	-2.68552e-06	0	4.1929	4.1929e+06	
27400	9.08335	29.9413	0	3.22e-06	-2.68552e-06	0	4.1929	4.1929e+06	
27500	9.08338	29.9413	0	3.22e-06	-2.68552e-06	0	4.1929	4.1929e+06	
27600	9.07349	29.9277	0	3.22e-06	-3.22e-06	0	4.55377	4.55377e+06	
27700	9.07293	29.9271	0	3.22e-06	-3.22e-06	0	4.55377	4.55377e+06	
27800	9.0729	29.9271	0	3.22e-06	-3.22e-06	0	4.55377	4.55377e+06	
27900	9.0729	29.9271	0	3.22e-06	-3.22e-06	0	4.55377	4.55377e+06	
28000	9.0729	29.9271	0	3.22e-06	-3.22e-06	0	4.55377	4.55377e+06	
28100	9.12505	30.0159	0	3.22e-06	-1.1441e-06	0	3.41721	3.41721e+06	
28200	9.16325	30.0824	0	3.22e-06	-1.1441e-06	0	3.41721	3.41721e+06	
28300	9.21011	30.1585	0	3.22e-06	-1.1441e-06	0	3.41721	3.41721e+06	
28400	9.27086	30.2478	0	3.22e-06	-1.1441e-06	0	3.41721	3.41721e+06	
28500	9.35025	30.3516	0	3.22e-06	-1.1441e-06	0	3.41721	3.41721e+06	
28600	9.44629	30.4611	0	3.22e-06	-1.2609e-06	0	3.45807	3.45807e+06	
28700	9.57111	30.5843	0	3.22e-06	-1.2609e-06	0	3.45807	3.45807e+06	
28800	9.73302	30.7179	0	3.22e-06	-1.2609e-06	0	3.45807	3.45807e+06	
28900	9.94029	30.8549	0	3.22e-06	-1.2609e-06	0	3.45807	3.45807e+06	
29000	10.0981	30.9698	0	3.22e-06	-1.2609e-06	0	3.45807	3.45807e+06	
29100	10.1653	31.0892	0	3.22e-06	-6.11881e-07	0	3.27762	3.27762e+06	
29200	10.247	31.2173	0	3.22e-06	-6.11881e-07	0	3.27762	3.27762e+06	
29300	10.3556	31.3616	0	3.22e-06	-6.11881e-07	0	3.27762	3.27762e+06	
29400	10.4987	31.5197	0	3.22e-06	-6.11881e-07	0	3.27762	3.27762e+06	
29500	10.6849	31.6857	0	3.22e-06	-6.11881e-07	0	3.27762	3.27762e+06	
29600	10.7923	31.8056	0	1.29125e-06	3.87161e-07	0	1.34804	1.34804e+06	
29700	10.9272	31.895	0	1.29125e-06	3.87161e-07	0	1.34804	1.34804e+06	
29800	11.0705	31.9759	0	1.29125e-06	3.87161e-07	0	1.34804	1.34804e+06	
29900	11.2206	32.0482	0	1.29125e-06	3.87161e-07	0	1.34804	1.34804e+06	
30000	11.3756	32.112	0	1.29125e-06	3.87161e-07	0	1.34804	1.34804e+06	
30100	11.7323	32.1452	0	2.98245e-06	-3.12482e-07	0	2.99877	2.99877e+06	
30200	12.0992	32.1749	0	2.98245e-06	-3.12482e-07	0	2.99877	2.99877e+06	
30300	12.4721	32.1602	0	2.98245e-06	-3.12482e-07	0	2.99877	2.99877e+06	
30400	12.8381	32.1619	0	2.98245e-06	-3.12482e-07	0	2.99877	2.99877e+06	
30500	13.2085	32.1745	0	2.98245e-06	-3.12482e-07	0	2.99877	2.99877e+06	
30600	13.6089	32.2769	0	3.22e-06	7.93228e-07	0	3.31626	3.31626e+06	
30700	14.0089	32.3755	0	3.22e-06	7.93228e-07	0	3.31626	3.31626e+06	
30800	14.4089	32.474	0	3.22e-06	7.93228e-07	0	3.31626	3.31626e+06	
30900	14.8089	32.5726	0	3.22e-06	7.93228e-07	0	3.31626	3.31626e+06	
31000	15.2089	32.6711	0	3.22e-06	7.93228e-07	0	3.31626	3.31626e+06	
31100	15.3826	33.0711	0	1.39828e-06	3.22e-06	0	3.5105	3.5105e+06	
31200	15.5563	33.4711	0	1.39828e-06	3.22e-06	0	3.5105	3.5105e+06	
31300	15.73	33.8711	0	1.39828e-06	3.22e-06	0	3.5105	3.5105e+06	
31400	15.9037	34.2711	0	1.39828e-06	3.22e-06	0	3.5105	3.5105e+06	
31500	16.0774	34.6711	0	1.39828e-06	3.22e-06	0	3.5105	3.5105e+06	
31600	16.4166	35.0711	0	2.73006e-06	3.22e-06	0	4.22157	4.22157e+06	
31700	16.7557	35.4711	0	2.73006e-06	3.22e-06	0	4.22157	4.22157e+06	
31800	17.0949	35.8711	0	2.73006e-06	3.22e-06	0	4.22157	4.22157e+06	
31900	17.434	36.2711	0	2.73006e-06	3.22e-06	0	4.22157	4.22157e+06	
32000	17.7731	36.6711	0	2.73006e-06	3.22e-06	0	4.22157	4.22157e+06	
32100	18.0324	37.0711	0	2.08707e-06	3.22e-06	0	3.83722	3.83722e+06	
32200	18.2917	37.4711	0	2.08707e-06	3.22e-06	0	3.83722	3.83722e+06	
32300	18.5509	37.8711	0	2.08707e-06	3.22e-06	0	3.83722	3.83722e+06	
32400	18.8102	38.2711	0	2.08707e-06	3.22e-06	0	3.83722	3.83722e+06	
32500	19.0695	38.6711	0	2.08707e-06	3.22e-06	0	3.83722	3.83722e+06	
32600	19.3376	38.6642	0	2.1587e-06	-5.53708e-08	0	2.15941	2.15941e+06	
32700	19.6058	38.6573	0	2.1587e-06	-5.53708e-08	0	2.15941	2.15941e+06	
32800	19.8739	38.6504	0	2.1587e-06	-5.53708e-08	0	2.15941	2.15941e+06	
32900	20.1421	38.6436	0	2.1587e-06	-5.53708e-08	0	2.15941	2.15941e+06	
33000	20.4103	38.6367	0	2.1587e-06	-5.53708e-08	0	2.15941	2.15941e+06	
33100	20.8103	38.3266	0	3.22e-06	-2.49609e-06	0	4.07417	4.07417e+06	
33200	21.2103	38.0165	0	3.22e-06	-2.49609e-06	0	4.07417	4.07417e+06	
33300	21.6103	37.7065	0	3.22e-06	-2.49609e-06	0	4.07417	4.07417e+06	
33400	22.0103	37.3964	0	3.22e-06	-2.49609e-06	0	4.07417	4.07417e+06	
33500	22.4103	37.0863	0	3.22e-06	-2.49609e-06	0	4.07417	4.07417e+06	
33600	22.554	36.6863	0	1.15718e-06	-3.22e-06	0	3.42162	3.42162e+06	
33700	22.6978	36.2863	0	1.15718e-06	-3.22e-06	0	3.42162	3.42162e+06	
33800	22.8415	35.8863	0	1.15718e-06	-3.22e-06	0	3.42162	3.42162e+06	
33900	22.9853	35.4863	0	1.15718e-06	-3.22e-06	0	3.42162	3.42162e+06	
34000	23.129	35.0863	0	1.15718e-06	-3.22e-06	0	3.42162	3.42162e+06	
34100	23.529	34.6863	0	3.22e-06	-3.22e-06	0	4.55377	4.55377e+06	
34200	23.929	34.2863	0	3.22e-06	-3.22e-06	0	4.55377	4.55377e+06	
34300	24.329	33.8863	0	3.22e-06	-3.22e-06	0	4.55377	4.55377e+06	
34400	24.729	33.4863	0	3.22e-06	-3.22e-06	0	4.55377	4.55377e+06	
34500	25.129	33.0863	0	3.22e-06	-3.22e-06	0	4.55377	4.55377e+06	
34600	25.082	32.6863	0	-3.78256e-07	-3.22e-06	0	3.24214	3.24214e+06	
34700	25.035	32.2863	0	-3.78256e-07	-3.22e-06	0	3.24214	3.24214e+06	
34800	24.988	31.8863	0	-3.78256e-07	-3.22e-06	0	3.24214	3.24214e+06	
34900	24.9411	31.4863	0	-3.78256e-07	-3.22e-06	0	3.24214	3.24214e+06	
35000	24.8941	31.0863	0	-3.78256e-07	-3.22e-06	0	3.24214	3.24214e+06	
35100	24.9574	30.9257	0	5.09803e-07	-1.29278e-06	0	1.38967	1.38967e+06	
35200	25.0207	30.7651	0	5.09803e-07	-1.29278e-06	0	1.38967	1.38967e+06	
35300	25.0841	30.6045	0	5.09803e-07	-1.29278e-06	0	1.38967	1.38967e+06	
35400	25.1474	30.4439	0	5.09803e-07	-1.29278e-06	0	1.38967	1.38967e+06	
35500	25.2107	30.2833	0	5.09803e-07	-1.29278e-06	0	1.38967	1.38967e+06	
35600	25.189	30.2344	0	-1.74787e-07	-3.93678e-07	0	0.430735	430735	
35700	25.1673	30.1855	0	-1.74787e-07	-3.93678e-07	0	0.430735	430735	
35800	25.1456	30.1366	0	-1.74787e-07	-3.93678e-07	0	0.430735	430735	
35900	25.1239	30.0877	0	-1.74787e-07	-3.93678e-07	0	0.430735	430735	
36000	25.1022	30.0388	0	-1.74787e-07	-3.93678e-07	0	0.430735	430735	
36100	25.095	29.9024	0	-5.75232e-08	-1.09821e-06	0	1.09971	1.09971e+06	
36200	25.0879	29.766	0	-5.75232e-08	-1.09821e-06	0	1.09971	1.09971e+06	
36300	25.0807	29.6295	0	-5.75232e-08	-1.09821e-06	0	1.09971	1.09971e+06	
36400	25.0736	29.4931	0	-5.75232e-08	-1.09821e-06	0	1.09971	1.09971e+06	
36500	25.0664	29.3567	0	-5.75232e-08	-1.09821e-06	0	1.09971	1.09971e+06	
36600	24.9904	29.5387	0	-6.12186e-07	1.46518e-06	0	1.58793	1.58793e+06	
36700	24.9143	29.7207	0	-6.12186e-07	1.46518e-06	0	1.58793	1.58793e+06	
36800	24.8383	29.9027	0	-6.12186e-07	1.46518e-06	0	1.58793	1.58793e+06	
36900	24.7622	30.0847	0	-6.12186e-07	1.46518e-06	0	1.58793	1.58793e+06	
37000	24.6862	30.2667	0	-6.12186e-07	1.46518e-06	0	1.58793	1.58793e+06	
37100	24.5817	30.3228	0	-8.41469e-07	4.50835e-07	0	0.954632	954632	
37200	24.4771	30.3788	0	-8.41469e-07	4.50835e-07	0	0.954632	954632	
37300	24.3726	30.4348	0	-8.41469e-07	4.50835e-07	0	0.954632	954632	
37400	24.2681	30.4908	0	-8.41469e-07	4.50835e-07	0	0.954632	954632	
37500	24.1635	30.5468	0	-8.41469e-07	4.50835e-07	0	0.954632	954632	
37600	24.1225	30.3674	0	-3.30341e-07	-1.44373e-06	0	1.48104	1.48104e+06	
37700	24.0815	30.1881	0	-3.30341e-07	-1.44373e-06	0	1.48104	1.48104e+06	
37800	24.0404	30.0087	0	-3.30341e-07	-1.44373e-06	0	1.48104	1.48104e+06	
37900	23.9994	29.8294	0	-3.30341e-07	-1.44373e-06	0	1.48104	1.48104e+06	
38000	23.9584	29.65	0	-3.30341e-07	-1.44373e-06	0	1.48104	1.48104e+06	
38100	24.0578	30.0097	0	8.00589e-07	2.89559e-06	0	3.00423	3.00423e+06	
38200	24.1573	30.3694	0	8.00589e-07	2.89559e-06	0	3.00423	3.00423e+06	
38300	24.2567	30.7291	0	8.00589e-07	2.89559e-06	0	3.00423	3.00423e+06	
38400	24.3562	31.0888	0	8.00589e-07	2.89559e-06	0	3.00423	3.00423e+06	
38500	24.4556	31.4486	0	8.00589e-07	2.89559e-06	0	3.00423	3.00423e+06	
38600	24.8556	31.5481	0	3.22e-06	8.01532e-07	0	3.31826	3.31826e+06	
38700	25.2556	31.6477	0	3.22e-06	8.01532e-07	0	3.31826	3.31826e+06	
38800	25.6556	31.7473	0	3.22e-06	8.01532e-07	0	3.31826	3.31826e+06	
38900	26.0556	31.8468	0	3.22e-06	8.01532e-07	0	3.31826	3.31826e+06	
39000	26.4556	31.9464	0	3.22e-06	8.01532e-07	0	3.31826	3.31826e+06	
39100	26.7817	31.8412	0	2.62469e-06	-8.46606e-07	0	2.75785	2.75785e+06	
39200	27.1077	31.7361	0	2.62469e-06	-8.46606e-07	0	2.75785	2.75785e+06	
39300	27.4338	31.6309	0	2.62469e-06	-8.46606e-07	0	2.75785	2.75785e+06	
39400	27.7598	31.5257	0	2.62469e-06	-8.46606e-07	0	2.75785	2.75785e+06	
39500	28.0859	31.4206	0	2.62469e-06	-8.46606e-07	0	2.75785	2.75785e+06	
39600	27.8219	31.5584	0	-2.12492e-06	1.10954e-06	0	2.39715	2.39715e+06	
39700	27.5579	31.6962	0	-2.12492e-06	1.10954e-06	0	2.39715	2.39715e+06	
39800	27.294	31.834	0	-2.12492e-06	1.10954e-06	0	2.39715	2.39715e+06	
39900	27.03	31.9719	0	-2.12492e-06	1.10954e-06	0	2.39715	2.39715e+06	
40000	26.766	32.1097	0	-2.12492e-06	1.10954e-06	0	2.39715	2.39715e+06	
40100	26.4857	31.9396	0	-2.25648e-06	-1.36975e-06	0	2.63968	2.63968e+06	
40200	26.2054	31.7694	0	-2.25648e-06	-1.36975e-06	0	2.63968	2.63968e+06	
40300	25.9251	31.5992	0	-2.25648e-06	-1.36975e-06	0	2.63968	2.63968e+06	
40400	25.6448	31.4291	0	-2.25648e-06	-1.36975e-06	0	2.63968	2.63968e+06	
40500	25.3645	31.2589	0	-2.25648e-06	-1.36975e-06	0	2.63968	2.63968e+06	
40600	25.1396	31.3306	0	-1.81003e-06	5.76717e-07	0	1.89968	1.89968e+06	
40700	24.9148	31.4022	0	-1.81003e-06	5.76717e-07	0	1.89968	1.89968e+06	
40800	24.6899	31.4739	0	-1.81003e-06	5.76717e-07	0	1.89968	1.89968e+06	
40900	24.4651	31.5455	0	-1.81003e-06	5.76717e-07	0	1.89968	1.89968e+06	
41000	24.2403	31.6171	0	-1.81003e-06	5.76717e-07	0	1.89968	1.89968e+06	
41100	24.2636	31.6412	0	1.88314e-07	1.94016e-07	0	0.270379	270379	
41200	24.287	31.6653	0	1.88314e-07	1.94016e-07	0	0.270379	270379	
41300	24.3104	31.6894	0	1.88314e-07	1.94016e-07	0	0.270379	270379	
41400	24.3338	31.7135	0	1.88314e-07	1.94016e-07	0	0.270379	270379	
41500	24.3572	31.7376	0	1.88314e-07	1.94016e-07	0	0.270379	270379	
41600	24.2983	31.3376	0	-4.73984e-07	-3.22e-06	0	3.2547	3.2547e+06	
41700	24.2395	30.9376	0	-4.73984e-07	-3.22e-06	0	3.2547	3.2547e+06	
41800	24.1806	30.5376	0	-4.73984e-07	-3.22e-06	0	3.2547	3.2547e+06	
41900	24.1217	30.1376	0	-4.73984e-07	-3.22e-06	0	3.2547	3.2547e+06	
42000	24.0628	29.7376	0	-4.73984e-07	-3.22e-06	0	3.2547	3.2547e+06	
42100	23.6816	29.6266	0	-3.06843e-06	-8.93675e-07	0	3.19592	3.19592e+06	
42200	23.3005	29.5156	0	-3.06843e-06	-8.93675e-07	0	3.19592	3.19592e+06	
42300	22.9193	29.4046	0	-3.06843e-06	-8.93675e-07	0	3.19592	3.19592e+06	
42400	22.5381	29.2936	0	-3.06843e-06	-8.93675e-07	0	3.19592	3.19592e+06	
42500	22.157	29.1826	0	-3.06843e-06	-8.93675e-07	0	3.19592	3.19592e+06	
42600	21.757	29.1408	0	-3.22e-06	-3.36044e-07	0	3.23749	3.23749e+06	
42700	21.357	29.0991	0	-3.22e-06	-3.36044e-07	0	3.23749	3.23749e+06	
42800	20.957	29.0573	0	-3.22e-06	-3.36044e-07	0	3.23749	3.23749e+06	
42900	20.557	29.0156	0	-3.22e-06	-3.36044e-07	0	3.23749	3.23749e+06	
43000	20.157	28.9738	0	-3.22e-06	-3.36044e-07	0	3.23749	3.23749e+06	
43100	19.994	28.7824	0	-1.67744e-06	-1.68745e-06	0	2.37934	2.37934e+06	
43200	20.0359	28.6628	0	-1.67744e-06	-1.68745e-06	0	2.37934	2.37934e+06	
43300	20.0764	28.5254	0	-1.67744e-06	-1.68745e-06	0	2.37934	2.37934e+06	
43400	20.1109	28.368	0	-1.67744e-06	-1.68745e-06	0	2.37934	2.37934e+06	
43500	20.1357	28.1894	0	-1.67744e-06	-1.68745e-06	0	2.37934	2.37934e+06	
43600	20.1764	27.9852	0	-2.90146e-07	-1.67595e-06	0	1.70088	1.70088e+06	
43700	20.1755	27.7753	0	-2.90146e-07	-1.67595e-06	0	1.70088	1.70088e+06	
43800	20.1591	27.5645	0	-2.90146e-07	-1.67595e-06	0	1.70088	1.70088e+06	
43900	20.1472	27.3583	0	-2.90146e-07	-1.67595e-06	0	1.70088	1.70088e+06	
44000	20.1666	27.1565	0	-2.90146e-07	-1.67595e-06	0	1.70088	1.70088e+06	
44100	20.1623	26.7556	0	-5.51027e-07	-3.22e-06	0	3.26681	3.26681e+06	
44200	20.1344	26.3554	0	-5.51027e-07	-3.22e-06	0	3.26681	3.26681e+06	
44300	20.1653	25.9631	0	-5.51027e-07	-3.22e-06	0	3.26681	3.26681e+06	
44400	20.1458	25.5589	0	-5.51027e-07	-3.22e-06	0	3.26681	3.26681e+06	
44500	20.1526	25.167	0	-5.51027e-07	-3.22e-06	0	3.26681	3.26681e+06	
44600	20.1519	24.7662	0	-8.83221e-07	-3.22e-06	0	3.33893	3.33893e+06	
44700	20.1221	24.3653	0	-8.83221e-07	-3.22e-06	0	3.33893	3.33893e+06	
44800	20.1572	23.9774	0	-8.83221e-07	-3.22e-06	0	3.33893	3.33893e+06	
44900	20.1308	23.5698	0	-8.83221e-07	-3.22e-06	0	3.33893	3.33893e+06	
45000	20.0468	23.1628	0	-8.83221e-07	-3.22e-06	0	3.33893	3.33893e+06	
45100	20.0315	22.7624	0	-1.30631e-07	-3.22e-06	0	3.22265	3.22265e+06	
45200	20.0153	22.3624	0	-1.30631e-07	-3.22e-06	0	3.22265	3.22265e+06	
45300	19.9991	21.9624	0	-1.30631e-07	-3.22e-06	0	3.22265	3.22265e+06	
45400	19.9829	21.5624	0	-1.30631e-07	-3.22e-06	0	3.22265	3.22265e+06	
45500	19.9666	21.1624	0	-1.30631e-07	-3.22e-06	0	3.22265	3.22265e+06	
45600	20.3593	20.7624	0	3.1613e-06	-3.22e-06	0	4.51245	4.51245e+06	
45700	20.7521	20.3624	0	3.1613e-06	-3.22e-06	0	4.51245	4.51245e+06	
45800	21.1448	19.9624	0	3.1613e-06	-3.22e-06	0	4.51245	4.51245e+06	
45900	21.5375	19.5624	0	3.1613e-06	-3.22e-06	0	4.51245	4.51245e+06	
46000	21.9302	19.1624	0	3.1613e-06	-3.22e-06	0	4.51245	4.51245e+06	
46100	22.329	18.7624	0	3.21023e-06	-3.22e-06	0	4.54686	4.54686e+06	
46200	22.7278	18.3624	0	3.21023e-06	-3.22e-06	0	4.54686	4.54686e+06	
46300	23.1265	17.9624	0	3.21023e-06	-3.22e-06	0	4.54686	4.54686e+06	
46400	23.5253	17.5624	0	3.21023e-06	-3.22e-06	0	4.54686	4.54686e+06	
46500	23.9241	17.1624	0	3.21023e-06	-3.22e-06	0	4.54686	4.54686e+06	
46600	24.3241	16.7624	0	3.22e-06	-3.22e-06	0	4.55377	4.55377e+06	
46700	24.7241	16.3624	0	3.22e-06	-3.22e-06	0	4.55377	4.55377e+06	
46800	25.1241	15.9624	0	3.22e-06	-3.22e-06	0	4.55377	4.55377e+06	
46900	25.5241	15.5624	0	3.22e-06	-3.22e-06	0	4.55377	4.55377e+06	
47000	25.9241	15.1624	0	3.22e-06	-3.22e-06	0	4.55377	4.55377e+06	
47100	25.8426	14.7624	0	-6.5627e-07	-3.22e-06	0	3.2862	3.2862e+06	
47200	25.7611	14.3624	0	-6.5627e-07	-3.22e-06	0	3.2862	3.2862e+06	
47300	25.6795	13.9624	0	-6.5627e-07	-3.22e-06	0	3.2862	3.2862e+06	
47400	25.598	13.5624	0	-6.5627e-07	-3.22e-06	0	3.2862	3.2862e+06	
47500	25.5165	13.1624	0	-6.5627e-07	-3.22e-06	0	3.2862	3.2862e+06	
47600	25.5948	12.7624	0	6.30422e-07	-3.22e-06	0	3.28113	3.28113e+06	
47700	25.6731	12.3624	0	6.30422e-07	-3.22e-06	0	3.28113	3.28113e+06	
47800	25.7514	11.9624	0	6.30422e-07	-3.22e-06	0	3.28113	3.28113e+06	
47900	25.8297	11.5624	0	6.30422e-07	-3.22e-06	0	3.28113	3.28113e+06	
48000	25.9081	11.1624	0	6.30422e-07	-3.22e-06	0	3.28113	3.28113e+06	
48100	25.8529	10.7624	0	-4.4382e-07	-3.22e-06	0	3.25044	3.25044e+06	
48200	25.7978	10.3624	0	-4.4382e-07	-3.22e-06	0	3.25044	3.25044e+06	
48300	25.7427	9.96237	0	-4.4382e-07	-3.22e-06	0	3.25044	3.25044e+06	
48400	25.6875	9.56237	0	-4.4382e-07	-3.22e-06	0	3.25044	3.25044e+06	
48500	25.6323	9.16329	0	-4.4382e-07	-3.22e-06	0	3.25044	3.25044e+06	
48600	25.3868	9.09928	0	-2.0683e-06	-2.84445e-06	0	3.51693	3.51693e+06	
48700	25.1788	9.12656	0	-2.0683e-06	-2.84445e-06	0	3.51693	3.51693e+06	
48800	24.9323	9.13452	0	-2.0683e-06	-2.84445e-06	0	3.51693	3.51693e+06	
48900	24.6446	9.10864	0	-2.0683e-06	-2.84445e-06	0	3.51693	3.51693e+06	
49000	24.3896	9.09886	0	-2.0683e-06	-2.84445e-06	0	3.51693	3.51693e+06	
49100	24.0153	9.14408	0	-3.22e-06	-1.75109e-06	0	3.66534	3.66534e+06	
49200	23.6005	9.11575	0	-3.22e-06	-1.75109e-06	0	3.66534	3.66534e+06	
49300	23.2207	9.12987	0	-3.22e-06	-1.75109e-06	0	3.66534	3.66534e+06	
49400	22.8247	9.14029	0	-3.22e-06	-1.75109e-06	0	3.66534	3.66534e+06	
49500	22.414	9.10355	0	-3.22e-06	-1.75109e-06	0	3.66534	3.66534e+06	
49600	22.3149	9.1423	0	-9.17995e-07	-5.04388e-07	0	1.04744	1.04744e+06	
49700	22.21	9.15614	0	-9.17995e-07	-5.04388e-07	0	1.04744	1.04744e+06	
49800	22.1012	9.1654	0	-9.17995e-07	-5.04388e-07	0	1.04744	1.04744e+06	
49900	21.9886	9.16941	0	-9.17995e-07	-5.04388e-07	0	1.04744	1.04744e+06	
50000	21.8726	9.16765	0	-9.17995e-07	-5.04388e-07	0	1.04744	1.04744e+06	
