0	44	37	0	-1.19484e-06	3.22e-06	0	3.43454	3.43454e+06	
100	44.29	37.398	0	2.33483e-06	3.20416e-06	0	3.96461	3.96461e+06	
200	44.5801	37.7961	0	2.33483e-06	3.20416e-06	0	3.96461	3.96461e+06	
300	44.8701	38.1941	0	2.33483e-06	3.20416e-06	0	3.96461	3.96461e+06	
400	45.1602	38.5921	0	2.33483e-06	3.20416e-06	0	3.96461	3.96461e+06	
500	45.4502	38.9902	0	2.33483e-06	3.20416e-06	0	3.96461	3.96461e+06	
600	45.6161	38.8144	0	1.33551e-06	-1.41493e-06	0	1.94567	1.94567e+06	
700	45.782	38.6386	0	1.33551e-06	-1.41493e-06	0	1.94567	1.94567e+06	
800	45.9479	38.4629	0	1.33551e-06	-1.41493e-06	0	1.94567	1.94567e+06	
900	46.1138	38.2871	0	1.33551e-06	-1.41493e-06	0	1.94567	1.94567e+06	
1000	46.2797	38.1113	0	1.33551e-06	-1.41493e-06	0	1.94567	1.94567e+06	
1100	46.5708	38.2308	0	2.34319e-06	9.61767e-07	0	2.53289	2.53289e+06	
1200	46.8619	38.3503	0	2.34319e-06	9.61767e-07	0	2.53289	2.53289e+06	
1300	47.153	38.4697	0	2.34319e-06	9.61767e-07	0	2.53289	2.53289e+06	
1400	47.444	38.5892	0	2.34319e-06	9.61767e-07	0	2.53289	2.53289e+06	
1500	47.7351	38.7087	0	2.34319e-06	9.61767e-07	0	2.53289	2.53289e+06	
1600	47.732	38.998	0	-2.52157e-08	2.32911e-06	0	2.32925	2.32925e+06	
1700	47.7289	39.2874	0	-2.52157e-08	2.32911e-06	0	2.32925	2.32925e+06	
1800	47.7257	39.5767	0	-2.52157e-08	2.32911e-06	0	2.32925	2.32925e+06	
1900	47.7226	39.866	0	-2.52157e-08	2.32911e-06	0	2.32925	2.32925e+06	
2000	47.7195	40.1553	0	-2.52157e-08	2.32911e-06	0	2.32925	2.32925e+06	
2100	47.707	40.5553	0	-1.00505e-07	3.22e-06	0	3.22157	3.22157e+06	
2200	47.6945	40.9553	0	-1.00505e-07	3.22e-06	0	3.22157	3.22157e+06	
2300	47.682	41.3553	0	-1.00505e-07	3.22e-06	0	3.22157	3.22157e+06	
2400	47.6695	41.7553	0	-1.00505e-07	3.22e-06	0	3.22157	3.22157e+06	
2500	47.657	42.1553	0	-1.00505e-07	3.22e-06	0	3.22157	3.22157e+06	
2600	47.2566	42.5548	0	-3.22e-06	3.22e-06	0	4.55377	4.55377e+06	
2700	46.8528	42.8709	0	-3.22e-06	3.22e-06	0	4.55377	4.55377e+06	
2800	46.3978	42.9465	0	-3.22e-06	3.22e-06	0	4.55377	4.55377e+06	
2900	45.9135	43.1433	0	-3.22e-06	3.22e-06	0	4.55377	4.55377e+06	
3000	45.4558	43.4643	0	-3.22e-06	3.22e-06	0	4.55377	4.55377e+06	
3100	45.0522	43.6575	0	-3.22e-06	1.58316e-06	0	3.58815	3.58815e+06	
3200	44.6514	43.8481	0	-3.22e-06	1.58316e-06	0	3.58815	3.58815e+06	
3300	44.2664	43.8742	0	-3.22e-06	1.58316e-06	0	3.58815	3.58815e+06	
3400	43.875	43.855	0	-3.22e-06	1.58316e-06	0	3.58815	3.58815e+06	
3500	43.4542	43.9104	0	-3.22e-06	1.58316e-06	0	3.58815	3.58815e+06	
3600	43.0524	43.7383	0	-3.22e-06	-1.33029e-06	0	3.48397	3.48397e+06	
3700	42.6524	43.5731	0	-3.22e-06	-1.33029e-06	0	3.48397	3.48397e+06	
3800	42.2524	43.4078	0	-3.22e-06	-1.33029e-06	0	3.48397	3.48397e+06	
3900	41.8524	43.2426	0	-3.22e-06	-1.33029e-06	0	3.48397	3.48397e+06	
4000	41.4524	43.0773	0	-3.22e-06	-1.33029e-06	0	3.48397	3.48397e+06	
4100	41.0524	43.152	0	-3.22e-06	6.01561e-07	0	3.27571	3.27571e+06	
4200	40.6524	43.2268	0	-3.22e-06	6.01561e-07	0	3.27571	3.27571e+06	
4300	40.2524	43.3015	0	-3.22e-06	6.01561e-07	0	3.27571	3.27571e+06	
4400	39.8524	43.3762	0	-3.22e-06	6.01561e-07	0	3.27571	3.27571e+06	
4500	39.4524	43.4509	0	-3.22e-06	6.01561e-07	0	3.27571	3.27571e+06	
4600	39.5647	43.3612	0	9.04433e-07	-7.22721e-07	0	1.15772	1.15772e+06	
4700	39.6771	43.2714	0	9.04433e-07	-7.22721e-07	0	1.15772	1.15772e+06	
4800	39.7894	43.1816	0	9.04433e-07	-7.22721e-07	0	1.15772	1.15772e+06	
4900	39.9018	43.0918	0	9.04433e-07	-7.22721e-07	0	1.15772	1.15772e+06	
5000	40.0141	43.002	0	9.04433e-07	-7.22721e-07	0	1.15772	1.15772e+06	
5100	40.2477	42.8331	0	1.88057e-06	-1.36018e-06	0	2.32092	2.32092e+06	
5200	40.4814	42.6641	0	1.88057e-06	-1.36018e-06	0	2.32092	2.32092e+06	
5300	40.715	42.4951	0	1.88057e-06	-1.36018e-06	0	2.32092	2.32092e+06	
5400	40.9486	42.3262	0	1.88057e-06	-1.36018e-06	0	2.32092	2.32092e+06	
5500	41.1822	42.1572	0	1.88057e-06	-1.36018e-06	0	2.32092	2.32092e+06	
5600	41.0133	41.9766	0	-1.35952e-06	-1.4536e-06	0	1.99029	1.99029e+06	
5700	40.8444	41.7961	0	-1.35952e-06	-1.4536e-06	0	1.99029	1.99029e+06	
5800	40.6755	41.6155	0	-1.35952e-06	-1.4536e-06	0	1.99029	1.99029e+06	
5900	40.5067	41.4349	0	-1.35952e-06	-1.4536e-06	0	1.99029	1.99029e+06	
6000	40.3378	41.2544	0	-1.35952e-06	-1.4536e-06	0	1.99029	1.99029e+06	
6100	39.9458	41.1669	0	-3.15548e-06	-7.04251e-07	0	3.23312	3.23312e+06	
6200	39.5538	41.0794	0	-3.15548e-06	-7.04251e-07	0	3.23312	3.23312e+06	
6300	39.1618	40.9919	0	-3.15548e-06	-7.04251e-07	0	3.23312	3.23312e+06	
6400	38.7698	40.9044	0	-3.15548e-06	-7.04251e-07	0	3.23312	3.23312e+06	
6500	38.3778	40.8169	0	-3.15548e-06	-7.04251e-07	0	3.23312	3.23312e+06	
6600	38.08	40.5575	0	-2.39799e-06	-2.08866e-06	0	3.18008	3.18008e+06	
6700	37.7821	40.298	0	-2.39799e-06	-2.08866e-06	0	3.18008	3.18008e+06	
6800	37.4842	40.0385	0	-2.39799e-06	-2.08866e-06	0	3.18008	3.18008e+06	
6900	37.1863	39.7791	0	-2.39799e-06	-2.08866e-06	0	3.18008	3.18008e+06	
7000	36.8884	39.5196	0	-2.39799e-06	-2.08866e-06	0	3.18008	3.18008e+06	
7100	36.4884	39.2953	0	-3.22e-06	-1.80597e-06	0	3.69187	3.69187e+06	
7200	36.0884	39.0709	0	-3.22e-06	-1.80597e-06	0	3.69187	3.69187e+06	
7300	35.6884	38.8466	0	-3.22e-06	-1.80597e-06	0	3.69187	3.69187e+06	
7400	35.2884	38.6222	0	-3.22e-06	-1.80597e-06	0	3.69187	3.69187e+06	
7500	34.8884	38.3979	0	-3.22e-06	-1.80597e-06	0	3.69187	3.69187e+06	
7600	34.4884	38.0439	0	-3.22e-06	-2.84943e-06	0	4.29973	4.29973e+06	
7700	34.0884	37.69	0	-3.22e-06	-2.84943e-06	0	4.29973	4.29973e+06	
7800	33.6884	37.336	0	-3.22e-06	-2.84943e-06	0	4.29973	4.29973e+06	
7900	33.2884	36.982	0	-3.22e-06	-2.84943e-06	0	4.29973	4.29973e+06	
8000	32.8884	36.6281	0	-3.22e-06	-2.84943e-06	0	4.29973	4.29973e+06	
8100	32.4884	36.2281	0	-3.22e-06	-3.22e-06	0	4.55377	4.55377e+06	
8200	32.0884	35.8281	0	-3.22e-06	-3.22e-06	0	4.55377	4.55377e+06	
8300	31.6884	35.4281	0	-3.22e-06	-3.22e-06	0	4.55377	4.55377e+06	
8400	31.2884	35.0281	0	-3.22e-06	-3.22e-06	0	4.55377	4.55377e+06	
8500	30.8884	34.6281	0	-3.22e-06	-3.22e-06	0	4.55377	4.55377e+06	
8600	30.638	34.2281	0	-2.01539e-06	-3.22e-06	0	3.79871	3.79871e+06	
8700	30.3877	33.8281	0	-2.01539e-06	-3.22e-06	0	3.79871	3.79871e+06	
8800	30.1373	33.4281	0	-2.01539e-06	-3.22e-06	0	3.79871	3.79871e+06	
8900	29.887	33.0281	0	-2.01539e-06	-3.22e-06	0	3.79871	3.79871e+06	
9000	29.6366	32.6281	0	-2.01539e-06	-3.22e-06	0	3.79871	3.79871e+06	
9100	29.5161	32.2281	0	-9.70161e-07	-3.22e-06	0	3.36298	3.36298e+06	
9200	29.3956	31.8281	0	-9.70161e-07	-3.22e-06	0	3.36298	3.36298e+06	
9300	29.2751	31.4281	0	-9.70161e-07	-3.22e-06	0	3.36298	3.36298e+06	
9400	29.1545	31.0281	0	-9.70161e-07	-3.22e-06	0	3.36298	3.36298e+06	
9500	29.034	30.6281	0	-9.70161e-07	-3.22e-06	0	3.36298	3.36298e+06	
9600	29.0446	30.3437	0	8.53363e-08	-2.28916e-06	0	2.29075	2.29075e+06	
9700	29.0552	30.0593	0	8.53363e-08	-2.28916e-06	0	2.29075	2.29075e+06	
9800	29.0658	29.775	0	8.53363e-08	-2.28916e-06	0	2.29075	2.29075e+06	
9900	29.0764	29.4906	0	8.53363e-08	-2.28916e-06	0	2.29075	2.29075e+06	
10000	29.087	29.2062	0	8.53363e-08	-2.28916e-06	0	2.29075	2.29075e+06	
10100	28.9695	29.2679	0	-9.46375e-07	4.9668e-07	0	1.06879	1.06879e+06	
10200	28.8519	29.3296	0	-9.46375e-07	4.9668e-07	0	1.06879	1.06879e+06	
10300	28.7343	29.3913	0	-9.46375e-07	4.9668e-07	0	1.06879	1.06879e+06	
10400	28.6168	29.453	0	-9.46375e-07	4.9668e-07	0	1.06879	1.06879e+06	
10500	28.4992	29.5147	0	-9.46375e-07	4.9668e-07	0	1.06879	1.06879e+06	
10600	28.5179	29.7632	0	1.50683e-07	2.00059e-06	0	2.00625	2.00625e+06	
10700	28.5367	30.0118	0	1.50683e-07	2.00059e-06	0	2.00625	2.00625e+06	
10800	28.5554	30.2603	0	1.50683e-07	2.00059e-06	0	2.00625	2.00625e+06	
10900	28.5741	30.5088	0	1.50683e-07	2.00059e-06	0	2.00625	2.00625e+06	
11000	28.5928	30.7573	0	1.50683e-07	2.00059e-06	0	2.00625	2.00625e+06	
11100	28.4389	30.9009	0	-1.23899e-06	1.15592e-06	0	1.69447	1.69447e+06	
11200	28.285	31.0445	0	-1.23899e-06	1.15592e-06	0	1.69447	1.69447e+06	
11300	28.1311	31.1881	0	-1.23899e-06	1.15592e-06	0	1.69447	1.69447e+06	
11400	27.9772	31.3317	0	-1.23899e-06	1.15592e-06	0	1.69447	1.69447e+06	
11500	27.8232	31.4753	0	-1.23899e-06	1.15592e-06	0	1.69447	1.69447e+06	
11600	27.8009	31.5024	0	-1.79551e-07	2.17911e-07	0	0.282354	282354	
11700	27.7786	31.5294	0	-1.79551e-07	2.17911e-07	0	0.282354	282354	
11800	27.7563	31.5565	0	-1.79551e-07	2.17911e-07	0	0.282354	282354	
11900	27.734	31.5836	0	-1.79551e-07	2.17911e-07	0	0.282354	282354	
12000	27.7117	31.6106	0	-1.79551e-07	2.17911e-07	0	0.282354	282354	
12100	27.5631	31.4591	0	-1.19673e-06	-1.21955e-06	0	1.70864	1.70864e+06	
12200	27.4144	31.3076	0	-1.19673e-06	-1.21955e-06	0	1.70864	1.70864e+06	
12300	27.2657	31.1561	0	-1.19673e-06	-1.21955e-06	0	1.70864	1.70864e+06	
12400	27.1171	31.0047	0	-1.19673e-06	-1.21955e-06	0	1.70864	1.70864e+06	
12500	26.9684	30.8532	0	-1.19673e-06	-1.21955e-06	0	1.70864	1.70864e+06	
12600	26.7346	30.7673	0	-1.88249e-06	-6.91259e-07	0	2.00539	2.00539e+06	
12700	26.5007	30.6814	0	-1.88249e-06	-6.91259e-07	0	2.00539	2.00539e+06	
12800	26.2669	30.5955	0	-1.88249e-06	-6.91259e-07	0	2.00539	2.00539e+06	
12900	26.033	30.5097	0	-1.88249e-06	-6.91259e-07	0	2.00539	2.00539e+06	
13000	25.7992	30.4238	0	-1.88249e-06	-6.91259e-07	0	2.00539	2.00539e+06	
13100	25.8415	30.3901	0	3.40667e-07	-2.7119e-07	0	0.435428	435428	
13200	25.8838	30.3564	0	3.40667e-07	-2.7119e-07	0	0.435428	435428	
13300	25.9261	30.3227	0	3.40667e-07	-2.7119e-07	0	0.435428	435428	
13400	25.9684	30.289	0	3.40667e-07	-2.7119e-07	0	0.435428	435428	
13500	26.0108	30.2554	0	3.40667e-07	-2.7119e-07	0	0.435428	435428	
13600	26.1853	30.3674	0	1.40519e-06	9.02283e-07	0	1.66994	1.66994e+06	
13700	26.3599	30.4795	0	1.40519e-06	9.02283e-07	0	1.66994	1.66994e+06	
13800	26.5344	30.5916	0	1.40519e-06	9.02283e-07	0	1.66994	1.66994e+06	
13900	26.709	30.7037	0	1.40519e-06	9.02283e-07	0	1.66994	1.66994e+06	
14000	26.8835	30.8158	0	1.40519e-06	9.02283e-07	0	1.66994	1.66994e+06	
14100	27.2166	30.6174	0	2.68093e-06	-1.59727e-06	0	3.12068	3.12068e+06	
14200	27.5496	30.4189	0	2.68093e-06	-1.59727e-06	0	3.12068	3.12068e+06	
14300	27.8827	30.2205	0	2.68093e-06	-1.59727e-06	0	3.12068	3.12068e+06	
14400	28.2157	30.0221	0	2.68093e-06	-1.59727e-06	0	3.12068	3.12068e+06	
14500	28.5487	29.8237	0	2.68093e-06	-1.59727e-06	0	3.12068	3.12068e+06	
14600	28.9051	29.4237	0	2.86904e-06	-3.22e-06	0	4.31275	4.31275e+06	
14700	29.2615	29.0237	0	2.86904e-06	-3.22e-06	0	4.31275	4.31275e+06	
14800	29.6179	28.6237	0	2.86904e-06	-3.22e-06	0	4.31275	4.31275e+06	
14900	29.9743	28.2237	0	2.86904e-06	-3.22e-06	0	4.31275	4.31275e+06	
15000	30.3307	27.8237	0	2.86904e-06	-3.22e-06	0	4.31275	4.31275e+06	
15100	30.2779	27.9449	0	-4.25563e-07	9.75316e-07	0	1.06412	1.06412e+06	
15200	30.225	28.066	0	-4.25563e-07	9.75316e-07	0	1.06412	1.06412e+06	
15300	30.1721	28.1872	0	-4.25563e-07	9.75316e-07	0	1.06412	1.06412e+06	
15400	30.1193	28.3083	0	-4.25563e-07	9.75316e-07	0	1.06412	1.06412e+06	
15500	30.0664	28.4295	0	-4.25563e-07	9.75316e-07	0	1.06412	1.06412e+06	
15600	29.9874	28.5938	0	-6.3579e-07	1.32249e-06	0	1.46738	1.46738e+06	
15700	29.9084	28.758	0	-6.3579e-07	1.32249e-06	0	1.46738	1.46738e+06	
15800	29.8295	28.9223	0	-6.3579e-07	1.32249e-06	0	1.46738	1.46738e+06	
15900	29.7505	29.0866	0	-6.3579e-07	1.32249e-06	0	1.46738	1.46738e+06	
16000	29.6715	29.2509	0	-6.3579e-07	1.32249e-06	0	1.46738	1.46738e+06	
16100	29.9696	29.4866	0	2.39974e-06	1.89769e-06	0	3.05941	3.05941e+06	
16200	30.2677	29.7224	0	2.39974e-06	1.89769e-06	0	3.05941	3.05941e+06	
16300	30.5658	29.9581	0	2.39974e-06	1.89769e-06	0	3.05941	3.05941e+06	
16400	30.8639	30.1939	0	2.39974e-06	1.89769e-06	0	3.05941	3.05941e+06	
16500	31.162	30.4296	0	2.39974e-06	1.89769e-06	0	3.05941	3.05941e+06	
16600	31.5287	30.8296	0	2.95182e-06	3.22e-06	0	4.36825	4.36825e+06	
16700	31.8954	31.2296	0	2.95182e-06	3.22e-06	0	4.36825	4.36825e+06	
16800	32.2621	31.6296	0	2.95182e-06	3.22e-06	0	4.36825	4.36825e+06	
16900	32.6288	32.0296	0	2.95182e-06	3.22e-06	0	4.36825	4.36825e+06	
17000	32.9955	32.4296	0	2.95182e-06	3.22e-06	0	4.36825	4.36825e+06	
17100	33.0288	32.4017	0	2.68647e-07	-2.24302e-07	0	0.349975	349975	
17200	33.0622	32.3739	0	2.68647e-07	-2.24302e-07	0	0.349975	349975	
17300	33.0956	32.346	0	2.68647e-07	-2.24302e-07	0	0.349975	349975	
17400	33.1289	32.3181	0	2.68647e-07	-2.24302e-07	0	0.349975	349975	
17500	33.1623	32.2903	0	2.68647e-07	-2.24302e-07	0	0.349975	349975	
17600	33.1035	32.274	0	-4.73504e-07	-1.30616e-07	0	0.491189	491189	
17700	33.0447	32.2578	0	-4.73504e-07	-1.30616e-07	0	0.491189	491189	
17800	32.9859	32.2416	0	-4.73504e-07	-1.30616e-07	0	0.491189	491189	
17900	32.927	32.2254	0	-4.73504e-07	-1.30616e-07	0	0.491189	491189	
18000	32.8682	32.2091	0	-4.73504e-07	-1.30616e-07	0	0.491189	491189	
18100	32.7434	32.1288	0	-1.00491e-06	-6.46459e-07	0	1.19489	1.19489e+06	
18200	32.6185	32.0485	0	-1.00491e-06	-6.46459e-07	0	1.19489	1.19489e+06	
18300	32.4937	31.9682	0	-1.00491e-06	-6.46459e-07	0	1.19489	1.19489e+06	
18400	32.3689	31.8879	0	-1.00491e-06	-6.46459e-07	0	1.19489	1.19489e+06	
18500	32.244	31.8076	0	-1.00491e-06	-6.46459e-07	0	1.19489	1.19489e+06	
18600	32.4718	31.4902	0	1.83314e-06	-2.55559e-06	0	3.14507	3.14507e+06	
18700	32.6995	31.1727	0	1.83314e-06	-2.55559e-06	0	3.14507	3.14507e+06	
18800	32.9272	30.8552	0	1.83314e-06	-2.55559e-06	0	3.14507	3.14507e+06	
18900	33.1549	30.5378	0	1.83314e-06	-2.55559e-06	0	3.14507	3.14507e+06	
19000	33.3826	30.2203	0	1.83314e-06	-2.55559e-06	0	3.14507	3.14507e+06	
19100	33.0027	30.2607	0	-3.05855e-06	3.24971e-07	0	3.07576	3.07576e+06	
19200	32.6228	30.301	0	-3.05855e-06	3.24971e-07	0	3.07576	3.07576e+06	
19300	32.2428	30.3414	0	-3.05855e-06	3.24971e-07	0	3.07576	3.07576e+06	
19400	31.8629	30.3818	0	-3.05855e-06	3.24971e-07	0	3.07576	3.07576e+06	
19500	31.4829	30.4221	0	-3.05855e-06	3.24971e-07	0	3.07576	3.07576e+06	
19600	31.6487	30.3225	0	1.3348e-06	-8.01716e-07	0	1.55706	1.55706e+06	
19700	31.8146	30.223	0	1.3348e-06	-8.01716e-07	0	1.55706	1.55706e+06	
19800	31.9804	30.1234	0	1.3348e-06	-8.01716e-07	0	1.55706	1.55706e+06	
19900	32.1462	30.0238	0	1.3348e-06	-8.01716e-07	0	1.55706	1.55706e+06	
20000	32.312	29.9242	0	1.3348e-06	-8.01716e-07	0	1.55706	1.55706e+06	
20100	32.396	29.9104	0	6.76146e-07	-1.1103e-07	0	0.685201	685201	
20200	32.48	29.8966	0	6.76146e-07	-1.1103e-07	0	0.685201	685201	
20300	32.564	29.8828	0	6.76146e-07	-1.1103e-07	0	0.685201	685201	
20400	32.648	29.869	0	6.76146e-07	-1.1103e-07	0	0.685201	685201	
20500	32.732	29.8552	0	6.76146e-07	-1.1103e-07	0	0.685201	685201	
20600	32.5292	29.9662	0	-1.63185e-06	8.93618e-07	0	1.86051	1.86051e+06	
20700	32.3265	30.0772	0	-1.63185e-06	8.93618e-07	0	1.86051	1.86051e+06	
20800	32.1238	30.1882	0	-1.63185e-06	8.93618e-07	0	1.86051	1.86051e+06	
20900	31.9211	30.2992	0	-1.63185e-06	8.93618e-07	0	1.86051	1.86051e+06	
21000	31.7184	30.4103	0	-1.63185e-06	8.93618e-07	0	1.86051	1.86051e+06	
21100	31.7931	30.3916	0	6.01289e-07	-1.50537e-07	0	0.619847	619847	
21200	31.8678	30.3729	0	6.01289e-07	-1.50537e-07	0	0.619847	619847	
21300	31.9425	30.3542	0	6.01289e-07	-1.50537e-07	0	0.619847	619847	
21400	32.0172	30.3355	0	6.01289e-07	-1.50537e-07	0	0.619847	619847	
21500	32.0919	30.3168	0	6.01289e-07	-1.50537e-07	0	0.619847	619847	
21600	31.7654	30.4775	0	-2.62764e-06	1.29399e-06	0	2.92898	2.92898e+06	
21700	31.439	30.6382	0	-2.62764e-06	1.29399e-06	0	2.92898	2.92898e+06	
21800	31.1126	30.799	0	-2.62764e-06	1.29399e-06	0	2.92898	2.92898e+06	
21900	30.7862	30.9597	0	-2.62764e-06	1.29399e-06	0	2.92898	2.92898e+06	
22000	30.4598	31.1205	0	-2.62764e-06	1.29399e-06	0	2.92898	2.92898e+06	
22100	30.5059	31.3298	0	3.71276e-07	1.68505e-06	0	1.72547	1.72547e+06	
22200	30.552	31.5391	0	3.71276e-07	1.68505e-06	0	1.72547	1.72547e+06	
22300	30.5981	31.7484	0	3.71276e-07	1.68505e-06	0	1.72547	1.72547e+06	
22400	30.6443	31.9578	0	3.71276e-07	1.68505e-06	0	1.72547	1.72547e+06	
22500	30.6904	32.1671	0	3.71276e-07	1.68505e-06	0	1.72547	1.72547e+06	
22600	31.0904	32.013	0	3.22e-06	-1.24011e-06	0	3.45055	3.45055e+06	
22700	31.4904	31.859	0	3.22e-06	-1.24011e-06	0	3.45055	3.45055e+06	
22800	31.8904	31.7049	0	3.22e-06	-1.24011e-06	0	3.45055	3.45055e+06	
22900	32.2904	31.5509	0	3.22e-06	-1.24011e-06	0	3.45055	3.45055e+06	
23000	32.6904	31.3968	0	3.22e-06	-1.24011e-06	0	3.45055	3.45055e+06	
23100	32.948	31.451	0	2.07366e-06	4.35621e-07	0	2.11892	2.11892e+06	
23200	33.2056	31.5051	0	2.07366e-06	4.35621e-07	0	2.11892	2.11892e+06	
23300	33.4632	31.5592	0	2.07366e-06	4.35621e-07	0	2.11892	2.11892e+06	
23400	33.7208	31.6133	0	2.07366e-06	4.35621e-07	0	2.11892	2.11892e+06	
23500	33.9784	31.6674	0	2.07366e-06	4.35621e-07	0	2.11892	2.11892e+06	
23600	33.724	31.5374	0	-2.04787e-06	-1.0468e-06	0	2.29991	2.29991e+06	
23700	33.4696	31.4073	0	-2.04787e-06	-1.0468e-06	0	2.29991	2.29991e+06	
23800	33.2152	31.2773	0	-2.04787e-06	-1.0468e-06	0	2.29991	2.29991e+06	
23900	32.9608	31.1473	0	-2.04787e-06	-1.0468e-06	0	2.29991	2.29991e+06	
24000	32.7064	31.0172	0	-2.04787e-06	-1.0468e-06	0	2.29991	2.29991e+06	
24100	32.4897	30.7518	0	-1.74439e-06	-2.13691e-06	0	2.75849	2.75849e+06	
24200	32.273	30.4863	0	-1.74439e-06	-2.13691e-06	0	2.75849	2.75849e+06	
24300	32.0563	30.2209	0	-1.74439e-06	-2.13691e-06	0	2.75849	2.75849e+06	
24400	31.8396	29.9554	0	-1.74439e-06	-2.13691e-06	0	2.75849	2.75849e+06	
24500	31.6229	29.6899	0	-1.74439e-06	-2.13691e-06	0	2.75849	2.75849e+06	
24600	31.6179	29.8964	0	-4.08117e-08	1.66232e-06	0	1.66282	1.66282e+06	
24700	31.6128	30.1029	0	-4.08117e-08	1.66232e-06	0	1.66282	1.66282e+06	
24800	31.6077	30.3094	0	-4.08117e-08	1.66232e-06	0	1.66282	1.66282e+06	
24900	31.6027	30.5159	0	-4.08117e-08	1.66232e-06	0	1.66282	1.66282e+06	
25000	31.5976	30.7224	0	-4.08117e-08	1.66232e-06	0	1.66282	1.66282e+06	
25100	31.6638	30.512	0	5.33002e-07	-1.6941e-06	0	1.77597	1.77597e+06	
25200	31.73	30.3015	0	5.33002e-07	-1.6941e-06	0	1.77597	1.77597e+06	
25300	31.7962	30.0911	0	5.33002e-07	-1.6941e-06	0	1.77597	1.77597e+06	
25400	31.8624	29.8807	0	5.33002e-07	-1.6941e-06	0	1.77597	1.77597e+06	
25500	31.9286	29.6702	0	5.33002e-07	-1.6941e-06	0	1.77597	1.77597e+06	
25600	32.0564	29.2702	0	1.02875e-06	-3.22e-06	0	3.38034	3.38034e+06	
25700	32.1842	28.8702	0	1.02875e-06	-3.22e-06	0	3.38034	3.38034e+06	
25800	32.312	28.4702	0	1.02875e-06	-3.22e-06	0	3.38034	3.38034e+06	
25900	32.4398	28.0702	0	1.02875e-06	-3.22e-06	0	3.38034	3.38034e+06	
26000	32.5672	27.6707	0	1.02875e-06	-3.22e-06	0	3.38034	3.38034e+06	
26100	32.1937	27.5656	0	-2.99799e-06	-8.55384e-07	0	3.11764	3.11764e+06	
26200	31.8213	27.4593	0	-2.99799e-06	-8.55384e-07	0	3.11764	3.11764e+06	
26300	31.4489	27.3531	0	-2.99799e-06	-8.55384e-07	0	3.11764	3.11764e+06	
26400	31.0765	27.2468	0	-2.99799e-06	-8.55384e-07	0	3.11764	3.11764e+06	
26500	30.7041	27.1406	0	-2.99799e-06	-8.55384e-07	0	3.11764	3.11764e+06	
26600	30.6048	27.0812	0	-7.98707e-07	-4.77746e-07	0	0.930685	930685	
26700	30.5056	27.0219	0	-7.98707e-07	-4.77746e-07	0	0.930685	930685	
26800	30.4064	26.9625	0	-7.98707e-07	-4.77746e-07	0	0.930685	930685	
26900	30.3072	26.9032	0	-7.98707e-07	-4.77746e-07	0	0.930685	930685	
27000	30.208	26.8438	0	-7.98707e-07	-4.77746e-07	0	0.930685	930685	
27100	30.2633	26.8452	0	4.4587e-07	1.13509e-08	0	0.446015	446015	
27200	30.3187	26.8467	0	4.4587e-07	1.13509e-08	0	0.446015	446015	
27300	30.3741	26.8481	0	4.4587e-07	1.13509e-08	0	0.446015	446015	
27400	30.4295	26.8495	0	4.4587e-07	1.13509e-08	0	0.446015	446015	
27500	30.4849	26.8509	0	4.4587e-07	1.13509e-08	0	0.446015	446015	
27600	30.4264	26.7769	0	-4.70809e-07	-5.95449e-07	0	0.759091	759091	
27700	30.3679	26.7029	0	-4.70809e-07	-5.95449e-07	0	0.759091	759091	
27800	30.3094	26.629	0	-4.70809e-07	-5.95449e-07	0	0.759091	759091	
27900	30.251	26.555	0	-4.70809e-07	-5.95449e-07	0	0.759091	759091	
28000	30.1925	26.481	0	-4.70809e-07	-5.95449e-07	0	0.759091	759091	
28100	30.0303	26.5132	0	-1.30515e-06	2.59181e-07	0	1.33063	1.33063e+06	
28200	29.8682	26.5454	0	-1.30515e-06	2.59181e-07	0	1.33063	1.33063e+06	
28300	29.7061	26.5776	0	-1.30515e-06	2.59181e-07	0	1.33063	1.33063e+06	
28400	29.544	26.6098	0	-1.30515e-06	2.59181e-07	0	1.33063	1.33063e+06	
28500	29.3818	26.642	0	-1.30515e-06	2.59181e-07	0	1.33063	1.33063e+06	
28600	29.3991	26.7339	0	1.39024e-07	7.39719e-07	0	0.75267	752670	
28700	29.4164	26.8258	0	1.39024e-07	7.39719e-07	0	0.75267	752670	
28800	29.4336	26.9177	0	1.39024e-07	7.39719e-07	0	0.75267	752670	
28900	29.4509	27.0096	0	1.39024e-07	7.39719e-07	0	0.75267	752670	
29000	29.4682	27.1015	0	1.39024e-07	7.39719e-07	0	0.75267	752670	
29100	29.4598	27.1245	0	-6.70617e-08	1.85459e-07	0	0.197211	197211	
29200	29.4515	27.1476	0	-6.70617e-08	1.85459e-07	0	0.197211	197211	
29300	29.4432	27.1706	0	-6.70617e-08	1.85459e-07	0	0.197211	197211	
29400	29.4348	27.1936	0	-6.70617e-08	1.85459e-07	0	0.197211	197211	
29500	29.4265	27.2167	0	-6.70617e-08	1.85459e-07	0	0.197211	197211	
29600	29.2285	27.6167	0	-1.59397e-06	3.22e-06	0	3.59293	3.59293e+06	
29700	29.0305	28.0167	0	-1.59397e-06	3.22e-06	0	3.59293	3.59293e+06	
29800	28.8325	28.4167	0	-1.59397e-06	3.22e-06	0	3.59293	3.59293e+06	
29900	28.6345	28.8167	0	-1.59397e-06	3.22e-06	0	3.59293	3.59293e+06	
30000	28.4365	29.2167	0	-1.59397e-06	3.22e-06	0	3.59293	3.59293e+06	
30100	28.7317	29.3301	0	2.37684e-06	9.13541e-07	0	2.54636	2.54636e+06	
30200	29.027	29.4436	0	2.37684e-06	9.13541e-07	0	2.54636	2.54636e+06	
30300	29.3223	29.5571	0	2.37684e-06	9.13541e-07	0	2.54636	2.54636e+06	
30400	29.6175	29.6706	0	2.37684e-06	9.13541e-07	0	2.54636	2.54636e+06	
30500	29.9128	29.7841	0	2.37684e-06	9.13541e-07	0	2.54636	2.54636e+06	
30600	30.0091	29.928	0	7.75246e-07	1.15816e-06	0	1.39368	1.39368e+06	
30700	30.1054	30.0718	0	7.75246e-07	1.15816e-06	0	1.39368	1.39368e+06	
30800	30.2017	30.2157	0	7.75246e-07	1.15816e-06	0	1.39368	1.39368e+06	
30900	30.298	30.3596	0	7.75246e-07	1.15816e-06	0	1.39368	1.39368e+06	
31000	30.3943	30.5034	0	7.75246e-07	1.15816e-06	0	1.39368	1.39368e+06	
31100	30.436	30.7557	0	3.35845e-07	2.03046e-06	0	2.05805	2.05805e+06	
31200	30.4777	31.0079	0	3.35845e-07	2.03046e-06	0	2.05805	2.05805e+06	
31300	30.5195	31.2601	0	3.35845e-07	2.03046e-06	0	2.05805	2.05805e+06	
31400	30.5612	31.5124	0	3.35845e-07	2.03046e-06	0	2.05805	2.05805e+06	
31500	30.6029	31.7646	0	3.35845e-07	2.03046e-06	0	2.05805	2.05805e+06	
31600	30.9598	31.8352	0	2.8734e-06	5.68353e-07	0	2.92907	2.92907e+06	
31700	31.3168	31.9058	0	2.8734e-06	5.68353e-07	0	2.92907	2.92907e+06	
31800	31.6737	31.9764	0	2.8734e-06	5.68353e-07	0	2.92907	2.92907e+06	
31900	32.0307	32.047	0	2.8734e-06	5.68353e-07	0	2.92907	2.92907e+06	
32000	32.3876	32.1176	0	2.8734e-06	5.68353e-07	0	2.92907	2.92907e+06	
32100	32.7876	31.7176	0	3.22e-06	-3.22e-06	0	4.55377	4.55377e+06	
32200	33.1876	31.3176	0	3.22e-06	-3.22e-06	0	4.55377	4.55377e+06	
32300	33.5876	30.9176	0	3.22e-06	-3.22e-06	0	4.55377	4.55377e+06	
32400	33.9876	30.5176	0	3.22e-06	-3.22e-06	0	4.55377	4.55377e+06	
32500	34.3876	30.1176	0	3.22e-06	-3.22e-06	0	4.55377	4.55377e+06	
32600	34.7073	30.0516	0	2.57334e-06	-5.31223e-07	0	2.6276	2.6276e+06	
32700	35.027	29.9856	0	2.57334e-06	-5.31223e-07	0	2.6276	2.6276e+06	
32800	35.3466	29.9196	0	2.57334e-06	-5.31223e-07	0	2.6276	2.6276e+06	
32900	35.6663	29.8536	0	2.57334e-06	-5.31223e-07	0	2.6276	2.6276e+06	
33000	35.986	29.7877	0	2.57334e-06	-5.31223e-07	0	2.6276	2.6276e+06	
33100	36.1064	29.8465	0	9.69279e-07	4.74027e-07	0	1.07898	1.07898e+06	
33200	36.2268	29.9054	0	9.69279e-07	4.74027e-07	0	1.07898	1.07898e+06	
33300	36.3472	29.9643	0	9.69279e-07	4.74027e-07	0	1.07898	1.07898e+06	
33400	36.4676	30.0232	0	9.69279e-07	4.74027e-07	0	1.07898	1.07898e+06	
33500	36.588	30.0821	0	9.69279e-07	4.74027e-07	0	1.07898	1.07898e+06	
33600	36.9089	30.0102	0	2.58303e-06	-5.78462e-07	0	2.64701	2.64701e+06	
33700	37.2297	29.9384	0	2.58303e-06	-5.78462e-07	0	2.64701	2.64701e+06	
33800	37.5506	29.8665	0	2.58303e-06	-5.78462e-07	0	2.64701	2.64701e+06	
33900	37.8715	29.7946	0	2.58303e-06	-5.78462e-07	0	2.64701	2.64701e+06	
34000	38.1924	29.7228	0	2.58303e-06	-5.78462e-07	0	2.64701	2.64701e+06	
34100	38.0377	29.7749	0	-1.24515e-06	4.19219e-07	0	1.31383	1.31383e+06	
34200	37.883	29.8269	0	-1.24515e-06	4.19219e-07	0	1.31383	1.31383e+06	
34300	37.7283	29.879	0	-1.24515e-06	4.19219e-07	0	1.31383	1.31383e+06	
34400	37.5737	29.9311	0	-1.24515e-06	4.19219e-07	0	1.31383	1.31383e+06	
34500	37.419	29.9832	0	-1.24515e-06	4.19219e-07	0	1.31383	1.31383e+06	
34600	37.1743	30.1185	0	-1.97003e-06	1.08928e-06	0	2.25112	2.25112e+06	
34700	36.9295	30.2538	0	-1.97003e-06	1.08928e-06	0	2.25112	2.25112e+06	
34800	36.6848	30.3891	0	-1.97003e-06	1.08928e-06	0	2.25112	2.25112e+06	
34900	36.4401	30.5244	0	-1.97003e-06	1.08928e-06	0	2.25112	2.25112e+06	
35000	36.1954	30.6597	0	-1.97003e-06	1.08928e-06	0	2.25112	2.25112e+06	
35100	35.7954	30.3557	0	-3.22e-06	-2.44729e-06	0	4.04446	4.04446e+06	
35200	35.3954	30.0517	0	-3.22e-06	-2.44729e-06	0	4.04446	4.04446e+06	
35300	34.9954	29.7477	0	-3.22e-06	-2.44729e-06	0	4.04446	4.04446e+06	
35400	34.5954	29.4437	0	-3.22e-06	-2.44729e-06	0	4.04446	4.04446e+06	
35500	34.1954	29.1397	0	-3.22e-06	-2.44729e-06	0	4.04446	4.04446e+06	
35600	33.8023	29.2231	0	-3.16412e-06	6.7132e-07	0	3.23455	3.23455e+06	
35700	33.4092	29.3065	0	-3.16412e-06	6.7132e-07	0	3.23455	3.23455e+06	
35800	33.0162	29.3899	0	-3.16412e-06	6.7132e-07	0	3.23455	3.23455e+06	
35900	32.6231	29.4733	0	-3.16412e-06	6.7132e-07	0	3.23455	3.23455e+06	
36000	32.2301	29.5567	0	-3.16412e-06	6.7132e-07	0	3.23455	3.23455e+06	
36100	32.091	29.4828	0	-1.11939e-06	-5.94495e-07	0	1.26746	1.26746e+06	
36200	31.952	29.409	0	-1.11939e-06	-5.94495e-07	0	1.26746	1.26746e+06	
36300	31.8129	29.3351	0	-1.11939e-06	-5.94495e-07	0	1.26746	1.26746e+06	
36400	31.6739	29.2613	0	-1.11939e-06	-5.94495e-07	0	1.26746	1.26746e+06	
36500	31.5348	29.1874	0	-1.11939e-06	-5.94495e-07	0	1.26746	1.26746e+06	
36600	31.3301	29.5836	0	-1.64755e-06	3.18913e-06	0	3.58956	3.58956e+06	
36700	31.1255	29.9797	0	-1.64755e-06	3.18913e-06	0	3.58956	3.58956e+06	
36800	30.9208	30.3759	0	-1.64755e-06	3.18913e-06	0	3.58956	3.58956e+06	
36900	30.7161	30.7721	0	-1.64755e-06	3.18913e-06	0	3.58956	3.58956e+06	
37000	30.5115	31.1682	0	-1.64755e-06	3.18913e-06	0	3.58956	3.58956e+06	
37100	30.6593	31.067	0	1.19009e-06	-8.15048e-07	0	1.44243	1.44243e+06	
37200	30.8071	30.9657	0	1.19009e-06	-8.15048e-07	0	1.44243	1.44243e+06	
37300	30.955	30.8645	0	1.19009e-06	-8.15048e-07	0	1.44243	1.44243e+06	
37400	31.1028	30.7632	0	1.19009e-06	-8.15048e-07	0	1.44243	1.44243e+06	
37500	31.2507	30.662	0	1.19009e-06	-8.15048e-07	0	1.44243	1.44243e+06	
37600	31.4521	30.7979	0	1.62146e-06	1.09404e-06	0	1.95603	1.95603e+06	
37700	31.6535	30.9338	0	1.62146e-06	1.09404e-06	0	1.95603	1.95603e+06	
37800	31.8549	31.0697	0	1.62146e-06	1.09404e-06	0	1.95603	1.95603e+06	
37900	32.0564	31.2056	0	1.62146e-06	1.09404e-06	0	1.95603	1.95603e+06	
38000	32.2578	31.3415	0	1.62146e-06	1.09404e-06	0	1.95603	1.95603e+06	
38100	32.5836	31.2592	0	2.62312e-06	-6.62511e-07	0	2.70549	2.70549e+06	
38200	32.9095	31.1769	0	2.62312e-06	-6.62511e-07	0	2.70549	2.70549e+06	
38300	33.2353	31.0946	0	2.62312e-06	-6.62511e-07	0	2.70549	2.70549e+06	
38400	33.5612	31.0123	0	2.62312e-06	-6.62511e-07	0	2.70549	2.70549e+06	
38500	33.887	30.93	0	2.62312e-06	-6.62511e-07	0	2.70549	2.70549e+06	
38600	33.6319	31.1695	0	-2.05353e-06	1.92812e-06	0	2.81685	2.81685e+06	
38700	33.3768	31.4091	0	-2.05353e-06	1.92812e-06	0	2.81685	2.81685e+06	
38800	33.1218	31.6486	0	-2.05353e-06	1.92812e-06	0	2.81685	2.81685e+06	
38900	32.8667	31.8881	0	-2.05353e-06	1.92812e-06	0	2.81685	2.81685e+06	
39000	32.6116	32.1276	0	-2.05353e-06	1.92812e-06	0	2.81685	2.81685e+06	
39100	32.4669	32.4414	0	-1.16423e-06	2.52572e-06	0	2.78113	2.78113e+06	
39200	32.3223	32.7551	0	-1.16423e-06	2.52572e-06	0	2.78113	2.78113e+06	
39300	32.1777	33.0689	0	-1.16423e-06	2.52572e-06	0	2.78113	2.78113e+06	
39400	32.0331	33.3826	0	-1.16423e-06	2.52572e-06	0	2.78113	2.78113e+06	
39500	31.8884	33.6964	0	-1.16423e-06	2.52572e-06	0	2.78113	2.78113e+06	
39600	31.9909	33.6646	0	8.24959e-07	-2.56083e-07	0	0.863792	863792	
39700	32.0934	33.6328	0	8.24959e-07	-2.56083e-07	0	0.863792	863792	
39800	32.1959	33.6009	0	8.24959e-07	-2.56083e-07	0	0.863792	863792	
39900	32.2984	33.5691	0	8.24959e-07	-2.56083e-07	0	0.863792	863792	
40000	32.4008	33.5373	0	8.24959e-07	-2.56083e-07	0	0.863792	863792	
40100	32.291	33.3386	0	-8.84181e-07	-1.59943e-06	0	1.82755	1.82755e+06	
40200	32.1812	33.14	0	-8.84181e-07	-1.59943e-06	0	1.82755	1.82755e+06	
40300	32.0713	32.9413	0	-8.84181e-07	-1.59943e-06	0	1.82755	1.82755e+06	
40400	31.9615	32.7426	0	-8.84181e-07	-1.59943e-06	0	1.82755	1.82755e+06	
40500	31.8517	32.5439	0	-8.84181e-07	-1.59943e-06	0	1.82755	1.82755e+06	
40600	31.7785	32.1439	0	-5.88683e-07	-3.22e-06	0	3.27337	3.27337e+06	
40700	31.7054	31.7439	0	-5.88683e-07	-3.22e-06	0	3.27337	3.27337e+06	
40800	31.6323	31.3439	0	-5.88683e-07	-3.22e-06	0	3.27337	3.27337e+06	
40900	31.5591	30.9439	0	-5.88683e-07	-3.22e-06	0	3.27337	3.27337e+06	
41000	31.486	30.5439	0	-5.88683e-07	-3.22e-06	0	3.27337	3.27337e+06	
41100	31.2836	30.1439	0	-1.62917e-06	-3.22e-06	0	3.60868	3.60868e+06	
41200	31.0812	29.7439	0	-1.62917e-06	-3.22e-06	0	3.60868	3.60868e+06	
41300	30.8789	29.3439	0	-1.62917e-06	-3.22e-06	0	3.60868	3.60868e+06	
41400	30.6765	28.9439	0	-1.62917e-06	-3.22e-06	0	3.60868	3.60868e+06	
41500	30.4741	28.5439	0	-1.62917e-06	-3.22e-06	0	3.60868	3.60868e+06	
41600	30.4463	28.1439	0	-2.24176e-07	-3.22e-06	0	3.22779	3.22779e+06	
41700	30.4184	27.7439	0	-2.24176e-07	-3.22e-06	0	3.22779	3.22779e+06	
41800	30.3906	27.3439	0	-2.24176e-07	-3.22e-06	0	3.22779	3.22779e+06	
41900	30.3627	26.9439	0	-2.24176e-07	-3.22e-06	0	3.22779	3.22779e+06	
42000	30.3349	26.5439	0	-2.24176e-07	-3.22e-06	0	3.22779	3.22779e+06	
42100	30.146	26.1439	0	-1.52049e-06	-3.22e-06	0	3.56094	3.56094e+06	
42200	29.9571	25.7439	0	-1.52049e-06	-3.22e-06	0	3.56094	3.56094e+06	
42300	29.7682	25.3439	0	-1.52049e-06	-3.22e-06	0	3.56094	3.56094e+06	
42400	29.5793	24.9439	0	-1.52049e-06	-3.22e-06	0	3.56094	3.56094e+06	
42500	29.3902	24.5442	0	-1.52049e-06	-3.22e-06	0	3.56094	3.56094e+06	
42600	29.1608	24.2832	0	-1.82911e-06	-2.11531e-06	0	2.79645	2.79645e+06	
42700	28.9331	24.0208	0	-1.82911e-06	-2.11531e-06	0	2.79645	2.79645e+06	
42800	28.7058	23.758	0	-1.82911e-06	-2.11531e-06	0	2.79645	2.79645e+06	
42900	28.4786	23.4952	0	-1.82911e-06	-2.11531e-06	0	2.79645	2.79645e+06	
43000	28.2514	23.2324	0	-1.82911e-06	-2.11531e-06	0	2.79645	2.79645e+06	
43100	28.4378	23.318	0	1.50033e-06	6.8905e-07	0	1.65099	1.65099e+06	
43200	28.6242	23.4036	0	1.50033e-06	6.8905e-07	0	1.65099	1.65099e+06	
43300	28.8104	23.4893	0	1.50033e-06	6.8905e-07	0	1.65099	1.65099e+06	
43400	28.9311	23.5925	0	1.50033e-06	6.8905e-07	0	1.65099	1.65099e+06	
43500	28.9729	23.7244	0	1.50033e-06	6.8905e-07	0	1.65099	1.65099e+06	
43600	28.9676	23.7002	0	1.2426e-06	-6.46462e-07	0	1.4007	1.4007e+06	
43700	28.959	23.6749	0	1.2426e-06	-6.46462e-07	0	1.4007	1.4007e+06	
43800	28.9501	23.6474	0	1.2426e-06	-6.46462e-07	0	1.4007	1.4007e+06	
43900	28.9408	23.6175	0	1.2426e-06	-6.46462e-07	0	1.4007	1.4007e+06	
44000	28.9313	23.5849	0	1.2426e-06	-6.46462e-07	0	1.4007	1.4007e+06	
44100	29.0219	23.8079	0	3.22e-06	9.3898e-07	0	3.35411	3.35411e+06	
44200	29.1419	24.0597	0	3.22e-06	9.3898e-07	0	3.35411	3.35411e+06	
44300	29.3173	24.3262	0	3.22e-06	9.3898e-07	0	3.35411	3.35411e+06	
44400	29.5569	24.5907	0	3.22e-06	9.3898e-07	0	3.35411	3.35411e+06	
44500	29.8617	24.8314	0	3.22e-06	9.3898e-07	0	3.35411	3.35411e+06	
44600	29.9715	24.9365	0	1.06634e-06	5.42032e-07	0	1.19619	1.19619e+06	
44700	30.0818	25.0232	0	1.06634e-06	5.42032e-07	0	1.19619	1.19619e+06	
44800	30.1514	25.1275	0	1.06634e-06	5.42032e-07	0	1.19619	1.19619e+06	
44900	30.2203	25.2362	0	1.06634e-06	5.42032e-07	0	1.19619	1.19619e+06	
45000	30.2976	25.3443	0	1.06634e-06	5.42032e-07	0	1.19619	1.19619e+06	
45100	30.2261	25.1931	0	1.27755e-06	-2.56429e-06	0	2.86492	2.86492e+06	
45200	30.127	25.0334	0	1.27755e-06	-2.56429e-06	0	2.86492	2.86492e+06	
45300	30.0443	24.9161	0	1.27755e-06	-2.56429e-06	0	2.86492	2.86492e+06	
45400	30.0096	24.8934	0	1.27755e-06	-2.56429e-06	0	2.86492	2.86492e+06	
45500	29.9886	24.8813	0	1.27755e-06	-2.56429e-06	0	2.86492	2.86492e+06	
45600	29.9332	24.8456	0	1.23617e-06	-3.22e-06	0	3.44913	3.44913e+06	
45700	29.8689	24.8069	0	1.23617e-06	-3.22e-06	0	3.44913	3.44913e+06	
45800	29.7929	24.7573	0	1.23617e-06	-3.22e-06	0	3.44913	3.44913e+06	
45900	29.7036	24.6928	0	1.23617e-06	-3.22e-06	0	3.44913	3.44913e+06	
46000	29.6	24.6087	0	1.23617e-06	-3.22e-06	0	3.44913	3.44913e+06	
46100	29.5312	24.559	0	8.6677e-07	-1.97234e-06	0	2.15439	2.15439e+06	
46200	29.4632	24.4925	0	8.6677e-07	-1.97234e-06	0	2.15439	2.15439e+06	
46300	29.3905	24.4145	0	8.6677e-07	-1.97234e-06	0	2.15439	2.15439e+06	
46400	29.3138	24.3229	0	8.6677e-07	-1.97234e-06	0	2.15439	2.15439e+06	
46500	29.2342	24.2159	0	8.6677e-07	-1.97234e-06	0	2.15439	2.15439e+06	
46600	29.206	24.1429	0	3.22e-06	-2.87373e-06	0	4.31587	4.31587e+06	
46700	29.1553	24.0595	0	3.22e-06	-2.87373e-06	0	4.31587	4.31587e+06	
46800	29.096	23.9495	0	3.22e-06	-2.87373e-06	0	4.31587	4.31587e+06	
46900	29.03	23.8047	0	3.22e-06	-2.87373e-06	0	4.31587	4.31587e+06	
47000	28.9619	23.6149	0	3.22e-06	-2.87373e-06	0	4.31587	4.31587e+06	
47100	28.9707	23.6551	0	3.22e-06	-6.57795e-07	0	3.2865	3.2865e+06	
47200	28.9864	23.7022	0	3.22e-06	-6.57795e-07	0	3.2865	3.2865e+06	
47300	29.0069	23.7586	0	3.22e-06	-6.57795e-07	0	3.2865	3.2865e+06	
47400	29.0337	23.8259	0	3.22e-06	-6.57795e-07	0	3.2865	3.2865e+06	
47500	29.0691	23.9059	0	3.22e-06	-6.57795e-07	0	3.2865	3.2865e+06	
47600	29.2788	24.2886	0	3.22e-06	2.18799e-06	0	3.89303	3.89303e+06	
47700	29.5883	24.6425	0	3.22e-06	2.18799e-06	0	3.89303	3.89303e+06	
47800	29.9647	24.9464	0	3.22e-06	2.18799e-06	0	3.89303	3.89303e+06	
47900	30.272	25.2792	0	3.22e-06	2.18799e-06	0	3.89303	3.89303e+06	
48000	30.5794	25.634	0	3.22e-06	2.18799e-06	0	3.89303	3.89303e+06	
48100	30.312	26.0281	0	-2.13425e-06	3.15077e-06	0	3.80557	3.80557e+06	
48200	30.0469	26.4195	0	-2.13425e-06	3.15077e-06	0	3.80557	3.80557e+06	
48300	29.7818	26.8109	0	-2.13425e-06	3.15077e-06	0	3.80557	3.80557e+06	
48400	29.5166	27.2023	0	-2.13425e-06	3.15077e-06	0	3.80557	3.80557e+06	
48500	29.2515	27.5937	0	-2.13425e-06	3.15077e-06	0	3.80557	3.80557e+06	
48600	28.8779	27.8812	0	-3.00764e-06	2.315e-06	0	3.79541	3.79541e+06	
48700	28.5043	28.1688	0	-3.00764e-06	2.315e-06	0	3.79541	3.79541e+06	
48800	28.1307	28.4564	0	-3.00764e-06	2.315e-06	0	3.79541	3.79541e+06	
48900	27.757	28.744	0	-3.00764e-06	2.315e-06	0	3.79541	3.79541e+06	
49000	27.3834	29.0315	0	-3.00764e-06	2.315e-06	0	3.79541	3.79541e+06	
49100	27.7151	29.4315	0	2.67023e-06	3.22e-06	0	4.18312	4.18312e+06	
49200	28.0468	29.8315	0	2.67023e-06	3.22e-06	0	4.18312	4.18312e+06	
49300	28.3785	30.2315	0	2.67023e-06	3.22e-06	0	4.18312	4.18312e+06	
49400	28.7102	30.6315	0	2.67023e-06	3.22e-06	0	4.18312	4.18312e+06	
49500	29.0419	31.0315	0	2.67023e-06	3.22e-06	0	4.18312	4.18312e+06	
49600	29.4023	30.9547	0	2.90049e-06	-6.18604e-07	0	2.96572	2.96572e+06	
49700	29.7626	30.8779	0	2.90049e-06	-6.18604e-07	0	2.96572	2.96572e+06	
49800	30.1229	30.801	0	2.90049e-06	-6.18604e-07	0	2.96572	2.96572e+06	
49900	30.4832	30.7242	0	2.90049e-06	-6.18604e-07	0	2.96572	2.96572e+06	
50000	30.8435	30.6473	0	2.90049e-06	-6.18604e-07	0	2.96572	2.96572e+06	
