0	66	4	0	-3.22e-06	-1.85476e-06	0	3.71599	3.71599e+06	
100	65.6	4.25776	0	-3.22e-06	2.07499e-06	0	3.83066	3.83066e+06	
200	65.2	4.51553	0	-3.22e-06	2.07499e-06	0	3.83066	3.83066e+06	
300	64.8	4.77329	0	-3.22e-06	2.07499e-06	0	3.83066	3.83066e+06	
400	64.4	5.03105	0	-3.22e-06	2.07499e-06	0	3.83066	3.83066e+06	
500	64	5.28881	0	-3.22e-06	2.07499e-06	0	3.83066	3.83066e+06	
600	63.6	5.59686	0	-3.22e-06	2.47976e-06	0	4.06419	4.06419e+06	
700	63.2	5.9049	0	-3.22e-06	2.47976e-06	0	4.06419	4.06419e+06	
800	62.8	6.21295	0	-3.22e-06	2.47976e-06	0	4.06419	4.06419e+06	
900	62.4	6.52099	0	-3.22e-06	2.47976e-06	0	4.06419	4.06419e+06	
1000	62	6.82904	0	-3.22e-06	2.47976e-06	0	4.06419	4.06419e+06	
1100	61.8228	6.99279	0	-1.4262e-06	1.31819e-06	0	1.94208	1.94208e+06	
1200	61.6457	7.15654	0	-1.4262e-06	1.31819e-06	0	1.94208	1.94208e+06	
1300	61.4685	7.32029	0	-1.4262e-06	1.31819e-06	0	1.94208	1.94208e+06	
1400	61.2913	7.48404	0	-1.4262e-06	1.31819e-06	0	1.94208	1.94208e+06	
1500	61.1142	7.64779	0	-1.4262e-06	1.31819e-06	0	1.94208	1.94208e+06	
1600	61.0854	7.88848	0	-2.31787e-07	1.93761e-06	0	1.95142	1.95142e+06	
1700	61.0566	8.12918	0	-2.31787e-07	1.93761e-06	0	1.95142	1.95142e+06	
1800	61.0278	8.36988	0	-2.31787e-07	1.93761e-06	0	1.95142	1.95142e+06	
1900	60.999	8.61057	0	-2.31787e-07	1.93761e-06	0	1.95142	1.95142e+06	
2000	60.9702	8.85127	0	-2.31787e-07	1.93761e-06	0	1.95142	1.95142e+06	
2100	61.0912	8.99756	0	9.73836e-07	1.1776e-06	0	1.5281	1.5281e+06	
2200	61.2121	9.14384	0	9.73836e-07	1.1776e-06	0	1.5281	1.5281e+06	
2300	61.3331	9.29013	0	9.73836e-07	1.1776e-06	0	1.5281	1.5281e+06	
2400	61.4541	9.43641	0	9.73836e-07	1.1776e-06	0	1.5281	1.5281e+06	
2500	61.5751	9.5827	0	9.73836e-07	1.1776e-06	0	1.5281	1.5281e+06	
2600	61.3583	9.50326	0	-1.7452e-06	-6.39456e-07	0	1.85866	1.85866e+06	
2700	61.1415	9.42383	0	-1.7452e-06	-6.39456e-07	0	1.85866	1.85866e+06	
2800	60.9247	9.34439	0	-1.7452e-06	-6.39456e-07	0	1.85866	1.85866e+06	
2900	60.7079	9.26496	0	-1.7452e-06	-6.39456e-07	0	1.85866	1.85866e+06	
3000	60.4911	9.18552	0	-1.7452e-06	-6.39456e-07	0	1.85866	1.85866e+06	
3100	60.2799	9.03086	0	-1.70023e-06	-1.24502e-06	0	2.10734	2.10734e+06	
3200	60.0687	8.8762	0	-1.70023e-06	-1.24502e-06	0	2.10734	2.10734e+06	
3300	59.8575	8.72154	0	-1.70023e-06	-1.24502e-06	0	2.10734	2.10734e+06	
3400	59.6462	8.56688	0	-1.70023e-06	-1.24502e-06	0	2.10734	2.10734e+06	
3500	59.435	8.41222	0	-1.70023e-06	-1.24502e-06	0	2.10734	2.10734e+06	
3600	59.5377	8.24753	0	8.26458e-07	-1.32572e-06	0	1.56223	1.56223e+06	
3700	59.6404	8.08285	0	8.26458e-07	-1.32572e-06	0	1.56223	1.56223e+06	
3800	59.743	7.91816	0	8.26458e-07	-1.32572e-06	0	1.56223	1.56223e+06	
3900	59.8457	7.75348	0	8.26458e-07	-1.32572e-06	0	1.56223	1.56223e+06	
4000	59.9484	7.58879	0	8.26458e-07	-1.32572e-06	0	1.56223	1.56223e+06	
4100	59.8645	7.29569	0	-6.75186e-07	-2.35948e-06	0	2.45418	2.45418e+06	
4200	59.7806	7.00258	0	-6.75186e-07	-2.35948e-06	0	2.45418	2.45418e+06	
4300	59.6967	6.70948	0	-6.75186e-07	-2.35948e-06	0	2.45418	2.45418e+06	
4400	59.6129	6.41638	0	-6.75186e-07	-2.35948e-06	0	2.45418	2.45418e+06	
4500	59.529	6.12328	0	-6.75186e-07	-2.35948e-06	0	2.45418	2.45418e+06	
4600	59.1786	5.88516	0	-2.82064e-06	-1.91684e-06	0	3.41032	3.41032e+06	
4700	58.8282	5.64704	0	-2.82064e-06	-1.91684e-06	0	3.41032	3.41032e+06	
4800	58.4778	5.40893	0	-2.82064e-06	-1.91684e-06	0	3.41032	3.41032e+06	
4900	58.1274	5.17081	0	-2.82064e-06	-1.91684e-06	0	3.41032	3.41032e+06	
5000	57.777	4.93269	0	-2.82064e-06	-1.91684e-06	0	3.41032	3.41032e+06	
5100	57.4838	4.76986	0	-2.36076e-06	-1.31079e-06	0	2.70026	2.70026e+06	
5200	57.1905	4.60703	0	-2.36076e-06	-1.31079e-06	0	2.70026	2.70026e+06	
5300	56.8973	4.4442	0	-2.36076e-06	-1.31079e-06	0	2.70026	2.70026e+06	
5400	56.604	4.28137	0	-2.36076e-06	-1.31079e-06	0	2.70026	2.70026e+06	
5500	56.3107	4.11854	0	-2.36076e-06	-1.31079e-06	0	2.70026	2.70026e+06	
5600	56.4359	4.059	0	1.00779e-06	-4.79304e-07	0	1.11597	1.11597e+06	
5700	56.5611	3.99946	0	1.00779e-06	-4.79304e-07	0	1.11597	1.11597e+06	
5800	56.6863	3.93991	0	1.00779e-06	-4.79304e-07	0	1.11597	1.11597e+06	
5900	56.8115	3.88037	0	1.00779e-06	-4.79304e-07	0	1.11597	1.11597e+06	
6000	56.9367	3.82083	0	1.00779e-06	-4.79304e-07	0	1.11597	1.11597e+06	
6100	57.1618	3.42083	0	1.81229e-06	-3.22e-06	0	3.69497	3.69497e+06	
6200	57.3869	3.02083	0	1.81229e-06	-3.22e-06	0	3.69497	3.69497e+06	
6300	57.6121	2.62083	0	1.81229e-06	-3.22e-06	0	3.69497	3.69497e+06	
6400	57.8372	2.22099	0	1.81229e-06	-3.22e-06	0	3.69497	3.69497e+06	
6500	58.0577	2.13221	0	1.81229e-06	-3.22e-06	0	3.69497	3.69497e+06	
6600	58.2344	2.13075	0	1.29158e-06	-2.01592e-06	0	2.39418	2.39418e+06	
6700	58.4259	2.10464	0	1.29158e-06	-2.01592e-06	0	2.39418	2.39418e+06	
6800	58.581	2.10189	0	1.29158e-06	-2.01592e-06	0	2.39418	2.39418e+06	
6900	58.7018	2.11989	0	1.29158e-06	-2.01592e-06	0	2.39418	2.39418e+06	
7000	58.8334	2.13466	0	1.29158e-06	-2.01592e-06	0	2.39418	2.39418e+06	
7100	59.0713	2.15069	0	1.95343e-06	-1.27478e-06	0	2.33258	2.33258e+06	
7200	59.3263	2.13142	0	1.95343e-06	-1.27478e-06	0	2.33258	2.33258e+06	
7300	59.5745	2.10919	0	1.95343e-06	-1.27478e-06	0	2.33258	2.33258e+06	
7400	59.792	2.13828	0	1.95343e-06	-1.27478e-06	0	2.33258	2.33258e+06	
7500	60.027	2.15108	0	1.95343e-06	-1.27478e-06	0	2.33258	2.33258e+06	
7600	59.6564	2.28722	0	-2.9819e-06	9.59166e-07	0	3.13237	3.13237e+06	
7700	59.286	2.40638	0	-2.9819e-06	9.59166e-07	0	3.13237	3.13237e+06	
7800	58.9156	2.52553	0	-2.9819e-06	9.59166e-07	0	3.13237	3.13237e+06	
7900	58.5452	2.64468	0	-2.9819e-06	9.59166e-07	0	3.13237	3.13237e+06	
8000	58.1748	2.76383	0	-2.9819e-06	9.59166e-07	0	3.13237	3.13237e+06	
8100	57.7748	2.76593	0	-3.22e-06	1.6855e-08	0	3.22004	3.22004e+06	
8200	57.3748	2.76802	0	-3.22e-06	1.6855e-08	0	3.22004	3.22004e+06	
8300	56.9748	2.77011	0	-3.22e-06	1.6855e-08	0	3.22004	3.22004e+06	
8400	56.5748	2.77221	0	-3.22e-06	1.6855e-08	0	3.22004	3.22004e+06	
8500	56.1748	2.7743	0	-3.22e-06	1.6855e-08	0	3.22004	3.22004e+06	
8600	55.7748	2.3743	0	-3.22e-06	-3.22e-06	0	4.55377	4.55377e+06	
8700	55.387	2.09603	0	-3.22e-06	-3.22e-06	0	4.55377	4.55377e+06	
8800	55.0307	2.132	0	-3.22e-06	-3.22e-06	0	4.55377	4.55377e+06	
8900	54.9417	2.12424	0	-3.22e-06	-3.22e-06	0	4.55377	4.55377e+06	
9000	54.9417	2.12424	0	-3.22e-06	-3.22e-06	0	4.55377	4.55377e+06	
9100	54.951	2.1266	0	-2.20952e-06	-3.22e-06	0	3.90518	3.90518e+06	
9200	54.951	2.1266	0	-2.20952e-06	-3.22e-06	0	3.90518	3.90518e+06	
9300	54.951	2.1266	0	-2.20952e-06	-3.22e-06	0	3.90518	3.90518e+06	
9400	54.951	2.1266	0	-2.20952e-06	-3.22e-06	0	3.90518	3.90518e+06	
9500	54.951	2.1266	0	-2.20952e-06	-3.22e-06	0	3.90518	3.90518e+06	
9600	54.9505	2.13	0	-2.44772e-06	-2.4573e-06	0	3.46838	3.46838e+06	
9700	54.9505	2.13	0	-2.44772e-06	-2.4573e-06	0	3.46838	3.46838e+06	
9800	54.9505	2.13	0	-2.44772e-06	-2.4573e-06	0	3.46838	3.46838e+06	
9900	54.9505	2.13	0	-2.44772e-06	-2.4573e-06	0	3.46838	3.46838e+06	
10000	54.9505	2.13	0	-2.44772e-06	-2.4573e-06	0	3.46838	3.46838e+06	
10100	54.9417	2.12424	0	-3.22e-06	-3.22e-06	0	4.55377	4.55377e+06	
10200	54.9417	2.12424	0	-3.22e-06	-3.22e-06	0	4.55377	4.55377e+06	
10300	54.9417	2.12424	0	-3.22e-06	-3.22e-06	0	4.55377	4.55377e+06	
10400	54.9417	2.12424	0	-3.22e-06	-3.22e-06	0	4.55377	4.55377e+06	
10500	54.9417	2.12424	0	-3.22e-06	-3.22e-06	0	4.55377	4.55377e+06	
10600	54.9426	2.126	0	-3.22e-06	-2.83545e-06	0	4.29047	4.29047e+06	
10700	54.9426	2.126	0	-3.22e-06	-2.83545e-06	0	4.29047	4.29047e+06	
10800	54.9426	2.126	0	-3.22e-06	-2.83545e-06	0	4.29047	4.29047e+06	
10900	54.9426	2.126	0	-3.22e-06	-2.83545e-06	0	4.29047	4.29047e+06	
11000	54.9426	2.126	0	-3.22e-06	-2.83545e-06	0	4.29047	4.29047e+06	
11100	54.9696	2.17826	0	-2.72616e-06	9.16727e-07	0	2.87617	2.87617e+06	
11200	54.9724	2.18433	0	-2.72616e-06	9.16727e-07	0	2.87617	2.87617e+06	
11300	54.9733	2.1863	0	-2.72616e-06	9.16727e-07	0	2.87617	2.87617e+06	
11400	54.9736	2.18704	0	-2.72616e-06	9.16727e-07	0	2.87617	2.87617e+06	
11500	54.9737	2.18733	0	-2.72616e-06	9.16727e-07	0	2.87617	2.87617e+06	
11600	54.9652	2.14146	0	-1.60412e-06	-1.33999e-06	0	2.09016	2.09016e+06	
11700	54.9651	2.14143	0	-1.60412e-06	-1.33999e-06	0	2.09016	2.09016e+06	
11800	54.9651	2.14143	0	-1.60412e-06	-1.33999e-06	0	2.09016	2.09016e+06	
11900	54.9651	2.14143	0	-1.60412e-06	-1.33999e-06	0	2.09016	2.09016e+06	
12000	54.9651	2.14143	0	-1.60412e-06	-1.33999e-06	0	2.09016	2.09016e+06	
12100	54.9787	2.15214	0	-1.07234e-06	-7.44193e-07	0	1.30527	1.30527e+06	
12200	54.9789	2.15223	0	-1.07234e-06	-7.44193e-07	0	1.30527	1.30527e+06	
12300	54.9789	2.15223	0	-1.07234e-06	-7.44193e-07	0	1.30527	1.30527e+06	
12400	54.9789	2.15223	0	-1.07234e-06	-7.44193e-07	0	1.30527	1.30527e+06	
12500	54.9789	2.15223	0	-1.07234e-06	-7.44193e-07	0	1.30527	1.30527e+06	
12600	55.1011	2.16873	0	8.08507e-07	-4.68939e-07	0	0.934659	934659	
12700	55.2055	2.16436	0	8.08507e-07	-4.68939e-07	0	0.934659	934659	
12800	55.3115	2.15394	0	8.08507e-07	-4.68939e-07	0	0.934659	934659	
12900	55.4183	2.13934	0	8.08507e-07	-4.68939e-07	0	0.934659	934659	
13000	55.5212	2.12827	0	8.08507e-07	-4.68939e-07	0	0.934659	934659	
13100	55.7001	2.13182	0	1.57811e-06	-9.78934e-07	0	1.85708	1.85708e+06	
13200	55.8823	2.15134	0	1.57811e-06	-9.78934e-07	0	1.85708	1.85708e+06	
13300	56.0769	2.15587	0	1.57811e-06	-9.78934e-07	0	1.85708	1.85708e+06	
13400	56.2817	2.14232	0	1.57811e-06	-9.78934e-07	0	1.85708	1.85708e+06	
13500	56.4894	2.11488	0	1.57811e-06	-9.78934e-07	0	1.85708	1.85708e+06	
13600	56.571	2.11144	0	7.35174e-07	-1.19262e-06	0	1.40101	1.40101e+06	
13700	56.6393	2.1213	0	7.35174e-07	-1.19262e-06	0	1.40101	1.40101e+06	
13800	56.7078	2.13139	0	7.35174e-07	-1.19262e-06	0	1.40101	1.40101e+06	
13900	56.7805	2.14026	0	7.35174e-07	-1.19262e-06	0	1.40101	1.40101e+06	
14000	56.8588	2.14717	0	7.35174e-07	-1.19262e-06	0	1.40101	1.40101e+06	
14100	57.1761	2.12674	0	2.5324e-06	-3.22e-06	0	4.09652	4.09652e+06	
14200	57.5272	2.0874	0	2.5324e-06	-3.22e-06	0	4.09652	4.09652e+06	
14300	57.785	2.12041	0	2.5324e-06	-3.22e-06	0	4.09652	4.09652e+06	
14400	58.0854	2.13157	0	2.5324e-06	-3.22e-06	0	4.09652	4.09652e+06	
14500	58.4393	2.09365	0	2.5324e-06	-3.22e-06	0	4.09652	4.09652e+06	
14600	58.1996	2.26125	0	-1.9619e-06	1.10209e-06	0	2.25026	2.25026e+06	
14700	57.9559	2.39823	0	-1.9619e-06	1.10209e-06	0	2.25026	2.25026e+06	
14800	57.7122	2.53513	0	-1.9619e-06	1.10209e-06	0	2.25026	2.25026e+06	
14900	57.4685	2.67204	0	-1.9619e-06	1.10209e-06	0	2.25026	2.25026e+06	
15000	57.2247	2.80894	0	-1.9619e-06	1.10209e-06	0	2.25026	2.25026e+06	
15100	57.1897	2.82971	0	-2.81803e-07	1.67198e-07	0	0.327671	327671	
15200	57.1547	2.85048	0	-2.81803e-07	1.67198e-07	0	0.327671	327671	
15300	57.1197	2.87125	0	-2.81803e-07	1.67198e-07	0	0.327671	327671	
15400	57.0847	2.89202	0	-2.81803e-07	1.67198e-07	0	0.327671	327671	
15500	57.0497	2.91279	0	-2.81803e-07	1.67198e-07	0	0.327671	327671	
15600	57.1076	2.9584	0	4.66012e-07	3.67145e-07	0	0.593265	593265	
15700	57.1655	3.00401	0	4.66012e-07	3.67145e-07	0	0.593265	593265	
15800	57.2234	3.04962	0	4.66012e-07	3.67145e-07	0	0.593265	593265	
15900	57.2813	3.09523	0	4.66012e-07	3.67145e-07	0	0.593265	593265	
16000	57.3392	3.14083	0	4.66012e-07	3.67145e-07	0	0.593265	593265	
16100	57.1952	2.79374	0	-1.15867e-06	-2.79413e-06	0	3.02484	3.02484e+06	
16200	57.0513	2.44664	0	-1.15867e-06	-2.79413e-06	0	3.02484	3.02484e+06	
16300	56.906	2.13667	0	-1.15867e-06	-2.79413e-06	0	3.02484	3.02484e+06	
16400	56.7348	2.12028	0	-1.15867e-06	-2.79413e-06	0	3.02484	3.02484e+06	
16500	56.5462	2.09354	0	-1.15867e-06	-2.79413e-06	0	3.02484	3.02484e+06	
16600	56.8845	2.12848	0	3.14135e-06	-3.22e-06	0	4.4985	4.4985e+06	
16700	57.2877	2.11613	0	3.14135e-06	-3.22e-06	0	4.4985	4.4985e+06	
16800	57.6716	2.10508	0	3.14135e-06	-3.22e-06	0	4.4985	4.4985e+06	
16900	58.0298	2.13264	0	3.14135e-06	-3.22e-06	0	4.4985	4.4985e+06	
17000	58.4546	2.09224	0	3.14135e-06	-3.22e-06	0	4.4985	4.4985e+06	
17100	58.5324	2.08941	0	6.19795e-07	-3.00726e-06	0	3.07047	3.07047e+06	
17200	58.5699	2.09331	0	6.19795e-07	-3.00726e-06	0	3.07047	3.07047e+06	
17300	58.5946	2.09682	0	6.19795e-07	-3.00726e-06	0	3.07047	3.07047e+06	
17400	58.615	2.09994	0	6.19795e-07	-3.00726e-06	0	3.07047	3.07047e+06	
17500	58.6341	2.10292	0	6.19795e-07	-3.00726e-06	0	3.07047	3.07047e+06	
17600	58.8016	2.17193	0	1.43281e-06	-6.25415e-08	0	1.43417	1.43417e+06	
17700	58.9781	2.19178	0	1.43281e-06	-6.25415e-08	0	1.43417	1.43417e+06	
17800	59.1565	2.19954	0	1.43281e-06	-6.25415e-08	0	1.43417	1.43417e+06	
17900	59.3352	2.19891	0	1.43281e-06	-6.25415e-08	0	1.43417	1.43417e+06	
18000	59.5135	2.19388	0	1.43281e-06	-6.25415e-08	0	1.43417	1.43417e+06	
18100	59.4761	2.39559	0	-3.00626e-07	1.62187e-06	0	1.64949	1.64949e+06	
18200	59.4388	2.59706	0	-3.00626e-07	1.62187e-06	0	1.64949	1.64949e+06	
18300	59.4014	2.79854	0	-3.00626e-07	1.62187e-06	0	1.64949	1.64949e+06	
18400	59.3641	3.00001	0	-3.00626e-07	1.62187e-06	0	1.64949	1.64949e+06	
18500	59.3267	3.20149	0	-3.00626e-07	1.62187e-06	0	1.64949	1.64949e+06	
18600	58.9859	3.54889	0	-2.74377e-06	2.79657e-06	0	3.91779	3.91779e+06	
18700	58.6451	3.89629	0	-2.74377e-06	2.79657e-06	0	3.91779	3.91779e+06	
18800	58.3042	4.24369	0	-2.74377e-06	2.79657e-06	0	3.91779	3.91779e+06	
18900	57.9634	4.59109	0	-2.74377e-06	2.79657e-06	0	3.91779	3.91779e+06	
19000	57.6225	4.93849	0	-2.74377e-06	2.79657e-06	0	3.91779	3.91779e+06	
19100	57.4805	5.05552	0	-1.14344e-06	9.42115e-07	0	1.48157	1.48157e+06	
19200	57.3385	5.17255	0	-1.14344e-06	9.42115e-07	0	1.48157	1.48157e+06	
19300	57.1964	5.28959	0	-1.14344e-06	9.42115e-07	0	1.48157	1.48157e+06	
19400	57.0544	5.40662	0	-1.14344e-06	9.42115e-07	0	1.48157	1.48157e+06	
19500	56.9123	5.52365	0	-1.14344e-06	9.42115e-07	0	1.48157	1.48157e+06	
19600	56.6948	5.59257	0	-1.75091e-06	5.54813e-07	0	1.83671	1.83671e+06	
19700	56.4773	5.6615	0	-1.75091e-06	5.54813e-07	0	1.83671	1.83671e+06	
19800	56.2598	5.73042	0	-1.75091e-06	5.54813e-07	0	1.83671	1.83671e+06	
19900	56.0423	5.79934	0	-1.75091e-06	5.54813e-07	0	1.83671	1.83671e+06	
20000	55.8248	5.86826	0	-1.75091e-06	5.54813e-07	0	1.83671	1.83671e+06	
20100	55.6213	5.77557	0	-1.63849e-06	-7.46119e-07	0	1.80038	1.80038e+06	
20200	55.4177	5.68289	0	-1.63849e-06	-7.46119e-07	0	1.80038	1.80038e+06	
20300	55.2142	5.5902	0	-1.63849e-06	-7.46119e-07	0	1.80038	1.80038e+06	
20400	55.0106	5.49752	0	-1.63849e-06	-7.46119e-07	0	1.80038	1.80038e+06	
20500	54.8071	5.40484	0	-1.63849e-06	-7.46119e-07	0	1.80038	1.80038e+06	
20600	54.4366	5.7236	0	-2.98837e-06	2.56059e-06	0	3.93535	3.93535e+06	
20700	54.1345	6.0424	0	-2.98837e-06	2.56059e-06	0	3.93535	3.93535e+06	
20800	54.1013	6.39349	0	-2.98837e-06	2.56059e-06	0	3.93535	3.93535e+06	
20900	53.9942	6.78552	0	-2.98837e-06	2.56059e-06	0	3.93535	3.93535e+06	
21000	53.7939	7.19039	0	-2.98837e-06	2.56059e-06	0	3.93535	3.93535e+06	
21100	53.8272	7.41044	0	1.68134e-07	1.70356e-06	0	1.71184	1.71184e+06	
21200	53.8481	7.62207	0	1.68134e-07	1.70356e-06	0	1.71184	1.71184e+06	
21300	53.869	7.8337	0	1.68134e-07	1.70356e-06	0	1.71184	1.71184e+06	
21400	53.8899	8.04532	0	1.68134e-07	1.70356e-06	0	1.71184	1.71184e+06	
21500	53.9108	8.25694	0	1.68134e-07	1.70356e-06	0	1.71184	1.71184e+06	
21600	53.5108	8.30515	0	-3.22e-06	3.88045e-07	0	3.2433	3.2433e+06	
21700	53.1108	8.35335	0	-3.22e-06	3.88045e-07	0	3.2433	3.2433e+06	
21800	52.7112	8.40187	0	-3.22e-06	3.88045e-07	0	3.2433	3.2433e+06	
21900	52.4463	8.58151	0	-3.22e-06	3.88045e-07	0	3.2433	3.2433e+06	
22000	52.1775	8.79672	0	-3.22e-06	3.88045e-07	0	3.2433	3.2433e+06	
22100	52.0143	8.88204	0	-2.57116e-06	-1.42195e-06	0	2.93817	2.93817e+06	
22200	51.8238	8.97436	0	-2.57116e-06	-1.42195e-06	0	2.93817	2.93817e+06	
22300	51.5964	9.05656	0	-2.57116e-06	-1.42195e-06	0	2.93817	2.93817e+06	
22400	51.3308	9.1184	0	-2.57116e-06	-1.42195e-06	0	2.93817	2.93817e+06	
22500	51.0297	9.14789	0	-2.57116e-06	-1.42195e-06	0	2.93817	2.93817e+06	
22600	50.6305	9.12	0	-3.10576e-06	-1.74085e-06	0	3.56038	3.56038e+06	
22700	50.2603	9.12521	0	-3.10576e-06	-1.74085e-06	0	3.56038	3.56038e+06	
22800	49.8839	9.1433	0	-3.10576e-06	-1.74085e-06	0	3.56038	3.56038e+06	
22900	49.4808	9.10148	0	-3.10576e-06	-1.74085e-06	0	3.56038	3.56038e+06	
23000	49.1247	9.13907	0	-3.10576e-06	-1.74085e-06	0	3.56038	3.56038e+06	
23100	48.9786	9.38	0	-1.18229e-06	1.8119e-06	0	2.16351	2.16351e+06	
23200	48.8318	9.60508	0	-1.18229e-06	1.8119e-06	0	2.16351	2.16351e+06	
23300	48.6849	9.83016	0	-1.18229e-06	1.8119e-06	0	2.16351	2.16351e+06	
23400	48.538	10.0552	0	-1.18229e-06	1.8119e-06	0	2.16351	2.16351e+06	
23500	48.3912	10.2803	0	-1.18229e-06	1.8119e-06	0	2.16351	2.16351e+06	
23600	48.2692	10.4851	0	-9.81985e-07	1.64856e-06	0	1.91887	1.91887e+06	
23700	48.1472	10.6899	0	-9.81985e-07	1.64856e-06	0	1.91887	1.91887e+06	
23800	48.0252	10.8947	0	-9.81985e-07	1.64856e-06	0	1.91887	1.91887e+06	
23900	47.9032	11.0995	0	-9.81985e-07	1.64856e-06	0	1.91887	1.91887e+06	
24000	47.7812	11.3043	0	-9.81985e-07	1.64856e-06	0	1.91887	1.91887e+06	
24100	47.4921	11.4223	0	-2.32772e-06	9.50017e-07	0	2.51413	2.51413e+06	
24200	47.2029	11.5403	0	-2.32772e-06	9.50017e-07	0	2.51413	2.51413e+06	
24300	46.9138	11.6583	0	-2.32772e-06	9.50017e-07	0	2.51413	2.51413e+06	
24400	46.6246	11.7763	0	-2.32772e-06	9.50017e-07	0	2.51413	2.51413e+06	
24500	46.3354	11.8943	0	-2.32772e-06	9.50017e-07	0	2.51413	2.51413e+06	
24600	46.0915	11.7003	0	-1.96383e-06	-1.56238e-06	0	2.50952	2.50952e+06	
24700	45.8475	11.5062	0	-1.96383e-06	-1.56238e-06	0	2.50952	2.50952e+06	
24800	45.6036	11.3121	0	-1.96383e-06	-1.56238e-06	0	2.50952	2.50952e+06	
24900	45.3596	11.118	0	-1.96383e-06	-1.56238e-06	0	2.50952	2.50952e+06	
25000	45.1157	10.9239	0	-1.96383e-06	-1.56238e-06	0	2.50952	2.50952e+06	
25100	44.7246	10.6044	0	-3.14805e-06	-2.57246e-06	0	4.06543	4.06543e+06	
25200	44.3335	10.2848	0	-3.14805e-06	-2.57246e-06	0	4.06543	4.06543e+06	
25300	43.9425	9.96524	0	-3.14805e-06	-2.57246e-06	0	4.06543	4.06543e+06	
25400	43.5514	9.64568	0	-3.14805e-06	-2.57246e-06	0	4.06543	4.06543e+06	
25500	43.1604	9.32612	0	-3.14805e-06	-2.57246e-06	0	4.06543	4.06543e+06	
25600	42.8489	9.24572	0	-2.5076e-06	-6.47193e-07	0	2.58977	2.58977e+06	
25700	42.5374	9.16533	0	-2.5076e-06	-6.47193e-07	0	2.58977	2.58977e+06	
25800	42.2259	9.08493	0	-2.5076e-06	-6.47193e-07	0	2.58977	2.58977e+06	
25900	41.9144	9.00453	0	-2.5076e-06	-6.47193e-07	0	2.58977	2.58977e+06	
26000	41.6028	8.92414	0	-2.5076e-06	-6.47193e-07	0	2.58977	2.58977e+06	
26100	41.8539	8.79394	0	2.0207e-06	-1.04805e-06	0	2.27632	2.27632e+06	
26200	42.1049	8.66375	0	2.0207e-06	-1.04805e-06	0	2.27632	2.27632e+06	
26300	42.3559	8.53356	0	2.0207e-06	-1.04805e-06	0	2.27632	2.27632e+06	
26400	42.6069	8.40337	0	2.0207e-06	-1.04805e-06	0	2.27632	2.27632e+06	
26500	42.8579	8.27318	0	2.0207e-06	-1.04805e-06	0	2.27632	2.27632e+06	
26600	42.8175	8.29305	0	-3.25585e-07	1.60017e-07	0	0.362782	362782	
26700	42.7771	8.31293	0	-3.25585e-07	1.60017e-07	0	0.362782	362782	
26800	42.7366	8.33281	0	-3.25585e-07	1.60017e-07	0	0.362782	362782	
26900	42.6962	8.35269	0	-3.25585e-07	1.60017e-07	0	0.362782	362782	
27000	42.6557	8.37256	0	-3.25585e-07	1.60017e-07	0	0.362782	362782	
27100	42.4016	8.42631	0	-2.04536e-06	4.32685e-07	0	2.09062	2.09062e+06	
27200	42.1476	8.48006	0	-2.04536e-06	4.32685e-07	0	2.09062	2.09062e+06	
27300	41.8935	8.53381	0	-2.04536e-06	4.32685e-07	0	2.09062	2.09062e+06	
27400	41.6394	8.58756	0	-2.04536e-06	4.32685e-07	0	2.09062	2.09062e+06	
27500	41.3853	8.64131	0	-2.04536e-06	4.32685e-07	0	2.09062	2.09062e+06	
27600	41.718	8.56499	0	2.67817e-06	-6.14441e-07	0	2.74775	2.74775e+06	
27700	42.0507	8.48866	0	2.67817e-06	-6.14441e-07	0	2.74775	2.74775e+06	
27800	42.3834	8.41233	0	2.67817e-06	-6.14441e-07	0	2.74775	2.74775e+06	
27900	42.7161	8.336	0	2.67817e-06	-6.14441e-07	0	2.74775	2.74775e+06	
28000	43.0488	8.25967	0	2.67817e-06	-6.14441e-07	0	2.74775	2.74775e+06	
28100	43.0746	8.30477	0	2.07669e-07	3.63008e-07	0	0.418212	418212	
28200	43.1004	8.34986	0	2.07669e-07	3.63008e-07	0	0.418212	418212	
28300	43.1262	8.39496	0	2.07669e-07	3.63008e-07	0	0.418212	418212	
28400	43.152	8.44005	0	2.07669e-07	3.63008e-07	0	0.418212	418212	
28500	43.1778	8.48514	0	2.07669e-07	3.63008e-07	0	0.418212	418212	
28600	43.3781	8.71073	0	1.61303e-06	1.81596e-06	0	2.4289	2.4289e+06	
28700	43.5785	8.93631	0	1.61303e-06	1.81596e-06	0	2.4289	2.4289e+06	
28800	43.7789	9.1619	0	1.61303e-06	1.81596e-06	0	2.4289	2.4289e+06	
28900	43.9793	9.38748	0	1.61303e-06	1.81596e-06	0	2.4289	2.4289e+06	
29000	44.1796	9.61307	0	1.61303e-06	1.81596e-06	0	2.4289	2.4289e+06	
29100	44.0053	9.59372	0	-1.40361e-06	-1.55784e-07	0	1.41223	1.41223e+06	
29200	43.8309	9.57436	0	-1.40361e-06	-1.55784e-07	0	1.41223	1.41223e+06	
29300	43.6565	9.55501	0	-1.40361e-06	-1.55784e-07	0	1.41223	1.41223e+06	
29400	43.4822	9.53566	0	-1.40361e-06	-1.55784e-07	0	1.41223	1.41223e+06	
29500	43.3078	9.51631	0	-1.40361e-06	-1.55784e-07	0	1.41223	1.41223e+06	
29600	43.5427	9.27242	0	1.89065e-06	-1.96333e-06	0	2.72566	2.72566e+06	
29700	43.7776	9.02853	0	1.89065e-06	-1.96333e-06	0	2.72566	2.72566e+06	
29800	44.0124	8.78463	0	1.89065e-06	-1.96333e-06	0	2.72566	2.72566e+06	
29900	44.2473	8.54074	0	1.89065e-06	-1.96333e-06	0	2.72566	2.72566e+06	
30000	44.3762	8.38801	0	1.89065e-06	-1.96333e-06	0	2.72566	2.72566e+06	
30100	44.4079	8.65323	0	4.1851e-07	1.99209e-06	0	2.03558	2.03558e+06	
30200	44.4599	8.90071	0	4.1851e-07	1.99209e-06	0	2.03558	2.03558e+06	
30300	44.5118	9.14817	0	4.1851e-07	1.99209e-06	0	2.03558	2.03558e+06	
30400	44.5638	9.39564	0	4.1851e-07	1.99209e-06	0	2.03558	2.03558e+06	
30500	44.6158	9.6431	0	4.1851e-07	1.99209e-06	0	2.03558	2.03558e+06	
30600	44.8416	10.0193	0	1.81724e-06	3.02802e-06	0	3.53146	3.53146e+06	
30700	45.0673	10.3954	0	1.81724e-06	3.02802e-06	0	3.53146	3.53146e+06	
30800	45.293	10.7716	0	1.81724e-06	3.02802e-06	0	3.53146	3.53146e+06	
30900	45.5188	11.1477	0	1.81724e-06	3.02802e-06	0	3.53146	3.53146e+06	
31000	45.7445	11.5239	0	1.81724e-06	3.02802e-06	0	3.53146	3.53146e+06	
31100	45.9834	11.286	0	1.92256e-06	-1.91456e-06	0	2.71326	2.71326e+06	
31200	46.2222	11.0482	0	1.92256e-06	-1.91456e-06	0	2.71326	2.71326e+06	
31300	46.461	10.8104	0	1.92256e-06	-1.91456e-06	0	2.71326	2.71326e+06	
31400	46.6998	10.5725	0	1.92256e-06	-1.91456e-06	0	2.71326	2.71326e+06	
31500	46.9387	10.3347	0	1.92256e-06	-1.91456e-06	0	2.71326	2.71326e+06	
31600	46.7826	10.0657	0	-1.25608e-06	-2.16567e-06	0	2.50357	2.50357e+06	
31700	46.6266	9.79663	0	-1.25608e-06	-2.16567e-06	0	2.50357	2.50357e+06	
31800	46.4706	9.52761	0	-1.25608e-06	-2.16567e-06	0	2.50357	2.50357e+06	
31900	46.3145	9.2586	0	-1.25608e-06	-2.16567e-06	0	2.50357	2.50357e+06	
32000	46.1724	9.13285	0	-1.25608e-06	-2.16567e-06	0	2.50357	2.50357e+06	
32100	46.1451	9.14302	0	-3.36852e-07	-1.48805e-06	0	1.5257	1.5257e+06	
32200	46.1145	9.14491	0	-3.36852e-07	-1.48805e-06	0	1.5257	1.5257e+06	
32300	46.0812	9.14648	0	-3.36852e-07	-1.48805e-06	0	1.5257	1.5257e+06	
32400	46.0449	9.14761	0	-3.36852e-07	-1.48805e-06	0	1.5257	1.5257e+06	
32500	46.0052	9.14815	0	-3.36852e-07	-1.48805e-06	0	1.5257	1.5257e+06	
32600	46.0137	9.13869	0	5.81331e-08	-2.38607e-06	0	2.38678	2.38678e+06	
32700	46.0235	9.13861	0	5.81331e-08	-2.38607e-06	0	2.38678	2.38678e+06	
32800	46.0347	9.13846	0	5.81331e-08	-2.38607e-06	0	2.38678	2.38678e+06	
32900	46.0476	9.13822	0	5.81331e-08	-2.38607e-06	0	2.38678	2.38678e+06	
33000	46.0624	9.13785	0	5.81331e-08	-2.38607e-06	0	2.38678	2.38678e+06	
33100	46.4091	9.09806	0	2.49537e-06	-3.22e-06	0	4.07373	4.07373e+06	
33200	46.6886	9.10817	0	2.49537e-06	-3.22e-06	0	4.07373	4.07373e+06	
33300	46.9627	9.13205	0	2.49537e-06	-3.22e-06	0	4.07373	4.07373e+06	
33400	47.2938	9.11484	0	2.49537e-06	-3.22e-06	0	4.07373	4.07373e+06	
33500	47.6108	9.09625	0	2.49537e-06	-3.22e-06	0	4.07373	4.07373e+06	
33600	47.7527	9.1345	0	1.36857e-06	-1.29227e-06	0	1.88227	1.88227e+06	
33700	47.9088	9.14804	0	1.36857e-06	-1.29227e-06	0	1.88227	1.88227e+06	
33800	48.0781	9.15016	0	1.36857e-06	-1.29227e-06	0	1.88227	1.88227e+06	
33900	48.2594	9.13795	0	1.36857e-06	-1.29227e-06	0	1.88227	1.88227e+06	
34000	48.4481	9.11206	0	1.36857e-06	-1.29227e-06	0	1.88227	1.88227e+06	
34100	48.5251	9.0973	0	5.84946e-07	-1.99816e-06	0	2.08202	2.08202e+06	
34200	48.5726	9.10182	0	5.84946e-07	-1.99816e-06	0	2.08202	2.08202e+06	
34300	48.6091	9.1071	0	5.84946e-07	-1.99816e-06	0	2.08202	2.08202e+06	
34400	48.6431	9.11235	0	5.84946e-07	-1.99816e-06	0	2.08202	2.08202e+06	
34500	48.678	9.11761	0	5.84946e-07	-1.99816e-06	0	2.08202	2.08202e+06	
34600	48.7771	9.14377	0	9.44218e-07	-9.44598e-07	0	1.3356	1.3356e+06	
34700	48.8844	9.15301	0	9.44218e-07	-9.44598e-07	0	1.3356	1.3356e+06	
34800	48.9983	9.15708	0	9.44218e-07	-9.44598e-07	0	1.3356	1.3356e+06	
34900	49.1186	9.15495	0	9.44218e-07	-9.44598e-07	0	1.3356	1.3356e+06	
35000	49.2449	9.14565	0	9.44218e-07	-9.44598e-07	0	1.3356	1.3356e+06	
35100	49.3354	9.15591	0	6.75922e-07	-3.30945e-07	0	0.752592	752592	
35200	49.4239	9.14614	0	6.75922e-07	-3.30945e-07	0	0.752592	752592	
35300	49.5098	9.13669	0	6.75922e-07	-3.30945e-07	0	0.752592	752592	
35400	49.5897	9.13801	0	6.75922e-07	-3.30945e-07	0	0.752592	752592	
35500	49.6662	9.14788	0	6.75922e-07	-3.30945e-07	0	0.752592	752592	
35600	49.7202	9.27278	0	4.44139e-07	9.40359e-07	0	1.03997	1.03997e+06	
35700	49.7754	9.38962	0	4.44139e-07	9.40359e-07	0	1.03997	1.03997e+06	
35800	49.8306	9.50644	0	4.44139e-07	9.40359e-07	0	1.03997	1.03997e+06	
35900	49.8857	9.62325	0	4.44139e-07	9.40359e-07	0	1.03997	1.03997e+06	
36000	49.9409	9.74007	0	4.44139e-07	9.40359e-07	0	1.03997	1.03997e+06	
36100	50.0037	10.1401	0	5.05679e-07	3.22e-06	0	3.25946	3.25946e+06	
36200	50.0665	10.5401	0	5.05679e-07	3.22e-06	0	3.25946	3.25946e+06	
36300	50.1294	10.9401	0	5.05679e-07	3.22e-06	0	3.25946	3.25946e+06	
36400	50.1922	11.3401	0	5.05679e-07	3.22e-06	0	3.25946	3.25946e+06	
36500	50.255	11.7401	0	5.05679e-07	3.22e-06	0	3.25946	3.25946e+06	
36600	50.2686	12.1401	0	1.09382e-07	3.22e-06	0	3.22186	3.22186e+06	
36700	50.2822	12.5401	0	1.09382e-07	3.22e-06	0	3.22186	3.22186e+06	
36800	50.2958	12.9401	0	1.09382e-07	3.22e-06	0	3.22186	3.22186e+06	
36900	50.3093	13.3401	0	1.09382e-07	3.22e-06	0	3.22186	3.22186e+06	
37000	50.3229	13.7401	0	1.09382e-07	3.22e-06	0	3.22186	3.22186e+06	
37100	50.7229	13.9869	0	3.22e-06	1.98668e-06	0	3.78356	3.78356e+06	
37200	51.1229	14.2337	0	3.22e-06	1.98668e-06	0	3.78356	3.78356e+06	
37300	51.5229	14.4804	0	3.22e-06	1.98668e-06	0	3.78356	3.78356e+06	
37400	51.9229	14.7272	0	3.22e-06	1.98668e-06	0	3.78356	3.78356e+06	
37500	52.3229	14.974	0	3.22e-06	1.98668e-06	0	3.78356	3.78356e+06	
37600	52.6947	15.254	0	2.9925e-06	2.25402e-06	0	3.74642	3.74642e+06	
37700	53.0664	15.534	0	2.9925e-06	2.25402e-06	0	3.74642	3.74642e+06	
37800	53.4381	15.814	0	2.9925e-06	2.25402e-06	0	3.74642	3.74642e+06	
37900	53.8099	16.094	0	2.9925e-06	2.25402e-06	0	3.74642	3.74642e+06	
38000	53.9865	16.303	0	2.9925e-06	2.25402e-06	0	3.74642	3.74642e+06	
38100	53.8972	16.5852	0	1.34179e-06	2.84152e-06	0	3.14239	3.14239e+06	
38200	53.8538	16.9122	0	1.34179e-06	2.84152e-06	0	3.14239	3.14239e+06	
38300	53.8365	17.2093	0	1.34179e-06	2.84152e-06	0	3.14239	3.14239e+06	
38400	53.7774	17.2514	0	1.34179e-06	2.84152e-06	0	3.14239	3.14239e+06	
38500	53.7186	17.294	0	1.34179e-06	2.84152e-06	0	3.14239	3.14239e+06	
38600	53.3668	17.3107	0	-2.71448e-06	2.87728e-07	0	2.72968	2.72968e+06	
38700	53.0296	17.3464	0	-2.71448e-06	2.87728e-07	0	2.72968	2.72968e+06	
38800	52.6924	17.3822	0	-2.71448e-06	2.87728e-07	0	2.72968	2.72968e+06	
38900	52.3552	17.4179	0	-2.71448e-06	2.87728e-07	0	2.72968	2.72968e+06	
39000	52.018	17.4536	0	-2.71448e-06	2.87728e-07	0	2.72968	2.72968e+06	
39100	52.2016	17.1883	0	1.47807e-06	-2.13633e-06	0	2.59781	2.59781e+06	
39200	52.3852	16.9229	0	1.47807e-06	-2.13633e-06	0	2.59781	2.59781e+06	
39300	52.5689	16.6575	0	1.47807e-06	-2.13633e-06	0	2.59781	2.59781e+06	
39400	52.7525	16.3921	0	1.47807e-06	-2.13633e-06	0	2.59781	2.59781e+06	
39500	52.9361	16.1267	0	1.47807e-06	-2.13633e-06	0	2.59781	2.59781e+06	
39600	52.999	15.7267	0	5.0642e-07	-3.22e-06	0	3.25958	3.25958e+06	
39700	53.0619	15.3267	0	5.0642e-07	-3.22e-06	0	3.25958	3.25958e+06	
39800	53.1248	14.9267	0	5.0642e-07	-3.22e-06	0	3.25958	3.25958e+06	
39900	53.1877	14.5267	0	5.0642e-07	-3.22e-06	0	3.25958	3.25958e+06	
40000	53.2506	14.1267	0	5.0642e-07	-3.22e-06	0	3.25958	3.25958e+06	
40100	53.3665	14.122	0	9.32754e-07	-3.81526e-08	0	0.933534	933534	
40200	53.4824	14.1173	0	9.32754e-07	-3.81526e-08	0	0.933534	933534	
40300	53.5982	14.1125	0	9.32754e-07	-3.81526e-08	0	0.933534	933534	
40400	53.7141	14.1078	0	9.32754e-07	-3.81526e-08	0	0.933534	933534	
40500	53.83	14.103	0	9.32754e-07	-3.81526e-08	0	0.933534	933534	
40600	54.1724	13.703	0	2.75665e-06	-3.22e-06	0	4.23881	4.23881e+06	
40700	54.5149	13.303	0	2.75665e-06	-3.22e-06	0	4.23881	4.23881e+06	
40800	54.8573	12.903	0	2.75665e-06	-3.22e-06	0	4.23881	4.23881e+06	
40900	55.1997	12.503	0	2.75665e-06	-3.22e-06	0	4.23881	4.23881e+06	
41000	55.5422	12.103	0	2.75665e-06	-3.22e-06	0	4.23881	4.23881e+06	
41100	55.9422	11.703	0	3.22e-06	-3.22e-06	0	4.55377	4.55377e+06	
41200	56.3422	11.303	0	3.22e-06	-3.22e-06	0	4.55377	4.55377e+06	
41300	56.7422	10.903	0	3.22e-06	-3.22e-06	0	4.55377	4.55377e+06	
41400	57.1422	10.503	0	3.22e-06	-3.22e-06	0	4.55377	4.55377e+06	
41500	57.5422	10.103	0	3.22e-06	-3.22e-06	0	4.55377	4.55377e+06	
41600	57.9114	9.70304	0	2.9719e-06	-3.22e-06	0	4.38185	4.38185e+06	
41700	58.2805	9.30304	0	2.9719e-06	-3.22e-06	0	4.38185	4.38185e+06	
41800	58.6497	8.90304	0	2.9719e-06	-3.22e-06	0	4.38185	4.38185e+06	
41900	59.0189	8.50304	0	2.9719e-06	-3.22e-06	0	4.38185	4.38185e+06	
42000	59.3881	8.10304	0	2.9719e-06	-3.22e-06	0	4.38185	4.38185e+06	
42100	59.3066	7.70304	0	-6.55973e-07	-3.22e-06	0	3.28614	3.28614e+06	
42200	59.2251	7.30304	0	-6.55973e-07	-3.22e-06	0	3.28614	3.28614e+06	
42300	59.1436	6.90304	0	-6.55973e-07	-3.22e-06	0	3.28614	3.28614e+06	
42400	59.0621	6.50304	0	-6.55973e-07	-3.22e-06	0	3.28614	3.28614e+06	
42500	58.9806	6.10304	0	-6.55973e-07	-3.22e-06	0	3.28614	3.28614e+06	
42600	58.5806	5.97624	0	-3.22e-06	-1.02068e-06	0	3.3779	3.3779e+06	
42700	58.1806	5.84945	0	-3.22e-06	-1.02068e-06	0	3.3779	3.3779e+06	
42800	57.7806	5.72266	0	-3.22e-06	-1.02068e-06	0	3.3779	3.3779e+06	
42900	57.3806	5.59587	0	-3.22e-06	-1.02068e-06	0	3.3779	3.3779e+06	
43000	56.9806	5.46908	0	-3.22e-06	-1.02068e-06	0	3.3779	3.3779e+06	
43100	56.5806	5.33778	0	-3.22e-06	-1.05692e-06	0	3.38902	3.38902e+06	
43200	56.1806	5.20649	0	-3.22e-06	-1.05692e-06	0	3.38902	3.38902e+06	
43300	55.7806	5.07519	0	-3.22e-06	-1.05692e-06	0	3.38902	3.38902e+06	
43400	55.3806	4.9439	0	-3.22e-06	-1.05692e-06	0	3.38902	3.38902e+06	
43500	54.9892	4.81608	0	-3.22e-06	-1.05692e-06	0	3.38902	3.38902e+06	
43600	54.8524	5.07045	0	-3.22e-06	1.00973e-06	0	3.37461	3.37461e+06	
43700	54.6699	5.34342	0	-3.22e-06	1.00973e-06	0	3.37461	3.37461e+06	
43800	54.4213	5.61183	0	-3.22e-06	1.00973e-06	0	3.37461	3.37461e+06	
43900	54.1337	5.8477	0	-3.22e-06	1.00973e-06	0	3.37461	3.37461e+06	
44000	54.1324	5.96814	0	-3.22e-06	1.00973e-06	0	3.37461	3.37461e+06	
44100	54.1096	6.33253	0	-3.22e-06	2.73514e-06	0	4.22486	4.22486e+06	
44200	54.0064	6.74766	0	-3.22e-06	2.73514e-06	0	4.22486	4.22486e+06	
44300	53.7975	7.18147	0	-3.22e-06	2.73514e-06	0	4.22486	4.22486e+06	
44400	53.481	7.58874	0	-3.22e-06	2.73514e-06	0	4.22486	4.22486e+06	
44500	53.0953	7.94619	0	-3.22e-06	2.73514e-06	0	4.22486	4.22486e+06	
44600	52.8207	8.12313	0	-3.22e-06	8.1503e-07	0	3.32155	3.32155e+06	
44700	52.6385	8.3806	0	-3.22e-06	8.1503e-07	0	3.32155	3.32155e+06	
44800	52.3936	8.63429	0	-3.22e-06	8.1503e-07	0	3.32155	3.32155e+06	
44900	52.0855	8.86296	0	-3.22e-06	8.1503e-07	0	3.32155	3.32155e+06	
45000	51.7249	9.04653	0	-3.22e-06	8.1503e-07	0	3.32155	3.32155e+06	
45100	51.3671	9.11884	0	-3.22e-06	-7.33112e-07	0	3.3024	3.3024e+06	
45200	50.9791	9.16035	0	-3.22e-06	-7.33112e-07	0	3.3024	3.3024e+06	
45300	50.5734	9.13808	0	-3.22e-06	-7.33112e-07	0	3.3024	3.3024e+06	
45400	50.1839	9.14698	0	-3.22e-06	-7.33112e-07	0	3.3024	3.3024e+06	
45500	49.7843	9.1572	0	-3.22e-06	-7.33112e-07	0	3.3024	3.3024e+06	
45600	49.383	9.20471	0	-3.22e-06	2.83039e-07	0	3.23242	3.23242e+06	
45700	48.9832	9.24242	0	-3.22e-06	2.83039e-07	0	3.23242	3.23242e+06	
45800	48.5832	9.27815	0	-3.22e-06	2.83039e-07	0	3.23242	3.23242e+06	
45900	48.1832	9.31334	0	-3.22e-06	2.83039e-07	0	3.23242	3.23242e+06	
46000	47.7832	9.34852	0	-3.22e-06	2.83039e-07	0	3.23242	3.23242e+06	
46100	47.3832	9.74852	0	-3.22e-06	3.22e-06	0	4.55377	4.55377e+06	
46200	46.9832	10.1485	0	-3.22e-06	3.22e-06	0	4.55377	4.55377e+06	
46300	46.5832	10.5485	0	-3.22e-06	3.22e-06	0	4.55377	4.55377e+06	
46400	46.1832	10.9485	0	-3.22e-06	3.22e-06	0	4.55377	4.55377e+06	
46500	45.7832	11.3485	0	-3.22e-06	3.22e-06	0	4.55377	4.55377e+06	
46600	45.3832	11.6073	0	-3.22e-06	2.08332e-06	0	3.83518	3.83518e+06	
46700	44.9832	11.8661	0	-3.22e-06	2.08332e-06	0	3.83518	3.83518e+06	
46800	44.5832	12.1249	0	-3.22e-06	2.08332e-06	0	3.83518	3.83518e+06	
46900	44.1832	12.3837	0	-3.22e-06	2.08332e-06	0	3.83518	3.83518e+06	
47000	43.7832	12.6425	0	-3.22e-06	2.08332e-06	0	3.83518	3.83518e+06	
47100	43.7815	12.6688	0	-1.36654e-08	2.11508e-07	0	0.211949	211949	
47200	43.7798	12.6951	0	-1.36654e-08	2.11508e-07	0	0.211949	211949	
47300	43.7781	12.7213	0	-1.36654e-08	2.11508e-07	0	0.211949	211949	
47400	43.7764	12.7476	0	-1.36654e-08	2.11508e-07	0	0.211949	211949	
47500	43.7747	12.7739	0	-1.36654e-08	2.11508e-07	0	0.211949	211949	
47600	43.7035	12.8197	0	-5.7332e-07	3.69093e-07	0	0.681854	681854	
47700	43.6323	12.8656	0	-5.7332e-07	3.69093e-07	0	0.681854	681854	
47800	43.561	12.9114	0	-5.7332e-07	3.69093e-07	0	0.681854	681854	
47900	43.4898	12.9573	0	-5.7332e-07	3.69093e-07	0	0.681854	681854	
48000	43.4186	13.0031	0	-5.7332e-07	3.69093e-07	0	0.681854	681854	
48100	43.2726	13.1175	0	-1.17488e-06	9.20961e-07	0	1.49282	1.49282e+06	
48200	43.1267	13.2319	0	-1.17488e-06	9.20961e-07	0	1.49282	1.49282e+06	
48300	42.9807	13.3463	0	-1.17488e-06	9.20961e-07	0	1.49282	1.49282e+06	
48400	42.8348	13.4607	0	-1.17488e-06	9.20961e-07	0	1.49282	1.49282e+06	
48500	42.6889	13.5752	0	-1.17488e-06	9.20961e-07	0	1.49282	1.49282e+06	
48600	42.3514	13.5738	0	-2.71674e-06	-1.10726e-08	0	2.71676	2.71676e+06	
48700	42.0139	13.5724	0	-2.71674e-06	-1.10726e-08	0	2.71676	2.71676e+06	
48800	41.6764	13.571	0	-2.71674e-06	-1.10726e-08	0	2.71676	2.71676e+06	
48900	41.3389	13.5697	0	-2.71674e-06	-1.10726e-08	0	2.71676	2.71676e+06	
49000	41.0014	13.5683	0	-2.71674e-06	-1.10726e-08	0	2.71676	2.71676e+06	
49100	40.6014	13.4841	0	-3.22e-06	-6.77784e-07	0	3.29056	3.29056e+06	
49200	40.2014	13.3999	0	-3.22e-06	-6.77784e-07	0	3.29056	3.29056e+06	
49300	39.8014	13.3157	0	-3.22e-06	-6.77784e-07	0	3.29056	3.29056e+06	
49400	39.4014	13.2315	0	-3.22e-06	-6.77784e-07	0	3.29056	3.29056e+06	
49500	39.0014	13.1473	0	-3.22e-06	-6.77784e-07	0	3.29056	3.29056e+06	
49600	38.6082	13.2385	0	-3.16518e-06	7.34268e-07	0	3.24924	3.24924e+06	
49700	38.2151	13.3297	0	-3.16518e-06	7.34268e-07	0	3.24924	3.24924e+06	
49800	37.8219	13.4209	0	-3.16518e-06	7.34268e-07	0	3.24924	3.24924e+06	
49900	37.4287	13.5121	0	-3.16518e-06	7.34268e-07	0	3.24924	3.24924e+06	
50000	37.0355	13.6034	0	-3.16518e-06	7.34268e-07	0	3.24924	3.24924e+06	
