0	31	57	0	-1.31427e-06	1.85493e-06	0	2.27334	2.27334e+06	
100	30.9137	56.9605	0	-6.94791e-07	-3.17873e-07	0	0.764054	764054	
200	30.8274	56.921	0	-6.94791e-07	-3.17873e-07	0	0.764054	764054	
300	30.7411	56.8815	0	-6.94791e-07	-3.17873e-07	0	0.764054	764054	
400	30.6548	56.8421	0	-6.94791e-07	-3.17873e-07	0	0.764054	764054	
500	30.5685	56.8026	0	-6.94791e-07	-3.17873e-07	0	0.764054	764054	
600	30.1685	56.7507	0	-3.22e-06	-4.179e-07	0	3.247	3.247e+06	
700	29.7685	56.6987	0	-3.22e-06	-4.179e-07	0	3.247	3.247e+06	
800	29.3685	56.6468	0	-3.22e-06	-4.179e-07	0	3.247	3.247e+06	
900	28.9685	56.5949	0	-3.22e-06	-4.179e-07	0	3.247	3.247e+06	
1000	28.5685	56.543	0	-3.22e-06	-4.179e-07	0	3.247	3.247e+06	
1100	28.4957	56.28	0	-5.85677e-07	-2.11746e-06	0	2.19697	2.19697e+06	
1200	28.4229	56.0169	0	-5.85677e-07	-2.11746e-06	0	2.19697	2.19697e+06	
1300	28.3502	55.7539	0	-5.85677e-07	-2.11746e-06	0	2.19697	2.19697e+06	
1400	28.2774	55.4908	0	-5.85677e-07	-2.11746e-06	0	2.19697	2.19697e+06	
1500	28.2047	55.2278	0	-5.85677e-07	-2.11746e-06	0	2.19697	2.19697e+06	
1600	28.0863	54.9792	0	-9.53162e-07	-2.00115e-06	0	2.21655	2.21655e+06	
1700	27.9679	54.7306	0	-9.53162e-07	-2.00115e-06	0	2.21655	2.21655e+06	
1800	27.8495	54.482	0	-9.53162e-07	-2.00115e-06	0	2.21655	2.21655e+06	
1900	27.7311	54.2334	0	-9.53162e-07	-2.00115e-06	0	2.21655	2.21655e+06	
2000	27.6127	53.9849	0	-9.53162e-07	-2.00115e-06	0	2.21655	2.21655e+06	
2100	27.3278	53.929	0	-2.29286e-06	-4.4967e-07	0	2.33653	2.33653e+06	
2200	27.043	53.8731	0	-2.29286e-06	-4.4967e-07	0	2.33653	2.33653e+06	
2300	26.7582	53.8173	0	-2.29286e-06	-4.4967e-07	0	2.33653	2.33653e+06	
2400	26.4733	53.7614	0	-2.29286e-06	-4.4967e-07	0	2.33653	2.33653e+06	
2500	26.1885	53.7056	0	-2.29286e-06	-4.4967e-07	0	2.33653	2.33653e+06	
2600	26.1387	53.6068	0	-4.00756e-07	-7.9512e-07	0	0.890405	890405	
2700	26.089	53.508	0	-4.00756e-07	-7.9512e-07	0	0.890405	890405	
2800	26.0392	53.4092	0	-4.00756e-07	-7.9512e-07	0	0.890405	890405	
2900	25.9894	53.3105	0	-4.00756e-07	-7.9512e-07	0	0.890405	890405	
3000	25.9396	53.2117	0	-4.00756e-07	-7.9512e-07	0	0.890405	890405	
3100	25.5396	52.9718	0	-3.22e-06	-1.93089e-06	0	3.75456	3.75456e+06	
3200	25.1396	52.732	0	-3.22e-06	-1.93089e-06	0	3.75456	3.75456e+06	
3300	24.7396	52.4921	0	-3.22e-06	-1.93089e-06	0	3.75456	3.75456e+06	
3400	24.3396	52.2522	0	-3.22e-06	-1.93089e-06	0	3.75456	3.75456e+06	
3500	23.9396	52.0124	0	-3.22e-06	-1.93089e-06	0	3.75456	3.75456e+06	
3600	23.5396	51.766	0	-3.22e-06	-1.9835e-06	0	3.78189	3.78189e+06	
3700	23.1396	51.5196	0	-3.22e-06	-1.9835e-06	0	3.78189	3.78189e+06	
3800	22.7396	51.2732	0	-3.22e-06	-1.9835e-06	0	3.78189	3.78189e+06	
3900	22.3396	51.0268	0	-3.22e-06	-1.9835e-06	0	3.78189	3.78189e+06	
4000	21.9396	50.7804	0	-3.22e-06	-1.9835e-06	0	3.78189	3.78189e+06	
4100	21.5396	50.5353	0	-3.22e-06	-1.97318e-06	0	3.77649	3.77649e+06	
4200	21.1396	50.2902	0	-3.22e-06	-1.97318e-06	0	3.77649	3.77649e+06	
4300	20.7396	50.045	0	-3.22e-06	-1.97318e-06	0	3.77649	3.77649e+06	
4400	20.3396	49.7999	0	-3.22e-06	-1.97318e-06	0	3.77649	3.77649e+06	
4500	19.9396	49.5548	0	-3.22e-06	-1.97318e-06	0	3.77649	3.77649e+06	
4600	19.5396	49.2827	0	-3.22e-06	-2.19055e-06	0	3.89447	3.89447e+06	
4700	19.1527	49.1328	0	-3.22e-06	-2.19055e-06	0	3.89447	3.89447e+06	
4800	18.7485	49.129	0	-3.22e-06	-2.19055e-06	0	3.89447	3.89447e+06	
4900	18.3092	49.0397	0	-3.22e-06	-2.19055e-06	0	3.89447	3.89447e+06	
5000	17.8699	48.856	0	-3.22e-06	-2.19055e-06	0	3.89447	3.89447e+06	
5100	17.4269	48.5111	0	-3.22e-06	-3.22e-06	0	4.55377	4.55377e+06	
5200	17.0188	48.118	0	-3.22e-06	-3.22e-06	0	4.55377	4.55377e+06	
5300	16.6187	47.7181	0	-3.22e-06	-3.22e-06	0	4.55377	4.55377e+06	
5400	16.2187	47.3181	0	-3.22e-06	-3.22e-06	0	4.55377	4.55377e+06	
5500	15.8187	46.9181	0	-3.22e-06	-3.22e-06	0	4.55377	4.55377e+06	
5600	15.5271	46.6076	0	-2.34817e-06	-2.49957e-06	0	3.42954	3.42954e+06	
5700	15.2354	46.2971	0	-2.34817e-06	-2.49957e-06	0	3.42954	3.42954e+06	
5800	14.9437	45.9866	0	-2.34817e-06	-2.49957e-06	0	3.42954	3.42954e+06	
5900	14.652	45.676	0	-2.34817e-06	-2.49957e-06	0	3.42954	3.42954e+06	
6000	14.3603	45.3655	0	-2.34817e-06	-2.49957e-06	0	3.42954	3.42954e+06	
6100	14.2515	44.9824	0	-8.75824e-07	-3.08425e-06	0	3.2062	3.2062e+06	
6200	14.1427	44.5993	0	-8.75824e-07	-3.08425e-06	0	3.2062	3.2062e+06	
6300	14.0339	44.2161	0	-8.75824e-07	-3.08425e-06	0	3.2062	3.2062e+06	
6400	13.9251	43.833	0	-8.75824e-07	-3.08425e-06	0	3.2062	3.2062e+06	
6500	13.8163	43.4499	0	-8.75824e-07	-3.08425e-06	0	3.2062	3.2062e+06	
6600	13.4163	43.157	0	-3.22e-06	-2.35775e-06	0	3.99091	3.99091e+06	
6700	13.0163	42.8641	0	-3.22e-06	-2.35775e-06	0	3.99091	3.99091e+06	
6800	12.6163	42.5712	0	-3.22e-06	-2.35775e-06	0	3.99091	3.99091e+06	
6900	12.2163	42.2783	0	-3.22e-06	-2.35775e-06	0	3.99091	3.99091e+06	
7000	11.8163	41.9854	0	-3.22e-06	-2.35775e-06	0	3.99091	3.99091e+06	
7100	11.646	41.9913	0	-1.37096e-06	4.72058e-08	0	1.37178	1.37178e+06	
7200	11.4757	41.9971	0	-1.37096e-06	4.72058e-08	0	1.37178	1.37178e+06	
7300	11.3054	42.003	0	-1.37096e-06	4.72058e-08	0	1.37178	1.37178e+06	
7400	11.135	42.0089	0	-1.37096e-06	4.72058e-08	0	1.37178	1.37178e+06	
7500	10.9647	42.0147	0	-1.37096e-06	4.72058e-08	0	1.37178	1.37178e+06	
7600	10.9508	42.3068	0	-1.12062e-07	2.35122e-06	0	2.35389	2.35389e+06	
7700	10.9369	42.5989	0	-1.12062e-07	2.35122e-06	0	2.35389	2.35389e+06	
7800	10.923	42.891	0	-1.12062e-07	2.35122e-06	0	2.35389	2.35389e+06	
7900	10.9091	43.183	0	-1.12062e-07	2.35122e-06	0	2.35389	2.35389e+06	
8000	10.8951	43.4751	0	-1.12062e-07	2.35122e-06	0	2.35389	2.35389e+06	
8100	10.7585	43.852	0	-1.09984e-06	3.03401e-06	0	3.2272	3.2272e+06	
8200	10.6219	44.2289	0	-1.09984e-06	3.03401e-06	0	3.2272	3.2272e+06	
8300	10.4853	44.6058	0	-1.09984e-06	3.03401e-06	0	3.2272	3.2272e+06	
8400	10.3486	44.9827	0	-1.09984e-06	3.03401e-06	0	3.2272	3.2272e+06	
8500	10.212	45.3596	0	-1.09984e-06	3.03401e-06	0	3.2272	3.2272e+06	
8600	9.91539	45.5242	0	-2.38779e-06	1.32518e-06	0	2.73087	2.73087e+06	
8700	9.61877	45.6888	0	-2.38779e-06	1.32518e-06	0	2.73087	2.73087e+06	
8800	9.32215	45.8535	0	-2.38779e-06	1.32518e-06	0	2.73087	2.73087e+06	
8900	9.13873	46.0171	0	-2.38779e-06	1.32518e-06	0	2.73087	2.73087e+06	
9000	9.13082	46.1956	0	-2.38779e-06	1.32518e-06	0	2.73087	2.73087e+06	
9100	9.13227	46.2344	0	-1.7626e-06	1.35452e-07	0	1.7678	1.7678e+06	
9200	9.12736	46.2765	0	-1.7626e-06	1.35452e-07	0	1.7678	1.7678e+06	
9300	9.12118	46.3222	0	-1.7626e-06	1.35452e-07	0	1.7678	1.7678e+06	
9400	9.1139	46.3708	0	-1.7626e-06	1.35452e-07	0	1.7678	1.7678e+06	
9500	9.10659	46.4189	0	-1.7626e-06	1.35452e-07	0	1.7678	1.7678e+06	
9600	9.08867	46.5424	0	-3.22e-06	9.40977e-07	0	3.35467	3.35467e+06	
9700	9.09692	46.6062	0	-3.22e-06	9.40977e-07	0	3.35467	3.35467e+06	
9800	9.10536	46.6606	0	-3.22e-06	9.40977e-07	0	3.35467	3.35467e+06	
9900	9.1138	46.7199	0	-3.22e-06	9.40977e-07	0	3.35467	3.35467e+06	
10000	9.12191	46.7899	0	-3.22e-06	9.40977e-07	0	3.35467	3.35467e+06	
10100	9.13201	47.1032	0	-3.0563e-06	2.61386e-06	0	4.02159	4.02159e+06	
10200	9.0857	47.4713	0	-3.0563e-06	2.61386e-06	0	4.02159	4.02159e+06	
10300	8.9569	47.8774	0	-3.0563e-06	2.61386e-06	0	4.02159	4.02159e+06	
10400	8.72857	48.2884	0	-3.0563e-06	2.61386e-06	0	4.02159	4.02159e+06	
10500	8.40759	48.6658	0	-3.0563e-06	2.61386e-06	0	4.02159	4.02159e+06	
10600	8.06477	48.8808	0	-3.22e-06	1.06252e-06	0	3.39077	3.39077e+06	
10700	7.69152	49.0702	0	-3.22e-06	1.06252e-06	0	3.39077	3.39077e+06	
10800	7.29517	49.2158	0	-3.22e-06	1.06252e-06	0	3.39077	3.39077e+06	
10900	6.89522	49.3483	0	-3.22e-06	1.06252e-06	0	3.39077	3.39077e+06	
11000	6.49522	49.4803	0	-3.22e-06	1.06252e-06	0	3.39077	3.39077e+06	
11100	6.09522	49.486	0	-3.22e-06	4.61602e-08	0	3.22033	3.22033e+06	
11200	5.69522	49.4918	0	-3.22e-06	4.61602e-08	0	3.22033	3.22033e+06	
11300	5.29522	49.4975	0	-3.22e-06	4.61602e-08	0	3.22033	3.22033e+06	
11400	4.89522	49.5032	0	-3.22e-06	4.61602e-08	0	3.22033	3.22033e+06	
11500	4.49522	49.509	0	-3.22e-06	4.61602e-08	0	3.22033	3.22033e+06	
11600	4.09522	49.2246	0	-3.22e-06	-2.2892e-06	0	3.9508	3.9508e+06	
11700	3.69522	48.9402	0	-3.22e-06	-2.2892e-06	0	3.9508	3.9508e+06	
11800	3.29522	48.6558	0	-3.22e-06	-2.2892e-06	0	3.9508	3.9508e+06	
11900	2.89522	48.3715	0	-3.22e-06	-2.2892e-06	0	3.9508	3.9508e+06	
12000	2.49522	48.0871	0	-3.22e-06	-2.2892e-06	0	3.9508	3.9508e+06	
12100	2.20495	47.904	0	-2.33665e-06	-1.47366e-06	0	2.76253	2.76253e+06	
12200	1.91468	47.721	0	-2.33665e-06	-1.47366e-06	0	2.76253	2.76253e+06	
12300	1.62442	47.5379	0	-2.33665e-06	-1.47366e-06	0	2.76253	2.76253e+06	
12400	1.33415	47.3549	0	-2.33665e-06	-1.47366e-06	0	2.76253	2.76253e+06	
12500	1.13073	47.1801	0	-2.33665e-06	-1.47366e-06	0	2.76253	2.76253e+06	
12600	1.15266	47.256	0	-6.07714e-07	5.3401e-07	0	0.809002	809002	
12700	1.14382	47.3311	0	-6.07714e-07	5.3401e-07	0	0.809002	809002	
12800	1.1327	47.4069	0	-6.07714e-07	5.3401e-07	0	0.809002	809002	
12900	1.1234	47.48	0	-6.07714e-07	5.3401e-07	0	0.809002	809002	
13000	1.12246	47.5443	0	-6.07714e-07	5.3401e-07	0	0.809002	809002	
13100	1.3724	47.5808	0	1.96228e-06	2.98625e-07	0	1.98487	1.98487e+06	
13200	1.61616	47.6179	0	1.96228e-06	2.98625e-07	0	1.98487	1.98487e+06	
13300	1.85992	47.655	0	1.96228e-06	2.98625e-07	0	1.98487	1.98487e+06	
13400	2.10368	47.6921	0	1.96228e-06	2.98625e-07	0	1.98487	1.98487e+06	
13500	2.34744	47.7292	0	1.96228e-06	2.98625e-07	0	1.98487	1.98487e+06	
13600	2.41949	47.7967	0	5.79977e-07	5.43314e-07	0	0.79471	794710	
13700	2.49154	47.8641	0	5.79977e-07	5.43314e-07	0	0.79471	794710	
13800	2.56358	47.9316	0	5.79977e-07	5.43314e-07	0	0.79471	794710	
13900	2.63563	47.9991	0	5.79977e-07	5.43314e-07	0	0.79471	794710	
14000	2.70768	48.0666	0	5.79977e-07	5.43314e-07	0	0.79471	794710	
14100	2.8973	47.7659	0	1.5265e-06	-2.42051e-06	0	2.86165	2.86165e+06	
14200	3.08693	47.4653	0	1.5265e-06	-2.42051e-06	0	2.86165	2.86165e+06	
14300	3.22902	47.1973	0	1.5265e-06	-2.42051e-06	0	2.86165	2.86165e+06	
14400	3.14762	47.0668	0	1.5265e-06	-2.42051e-06	0	2.86165	2.86165e+06	
14500	3.07017	46.9399	0	1.5265e-06	-2.42051e-06	0	2.86165	2.86165e+06	
14600	3.06312	46.9289	0	2.10949e-06	-2.28437e-06	0	3.10939	3.10939e+06	
14700	3.06191	46.9278	0	2.10949e-06	-2.28437e-06	0	3.10939	3.10939e+06	
14800	3.06175	46.9276	0	2.10949e-06	-2.28437e-06	0	3.10939	3.10939e+06	
14900	3.06173	46.9276	0	2.10949e-06	-2.28437e-06	0	3.10939	3.10939e+06	
15000	3.06172	46.9276	0	2.10949e-06	-2.28437e-06	0	3.10939	3.10939e+06	
15100	2.92015	46.8409	0	4.23979e-07	-3.22e-06	0	3.24779	3.24779e+06	
15200	2.77564	46.7489	0	4.23979e-07	-3.22e-06	0	3.24779	3.24779e+06	
15300	2.61499	46.6261	0	4.23979e-07	-3.22e-06	0	3.24779	3.24779e+06	
15400	2.4424	46.4639	0	4.23979e-07	-3.22e-06	0	3.24779	3.24779e+06	
15500	2.26622	46.2543	0	4.23979e-07	-3.22e-06	0	3.24779	3.24779e+06	
15600	2.29737	46.3004	0	1.8621e-06	-8.26447e-07	0	2.03726	2.03726e+06	
15700	2.33578	46.3495	0	1.8621e-06	-8.26447e-07	0	2.03726	2.03726e+06	
15800	2.38048	46.4031	0	1.8621e-06	-8.26447e-07	0	2.03726	2.03726e+06	
15900	2.43254	46.4613	0	1.8621e-06	-8.26447e-07	0	2.03726	2.03726e+06	
16000	2.49319	46.5242	0	1.8621e-06	-8.26447e-07	0	2.03726	2.03726e+06	
16100	2.53732	46.7202	0	5.06999e-07	1.42062e-06	0	1.50838	1.50838e+06	
16200	2.6002	46.8968	0	5.06999e-07	1.42062e-06	0	1.50838	1.50838e+06	
16300	2.66318	47.0733	0	5.06999e-07	1.42062e-06	0	1.50838	1.50838e+06	
16400	2.72616	47.2498	0	5.06999e-07	1.42062e-06	0	1.50838	1.50838e+06	
16500	2.78914	47.4262	0	5.06999e-07	1.42062e-06	0	1.50838	1.50838e+06	
16600	2.82008	47.0987	0	2.49038e-07	-2.63687e-06	0	2.6486	2.6486e+06	
16700	2.83388	46.7979	0	2.49038e-07	-2.63687e-06	0	2.6486	2.6486e+06	
16800	2.7024	46.7015	0	2.49038e-07	-2.63687e-06	0	2.6486	2.6486e+06	
16900	2.55918	46.5837	0	2.49038e-07	-2.63687e-06	0	2.6486	2.6486e+06	
17000	2.41007	46.4363	0	2.49038e-07	-2.63687e-06	0	2.6486	2.6486e+06	
17100	2.357	46.4508	0	-1.02357e-07	-1.74544e-07	0	0.202343	202343	
17200	2.33257	46.4393	0	-1.02357e-07	-1.74544e-07	0	0.202343	202343	
17300	2.31199	46.4244	0	-1.02357e-07	-1.74544e-07	0	0.202343	202343	
17400	2.29305	46.4079	0	-1.02357e-07	-1.74544e-07	0	0.202343	202343	
17500	2.27505	46.3905	0	-1.02357e-07	-1.74544e-07	0	0.202343	202343	
17600	2.13561	46.4221	0	-1.11624e-06	2.4895e-07	0	1.14366	1.14366e+06	
17700	1.99694	46.453	0	-1.11624e-06	2.4895e-07	0	1.14366	1.14366e+06	
17800	1.85828	46.4839	0	-1.11624e-06	2.4895e-07	0	1.14366	1.14366e+06	
17900	1.71962	46.5148	0	-1.11624e-06	2.4895e-07	0	1.14366	1.14366e+06	
18000	1.58095	46.5458	0	-1.11624e-06	2.4895e-07	0	1.14366	1.14366e+06	
18100	1.18115	46.48	0	-3.22e-06	-5.29145e-07	0	3.26319	3.26319e+06	
18200	1.09031	46.4439	0	-3.22e-06	-5.29145e-07	0	3.26319	3.26319e+06	
18300	1.0924	46.4273	0	-3.22e-06	-5.29145e-07	0	3.26319	3.26319e+06	
18400	1.09397	46.4161	0	-3.22e-06	-5.29145e-07	0	3.26319	3.26319e+06	
18500	1.0952	46.4077	0	-3.22e-06	-5.29145e-07	0	3.26319	3.26319e+06	
18600	1.08745	46.4831	0	-3.22e-06	2.96405e-07	0	3.23361	3.23361e+06	
18700	1.0873	46.5174	0	-3.22e-06	2.96405e-07	0	3.23361	3.23361e+06	
18800	1.08809	46.5314	0	-3.22e-06	2.96405e-07	0	3.23361	3.23361e+06	
18900	1.08859	46.5377	0	-3.22e-06	2.96405e-07	0	3.23361	3.23361e+06	
19000	1.08886	46.5407	0	-3.22e-06	2.96405e-07	0	3.23361	3.23361e+06	
19100	1.12285	46.1866	0	-3.22e-06	-3.22e-06	0	4.55377	4.55377e+06	
19200	1.12428	45.9418	0	-3.22e-06	-3.22e-06	0	4.55377	4.55377e+06	
19300	1.12424	45.9417	0	-3.22e-06	-3.22e-06	0	4.55377	4.55377e+06	
19400	1.12424	45.9417	0	-3.22e-06	-3.22e-06	0	4.55377	4.55377e+06	
19500	1.12424	45.9417	0	-3.22e-06	-3.22e-06	0	4.55377	4.55377e+06	
19600	1.12486	45.944	0	-3.22e-06	-2.94587e-06	0	4.36424	4.36424e+06	
19700	1.12486	45.944	0	-3.22e-06	-2.94587e-06	0	4.36424	4.36424e+06	
19800	1.12486	45.944	0	-3.22e-06	-2.94587e-06	0	4.36424	4.36424e+06	
19900	1.12486	45.944	0	-3.22e-06	-2.94587e-06	0	4.36424	4.36424e+06	
20000	1.12486	45.944	0	-3.22e-06	-2.94587e-06	0	4.36424	4.36424e+06	
20100	1.12424	45.9417	0	-3.22e-06	-3.22e-06	0	4.55377	4.55377e+06	
20200	1.12424	45.9417	0	-3.22e-06	-3.22e-06	0	4.55377	4.55377e+06	
20300	1.12424	45.9417	0	-3.22e-06	-3.22e-06	0	4.55377	4.55377e+06	
20400	1.12424	45.9417	0	-3.22e-06	-3.22e-06	0	4.55377	4.55377e+06	
20500	1.12424	45.9417	0	-3.22e-06	-3.22e-06	0	4.55377	4.55377e+06	
20600	1.13729	45.9546	0	-1.4301e-06	-2.3791e-06	0	2.77585	2.77585e+06	
20700	1.13729	45.9547	0	-1.4301e-06	-2.3791e-06	0	2.77585	2.77585e+06	
20800	1.13729	45.9547	0	-1.4301e-06	-2.3791e-06	0	2.77585	2.77585e+06	
20900	1.13729	45.9547	0	-1.4301e-06	-2.3791e-06	0	2.77585	2.77585e+06	
21000	1.13729	45.9547	0	-1.4301e-06	-2.3791e-06	0	2.77585	2.77585e+06	
21100	1.12678	45.9518	0	-3.22e-06	-2.14052e-06	0	3.86655	3.86655e+06	
21200	1.12678	45.9518	0	-3.22e-06	-2.14052e-06	0	3.86655	3.86655e+06	
21300	1.12678	45.9518	0	-3.22e-06	-2.14052e-06	0	3.86655	3.86655e+06	
21400	1.12678	45.9518	0	-3.22e-06	-2.14052e-06	0	3.86655	3.86655e+06	
21500	1.12678	45.9518	0	-3.22e-06	-2.14052e-06	0	3.86655	3.86655e+06	
21600	1.1532	46.0026	0	-9.86844e-07	-2.93867e-07	0	1.02967	1.02967e+06	
21700	1.1539	46.0072	0	-9.86844e-07	-2.93867e-07	0	1.02967	1.02967e+06	
21800	1.15401	46.0081	0	-9.86844e-07	-2.93867e-07	0	1.02967	1.02967e+06	
21900	1.15404	46.0083	0	-9.86844e-07	-2.93867e-07	0	1.02967	1.02967e+06	
22000	1.15404	46.0084	0	-9.86844e-07	-2.93867e-07	0	1.02967	1.02967e+06	
22100	1.20394	46.006	0	4.29255e-07	-7.55199e-07	0	0.868669	868669	
22200	1.22428	46.0146	0	4.29255e-07	-7.55199e-07	0	0.868669	868669	
22300	1.24202	46.0216	0	4.29255e-07	-7.55199e-07	0	0.868669	868669	
22400	1.25935	46.0282	0	4.29255e-07	-7.55199e-07	0	0.868669	868669	
22500	1.27702	46.0346	0	4.29255e-07	-7.55199e-07	0	0.868669	868669	
22600	1.495	46.2689	0	1.78452e-06	1.79787e-06	0	2.53315	2.53315e+06	
22700	1.71667	46.4923	0	1.78452e-06	1.79787e-06	0	2.53315	2.53315e+06	
22800	1.93835	46.7156	0	1.78452e-06	1.79787e-06	0	2.53315	2.53315e+06	
22900	2.16003	46.939	0	1.78452e-06	1.79787e-06	0	2.53315	2.53315e+06	
23000	2.38171	47.1623	0	1.78452e-06	1.79787e-06	0	2.53315	2.53315e+06	
23100	2.78171	47.4625	0	3.22e-06	2.41692e-06	0	4.02615	4.02615e+06	
23200	3.18171	47.7628	0	3.22e-06	2.41692e-06	0	4.02615	4.02615e+06	
23300	3.58171	48.063	0	3.22e-06	2.41692e-06	0	4.02615	4.02615e+06	
23400	3.98171	48.3633	0	3.22e-06	2.41692e-06	0	4.02615	4.02615e+06	
23500	4.38171	48.6635	0	3.22e-06	2.41692e-06	0	4.02615	4.02615e+06	
23600	4.77706	48.8018	0	3.22e-06	1.0616e-06	0	3.39048	3.39048e+06	
23700	5.14318	48.9955	0	3.22e-06	1.0616e-06	0	3.39048	3.39048e+06	
23800	5.53301	49.1566	0	3.22e-06	1.0616e-06	0	3.39048	3.39048e+06	
23900	5.93252	49.2913	0	3.22e-06	1.0616e-06	0	3.39048	3.39048e+06	
24000	6.33252	49.4232	0	3.22e-06	1.0616e-06	0	3.39048	3.39048e+06	
24100	6.6676	49.4761	0	2.69743e-06	4.25339e-07	0	2.73076	2.73076e+06	
24200	7.00269	49.5289	0	2.69743e-06	4.25339e-07	0	2.73076	2.73076e+06	
24300	7.33777	49.5817	0	2.69743e-06	4.25339e-07	0	2.73076	2.73076e+06	
24400	7.67285	49.6346	0	2.69743e-06	4.25339e-07	0	2.73076	2.73076e+06	
24500	8.00794	49.6874	0	2.69743e-06	4.25339e-07	0	2.73076	2.73076e+06	
24600	8.23656	49.5726	0	1.8404e-06	-9.24395e-07	0	2.05951	2.05951e+06	
24700	8.46518	49.4578	0	1.8404e-06	-9.24395e-07	0	2.05951	2.05951e+06	
24800	8.6938	49.3429	0	1.8404e-06	-9.24395e-07	0	2.05951	2.05951e+06	
24900	8.92242	49.2281	0	1.8404e-06	-9.24395e-07	0	2.05951	2.05951e+06	
25000	9.15104	49.1133	0	1.8404e-06	-9.24395e-07	0	2.05951	2.05951e+06	
25100	9.28427	48.9238	0	1.07247e-06	-1.52513e-06	0	1.86446	1.86446e+06	
25200	9.41749	48.7343	0	1.07247e-06	-1.52513e-06	0	1.86446	1.86446e+06	
25300	9.55072	48.5449	0	1.07247e-06	-1.52513e-06	0	1.86446	1.86446e+06	
25400	9.68395	48.3554	0	1.07247e-06	-1.52513e-06	0	1.86446	1.86446e+06	
25500	9.81717	48.166	0	1.07247e-06	-1.52513e-06	0	1.86446	1.86446e+06	
25600	9.96032	47.9209	0	1.15231e-06	-1.97317e-06	0	2.285	2.285e+06	
25700	10.1035	47.6757	0	1.15231e-06	-1.97317e-06	0	2.285	2.285e+06	
25800	10.2466	47.4306	0	1.15231e-06	-1.97317e-06	0	2.285	2.285e+06	
25900	10.3897	47.1855	0	1.15231e-06	-1.97317e-06	0	2.285	2.285e+06	
26000	10.5329	46.9404	0	1.15231e-06	-1.97317e-06	0	2.285	2.285e+06	
26100	10.6715	46.7631	0	1.11571e-06	-1.42723e-06	0	1.81158	1.81158e+06	
26200	10.8101	46.5858	0	1.11571e-06	-1.42723e-06	0	1.81158	1.81158e+06	
26300	10.9487	46.4085	0	1.11571e-06	-1.42723e-06	0	1.81158	1.81158e+06	
26400	11.0873	46.2312	0	1.11571e-06	-1.42723e-06	0	1.81158	1.81158e+06	
26500	11.2259	46.0539	0	1.11571e-06	-1.42723e-06	0	1.81158	1.81158e+06	
26600	11.3404	46.3155	0	9.21573e-07	2.10556e-06	0	2.29841	2.29841e+06	
26700	11.4548	46.577	0	9.21573e-07	2.10556e-06	0	2.29841	2.29841e+06	
26800	11.5693	46.8386	0	9.21573e-07	2.10556e-06	0	2.29841	2.29841e+06	
26900	11.6838	47.1002	0	9.21573e-07	2.10556e-06	0	2.29841	2.29841e+06	
27000	11.7983	47.3617	0	9.21573e-07	2.10556e-06	0	2.29841	2.29841e+06	
27100	12.0318	47.2082	0	1.87938e-06	-1.2361e-06	0	2.24944	2.24944e+06	
27200	12.2652	47.0546	0	1.87938e-06	-1.2361e-06	0	2.24944	2.24944e+06	
27300	12.4987	46.9011	0	1.87938e-06	-1.2361e-06	0	2.24944	2.24944e+06	
27400	12.7321	46.7475	0	1.87938e-06	-1.2361e-06	0	2.24944	2.24944e+06	
27500	12.9656	46.594	0	1.87938e-06	-1.2361e-06	0	2.24944	2.24944e+06	
27600	12.8508	46.5917	0	-9.24188e-07	-1.79308e-08	0	0.924362	924362	
27700	12.736	46.5895	0	-9.24188e-07	-1.79308e-08	0	0.924362	924362	
27800	12.6212	46.5873	0	-9.24188e-07	-1.79308e-08	0	0.924362	924362	
27900	12.5064	46.585	0	-9.24188e-07	-1.79308e-08	0	0.924362	924362	
28000	12.3916	46.5828	0	-9.24188e-07	-1.79308e-08	0	0.924362	924362	
28100	12.4528	46.4618	0	4.92868e-07	-9.7443e-07	0	1.09199	1.09199e+06	
28200	12.514	46.3407	0	4.92868e-07	-9.7443e-07	0	1.09199	1.09199e+06	
28300	12.5752	46.2197	0	4.92868e-07	-9.7443e-07	0	1.09199	1.09199e+06	
28400	12.6365	46.0986	0	4.92868e-07	-9.7443e-07	0	1.09199	1.09199e+06	
28500	12.6977	45.9776	0	4.92868e-07	-9.7443e-07	0	1.09199	1.09199e+06	
28600	12.7355	45.8057	0	3.04685e-07	-1.38395e-06	0	1.41709	1.41709e+06	
28700	12.7734	45.6337	0	3.04685e-07	-1.38395e-06	0	1.41709	1.41709e+06	
28800	12.8112	45.4618	0	3.04685e-07	-1.38395e-06	0	1.41709	1.41709e+06	
28900	12.8491	45.2899	0	3.04685e-07	-1.38395e-06	0	1.41709	1.41709e+06	
29000	12.8869	45.118	0	3.04685e-07	-1.38395e-06	0	1.41709	1.41709e+06	
29100	12.825	45.0655	0	-4.98806e-07	-4.22608e-07	0	0.653762	653762	
29200	12.763	45.013	0	-4.98806e-07	-4.22608e-07	0	0.653762	653762	
29300	12.7011	44.9605	0	-4.98806e-07	-4.22608e-07	0	0.653762	653762	
29400	12.6391	44.908	0	-4.98806e-07	-4.22608e-07	0	0.653762	653762	
29500	12.5771	44.8555	0	-4.98806e-07	-4.22608e-07	0	0.653762	653762	
29600	12.2671	44.608	0	-2.49559e-06	-1.99262e-06	0	3.19351	3.19351e+06	
29700	11.9571	44.3604	0	-2.49559e-06	-1.99262e-06	0	3.19351	3.19351e+06	
29800	11.6471	44.1129	0	-2.49559e-06	-1.99262e-06	0	3.19351	3.19351e+06	
29900	11.3371	43.8654	0	-2.49559e-06	-1.99262e-06	0	3.19351	3.19351e+06	
30000	11.0271	43.6178	0	-2.49559e-06	-1.99262e-06	0	3.19351	3.19351e+06	
30100	10.841	43.2178	0	-1.49805e-06	-3.22e-06	0	3.55142	3.55142e+06	
30200	10.6549	42.8178	0	-1.49805e-06	-3.22e-06	0	3.55142	3.55142e+06	
30300	10.4688	42.4178	0	-1.49805e-06	-3.22e-06	0	3.55142	3.55142e+06	
30400	10.2827	42.0178	0	-1.49805e-06	-3.22e-06	0	3.55142	3.55142e+06	
30500	10.0966	41.6178	0	-1.49805e-06	-3.22e-06	0	3.55142	3.55142e+06	
30600	9.88486	41.3103	0	-1.70453e-06	-2.4754e-06	0	3.0055	3.0055e+06	
30700	9.67312	41.0028	0	-1.70453e-06	-2.4754e-06	0	3.0055	3.0055e+06	
30800	9.46138	40.6953	0	-1.70453e-06	-2.4754e-06	0	3.0055	3.0055e+06	
30900	9.24965	40.3878	0	-1.70453e-06	-2.4754e-06	0	3.0055	3.0055e+06	
31000	9.14229	40.0882	0	-1.70453e-06	-2.4754e-06	0	3.0055	3.0055e+06	
31100	9.13238	39.9545	0	-3.22e-06	-1.10893e-06	0	3.4056	3.4056e+06	
31200	9.12354	39.7944	0	-3.22e-06	-1.10893e-06	0	3.4056	3.4056e+06	
31300	9.09735	39.6042	0	-3.22e-06	-1.10893e-06	0	3.4056	3.4056e+06	
31400	9.04449	39.3824	0	-3.22e-06	-1.10893e-06	0	3.4056	3.4056e+06	
31500	8.95316	39.1311	0	-3.22e-06	-1.10893e-06	0	3.4056	3.4056e+06	
31600	8.9377	39.1123	0	-3.22e-06	1.24564e-06	0	3.45254	3.45254e+06	
31700	8.9256	39.0863	0	-3.22e-06	1.24564e-06	0	3.45254	3.45254e+06	
31800	8.91034	39.0547	0	-3.22e-06	1.24564e-06	0	3.45254	3.45254e+06	
31900	8.891	39.0165	0	-3.22e-06	1.24564e-06	0	3.45254	3.45254e+06	
32000	8.86636	38.9704	0	-3.22e-06	1.24564e-06	0	3.45254	3.45254e+06	
32100	8.82838	38.7168	0	-6.09419e-07	-1.86629e-06	0	1.96327	1.96327e+06	
32200	8.7532	38.4846	0	-6.09419e-07	-1.86629e-06	0	1.96327	1.96327e+06	
32300	8.67751	38.2528	0	-6.09419e-07	-1.86629e-06	0	1.96327	1.96327e+06	
32400	8.6018	38.0209	0	-6.09419e-07	-1.86629e-06	0	1.96327	1.96327e+06	
32500	8.5261	37.7891	0	-6.09419e-07	-1.86629e-06	0	1.96327	1.96327e+06	
32600	8.40758	37.4323	0	-9.54023e-07	-2.87237e-06	0	3.02666	3.02666e+06	
32700	8.28907	37.0754	0	-9.54023e-07	-2.87237e-06	0	3.02666	3.02666e+06	
32800	8.17056	36.7186	0	-9.54023e-07	-2.87237e-06	0	3.02666	3.02666e+06	
32900	8.05205	36.3618	0	-9.54023e-07	-2.87237e-06	0	3.02666	3.02666e+06	
33000	7.93354	36.005	0	-9.54023e-07	-2.87237e-06	0	3.02666	3.02666e+06	
33100	7.74836	35.605	0	-1.49064e-06	-3.22e-06	0	3.5483	3.5483e+06	
33200	7.56319	35.205	0	-1.49064e-06	-3.22e-06	0	3.5483	3.5483e+06	
33300	7.37802	34.805	0	-1.49064e-06	-3.22e-06	0	3.5483	3.5483e+06	
33400	7.19284	34.405	0	-1.49064e-06	-3.22e-06	0	3.5483	3.5483e+06	
33500	7.00767	34.005	0	-1.49064e-06	-3.22e-06	0	3.5483	3.5483e+06	
33600	6.60767	33.605	0	-3.22e-06	-3.22e-06	0	4.55377	4.55377e+06	
33700	6.20767	33.205	0	-3.22e-06	-3.22e-06	0	4.55377	4.55377e+06	
33800	5.80767	32.805	0	-3.22e-06	-3.22e-06	0	4.55377	4.55377e+06	
33900	5.40767	32.405	0	-3.22e-06	-3.22e-06	0	4.55377	4.55377e+06	
34000	5.00767	32.005	0	-3.22e-06	-3.22e-06	0	4.55377	4.55377e+06	
34100	4.60767	31.605	0	-3.22e-06	-3.22e-06	0	4.55377	4.55377e+06	
34200	4.20767	31.205	0	-3.22e-06	-3.22e-06	0	4.55377	4.55377e+06	
34300	3.80767	30.805	0	-3.22e-06	-3.22e-06	0	4.55377	4.55377e+06	
34400	3.40767	30.405	0	-3.22e-06	-3.22e-06	0	4.55377	4.55377e+06	
34500	3.00767	30.005	0	-3.22e-06	-3.22e-06	0	4.55377	4.55377e+06	
34600	2.60767	29.8478	0	-3.22e-06	-1.26521e-06	0	3.45965	3.45965e+06	
34700	2.20767	29.6907	0	-3.22e-06	-1.26521e-06	0	3.45965	3.45965e+06	
34800	1.80767	29.5335	0	-3.22e-06	-1.26521e-06	0	3.45965	3.45965e+06	
34900	1.40767	29.3763	0	-3.22e-06	-1.26521e-06	0	3.45965	3.45965e+06	
35000	1.11941	29.2321	0	-3.22e-06	-1.26521e-06	0	3.45965	3.45965e+06	
35100	1.14224	29.1784	0	-1.33819e-06	-5.80341e-07	0	1.45861	1.45861e+06	
35200	1.14659	29.1181	0	-1.33819e-06	-5.80341e-07	0	1.45861	1.45861e+06	
35300	1.14942	29.0528	0	-1.33819e-06	-5.80341e-07	0	1.45861	1.45861e+06	
35400	1.15026	28.9821	0	-1.33819e-06	-5.80341e-07	0	1.45861	1.45861e+06	
35500	1.1486	28.9058	0	-1.33819e-06	-5.80341e-07	0	1.45861	1.45861e+06	
35600	1.13999	29.1433	0	-1.8741e-06	1.89282e-06	0	2.66365	2.66365e+06	
35700	1.11091	29.4026	0	-1.8741e-06	1.89282e-06	0	2.66365	2.66365e+06	
35800	1.10929	29.628	0	-1.8741e-06	1.89282e-06	0	2.66365	2.66365e+06	
35900	1.13531	29.8311	0	-1.8741e-06	1.89282e-06	0	2.66365	2.66365e+06	
36000	1.14312	30.0595	0	-1.8741e-06	1.89282e-06	0	2.66365	2.66365e+06	
36100	1.15386	30.1527	0	-8.99452e-07	7.04024e-07	0	1.14222	1.14222e+06	
36200	1.14568	30.2497	0	-8.99452e-07	7.04024e-07	0	1.14222	1.14222e+06	
36300	1.13287	30.3504	0	-8.99452e-07	7.04024e-07	0	1.14222	1.14222e+06	
36400	1.11815	30.4513	0	-8.99452e-07	7.04024e-07	0	1.14222	1.14222e+06	
36500	1.11415	30.5392	0	-8.99452e-07	7.04024e-07	0	1.14222	1.14222e+06	
36600	1.08832	30.4992	0	-3.01862e-06	-2.20299e-07	0	3.02665	3.02665e+06	
36700	1.0887	30.4813	0	-3.01862e-06	-2.20299e-07	0	3.02665	3.02665e+06	
36800	1.08911	30.4735	0	-3.01862e-06	-2.20299e-07	0	3.02665	3.02665e+06	
36900	1.08935	30.47	0	-3.01862e-06	-2.20299e-07	0	3.02665	3.02665e+06	
37000	1.08947	30.4683	0	-3.01862e-06	-2.20299e-07	0	3.02665	3.02665e+06	
37100	1.10605	30.6714	0	-3.22e-06	1.98324e-06	0	3.78175	3.78175e+06	
37200	1.12817	30.8722	0	-3.22e-06	1.98324e-06	0	3.78175	3.78175e+06	
37300	1.13021	31.1162	0	-3.22e-06	1.98324e-06	0	3.78175	3.78175e+06	
37400	1.09824	31.4043	0	-3.22e-06	1.98324e-06	0	3.78175	3.78175e+06	
37500	1.09985	31.6312	0	-3.22e-06	1.98324e-06	0	3.78175	3.78175e+06	
37600	1.11927	31.7688	0	-3.22e-06	1.56839e-06	0	3.58166	3.58166e+06	
37700	1.1314	31.9341	0	-3.22e-06	1.56839e-06	0	3.58166	3.58166e+06	
37800	1.12911	32.1345	0	-3.22e-06	1.56839e-06	0	3.58166	3.58166e+06	
37900	1.10287	32.3716	0	-3.22e-06	1.56839e-06	0	3.58166	3.58166e+06	
38000	1.09164	32.5731	0	-3.22e-06	1.56839e-06	0	3.58166	3.58166e+06	
38100	1.09438	32.4077	0	-3.22e-06	-1.45049e-06	0	3.53162	3.53162e+06	
38200	1.11213	32.2895	0	-3.22e-06	-1.45049e-06	0	3.53162	3.53162e+06	
38300	1.12667	32.1526	0	-3.22e-06	-1.45049e-06	0	3.53162	3.53162e+06	
38400	1.13272	31.9864	0	-3.22e-06	-1.45049e-06	0	3.53162	3.53162e+06	
38500	1.12301	31.7863	0	-3.22e-06	-1.45049e-06	0	3.53162	3.53162e+06	
38600	1.11435	31.7172	0	-3.22e-06	-1.94424e-07	0	3.22586	3.22586e+06	
38700	1.10281	31.637	0	-3.22e-06	-1.94424e-07	0	3.22586	3.22586e+06	
38800	1.09104	31.5576	0	-3.22e-06	-1.94424e-07	0	3.22586	3.22586e+06	
38900	1.0871	31.508	0	-3.22e-06	-1.94424e-07	0	3.22586	3.22586e+06	
39000	1.08715	31.4874	0	-3.22e-06	-1.94424e-07	0	3.22586	3.22586e+06	
39100	1.09905	31.4305	0	-2.24271e-06	-6.5914e-07	0	2.33757	2.33757e+06	
39200	1.10502	31.3891	0	-2.24271e-06	-6.5914e-07	0	2.33757	2.33757e+06	
39300	1.11096	31.3507	0	-2.24271e-06	-6.5914e-07	0	2.33757	2.33757e+06	
39400	1.11691	31.3106	0	-2.24271e-06	-6.5914e-07	0	2.33757	2.33757e+06	
39500	1.12283	31.2665	0	-2.24271e-06	-6.5914e-07	0	2.33757	2.33757e+06	
39600	1.10786	31.3289	0	-3.22e-06	8.14288e-08	0	3.22103	3.22103e+06	
39700	1.09721	31.3983	0	-3.22e-06	8.14288e-08	0	3.22103	3.22103e+06	
39800	1.08928	31.4573	0	-3.22e-06	8.14288e-08	0	3.22103	3.22103e+06	
39900	1.08715	31.4893	0	-3.22e-06	8.14288e-08	0	3.22103	3.22103e+06	
40000	1.08699	31.5024	0	-3.22e-06	8.14288e-08	0	3.22103	3.22103e+06	
40100	1.09463	31.42	0	-2.97356e-06	-9.18522e-07	0	3.11219	3.11219e+06	
40200	1.10336	31.3625	0	-2.97356e-06	-9.18522e-07	0	3.11219	3.11219e+06	
40300	1.11206	31.3044	0	-2.97356e-06	-9.18522e-07	0	3.11219	3.11219e+06	
40400	1.12052	31.2379	0	-2.97356e-06	-9.18522e-07	0	3.11219	3.11219e+06	
40500	1.12799	31.1591	0	-2.97356e-06	-9.18522e-07	0	3.11219	3.11219e+06	
40600	1.10057	31.4743	0	-1.97846e-06	2.32958e-06	0	3.05635	3.05635e+06	
40700	1.12318	31.7332	0	-1.97846e-06	2.32958e-06	0	3.05635	3.05635e+06	
40800	1.1423	32.0056	0	-1.97846e-06	2.32958e-06	0	3.05635	3.05635e+06	
40900	1.12359	32.3107	0	-1.97846e-06	2.32958e-06	0	3.05635	3.05635e+06	
41000	1.10429	32.6045	0	-1.97846e-06	2.32958e-06	0	3.05635	3.05635e+06	
41100	1.12225	32.7705	0	-2.7609e-06	1.73847e-06	0	3.26265	3.26265e+06	
41200	1.13523	32.9635	0	-2.7609e-06	1.73847e-06	0	3.26265	3.26265e+06	
41300	1.12844	33.1908	0	-2.7609e-06	1.73847e-06	0	3.26265	3.26265e+06	
41400	1.09525	33.447	0	-2.7609e-06	1.73847e-06	0	3.26265	3.26265e+06	
41500	1.10365	33.6358	0	-2.7609e-06	1.73847e-06	0	3.26265	3.26265e+06	
41600	1.13543	33.8527	0	-2.03653e-06	2.01899e-06	0	2.86771	2.86771e+06	
41700	1.14034	34.0999	0	-2.03653e-06	2.01899e-06	0	2.86771	2.86771e+06	
41800	1.11345	34.3744	0	-2.03653e-06	2.01899e-06	0	2.86771	2.86771e+06	
41900	1.10644	34.6201	0	-2.03653e-06	2.01899e-06	0	2.86771	2.86771e+06	
42000	1.134	34.831	0	-2.03653e-06	2.01899e-06	0	2.86771	2.86771e+06	
42100	1.14236	34.8696	0	-1.82032e-06	2.95291e-06	0	3.4689	3.4689e+06	
42200	1.14236	34.8696	0	-1.82032e-06	2.95291e-06	0	3.4689	3.4689e+06	
42300	1.14236	34.8696	0	-1.82032e-06	2.95291e-06	0	3.4689	3.4689e+06	
42400	1.14236	34.8696	0	-1.82032e-06	2.95291e-06	0	3.4689	3.4689e+06	
42500	1.14236	34.8696	0	-1.82032e-06	2.95291e-06	0	3.4689	3.4689e+06	
42600	1.12646	34.749	0	-2.18622e-06	-5.00899e-07	0	2.24287	2.24287e+06	
42700	1.11343	34.6516	0	-2.18622e-06	-5.00899e-07	0	2.24287	2.24287e+06	
42800	1.09886	34.553	0	-2.18622e-06	-5.00899e-07	0	2.24287	2.24287e+06	
42900	1.09518	34.4825	0	-2.18622e-06	-5.00899e-07	0	2.24287	2.24287e+06	
43000	1.09824	34.4427	0	-2.18622e-06	-5.00899e-07	0	2.24287	2.24287e+06	
43100	1.10331	34.4326	0	-1.8254e-06	-3.01193e-07	0	1.85009	1.85009e+06	
43200	1.1044	34.4244	0	-1.8254e-06	-3.01193e-07	0	1.85009	1.85009e+06	
43300	1.10533	34.4177	0	-1.8254e-06	-3.01193e-07	0	1.85009	1.85009e+06	
43400	1.10614	34.4121	0	-1.8254e-06	-3.01193e-07	0	1.85009	1.85009e+06	
43500	1.10686	34.4072	0	-1.8254e-06	-3.01193e-07	0	1.85009	1.85009e+06	
43600	1.12063	34.2822	0	-2.1729e-06	-1.34091e-06	0	2.55334	2.55334e+06	
43700	1.13494	34.1441	0	-2.1729e-06	-1.34091e-06	0	2.55334	2.55334e+06	
43800	1.14057	33.9863	0	-2.1729e-06	-1.34091e-06	0	2.55334	2.55334e+06	
43900	1.13309	33.8076	0	-2.1729e-06	-1.34091e-06	0	2.55334	2.55334e+06	
44000	1.10837	33.6095	0	-2.1729e-06	-1.34091e-06	0	2.55334	2.55334e+06	
44100	1.12765	33.2291	0	-1.88744e-06	-3.22e-06	0	3.7324	3.7324e+06	
44200	1.13925	32.8345	0	-1.88744e-06	-3.22e-06	0	3.7324	3.7324e+06	
44300	1.10136	32.4216	0	-1.88744e-06	-3.22e-06	0	3.7324	3.7324e+06	
44400	1.1416	32.051	0	-1.88744e-06	-3.22e-06	0	3.7324	3.7324e+06	
44500	1.11912	31.6375	0	-1.88744e-06	-3.22e-06	0	3.7324	3.7324e+06	
44600	1.16683	31.2373	0	4.49996e-08	-3.22e-06	0	3.22031	3.22031e+06	
44700	1.19864	30.8382	0	4.49996e-08	-3.22e-06	0	3.22031	3.22031e+06	
44800	1.20808	30.4378	0	4.49996e-08	-3.22e-06	0	3.22031	3.22031e+06	
44900	1.21747	30.0382	0	4.49996e-08	-3.22e-06	0	3.22031	3.22031e+06	
45000	1.22642	29.638	0	4.49996e-08	-3.22e-06	0	3.22031	3.22031e+06	
45100	1.14217	29.2417	0	-9.12046e-07	-3.22e-06	0	3.34667	3.34667e+06	
45200	1.15535	28.8451	0	-9.12046e-07	-3.22e-06	0	3.34667	3.34667e+06	
45300	1.11805	28.439	0	-9.12046e-07	-3.22e-06	0	3.34667	3.34667e+06	
45400	1.15404	28.0549	0	-9.12046e-07	-3.22e-06	0	3.34667	3.34667e+06	
45500	1.14036	27.6494	0	-9.12046e-07	-3.22e-06	0	3.34667	3.34667e+06	
45600	1.11226	27.2783	0	-3.22e-06	-3.20119e-06	0	4.54048	4.54048e+06	
45700	1.1312	26.9007	0	-3.22e-06	-3.20119e-06	0	4.54048	4.54048e+06	
45800	1.08752	26.47	0	-3.22e-06	-3.20119e-06	0	4.54048	4.54048e+06	
45900	1.12786	26.1248	0	-3.22e-06	-3.20119e-06	0	4.54048	4.54048e+06	
46000	1.11654	25.7154	0	-3.22e-06	-3.20119e-06	0	4.54048	4.54048e+06	
46100	1.12762	25.8536	0	-3.14099e-06	1.4414e-06	0	3.45593	3.45593e+06	
46200	1.13319	26.0203	0	-3.14099e-06	1.4414e-06	0	3.45593	3.45593e+06	
46300	1.12293	26.2199	0	-3.14099e-06	1.4414e-06	0	3.45593	3.45593e+06	
46400	1.09204	26.4474	0	-3.14099e-06	1.4414e-06	0	3.45593	3.45593e+06	
46500	1.09639	26.6026	0	-3.14099e-06	1.4414e-06	0	3.45593	3.45593e+06	
46600	1.08925	26.504	0	-2.89751e-06	-5.34846e-07	0	2.94646	2.94646e+06	
46700	1.09118	26.4558	0	-2.89751e-06	-5.34846e-07	0	2.94646	2.94646e+06	
46800	1.09411	26.4303	0	-2.89751e-06	-5.34846e-07	0	2.94646	2.94646e+06	
46900	1.09652	26.413	0	-2.89751e-06	-5.34846e-07	0	2.94646	2.94646e+06	
47000	1.09856	26.3993	0	-2.89751e-06	-5.34846e-07	0	2.94646	2.94646e+06	
47100	1.16497	26.5065	0	1.54941e-07	8.17153e-07	0	0.831712	831712	
47200	1.19015	26.6075	0	1.54941e-07	8.17153e-07	0	0.831712	831712	
47300	1.21288	26.7086	0	1.54941e-07	8.17153e-07	0	0.831712	831712	
47400	1.23434	26.8098	0	1.54941e-07	8.17153e-07	0	0.831712	831712	
47500	1.2548	26.9113	0	1.54941e-07	8.17153e-07	0	0.831712	831712	
47600	1.24499	26.621	0	-8.38657e-08	-2.33646e-06	0	2.33796	2.33796e+06	
47700	1.2349	26.3307	0	-8.38657e-08	-2.33646e-06	0	2.33796	2.33796e+06	
47800	1.22657	26.0406	0	-8.38657e-08	-2.33646e-06	0	2.33796	2.33796e+06	
47900	1.21972	25.7502	0	-8.38657e-08	-2.33646e-06	0	2.33796	2.33796e+06	
48000	1.21072	25.4598	0	-8.38657e-08	-2.33646e-06	0	2.33796	2.33796e+06	
48100	1.11938	25.6186	0	-1.1329e-06	1.3298e-06	0	1.74695	1.74695e+06	
48200	1.13801	25.762	0	-1.1329e-06	1.3298e-06	0	1.74695	1.74695e+06	
48300	1.15088	25.9155	0	-1.1329e-06	1.3298e-06	0	1.74695	1.74695e+06	
48400	1.15277	26.0803	0	-1.1329e-06	1.3298e-06	0	1.74695	1.74695e+06	
48500	1.14128	26.2554	0	-1.1329e-06	1.3298e-06	0	1.74695	1.74695e+06	
48600	1.12429	26.1852	0	-3.22e-06	-8.79791e-07	0	3.33803	3.33803e+06	
48700	1.12997	26.1038	0	-3.22e-06	-8.79791e-07	0	3.33803	3.33803e+06	
48800	1.13271	26.0051	0	-3.22e-06	-8.79791e-07	0	3.33803	3.33803e+06	
48900	1.13001	25.8862	0	-3.22e-06	-8.79791e-07	0	3.33803	3.33803e+06	
49000	1.11816	25.7439	0	-3.22e-06	-8.79791e-07	0	3.33803	3.33803e+06	
49100	1.12793	25.8332	0	-2.88365e-06	1.01419e-06	0	3.0568	3.0568e+06	
49200	1.13388	25.9394	0	-2.88365e-06	1.01419e-06	0	3.0568	3.0568e+06	
49300	1.13415	26.0654	0	-2.88365e-06	1.01419e-06	0	3.0568	3.0568e+06	
49400	1.12504	26.2136	0	-2.88365e-06	1.01419e-06	0	3.0568	3.0568e+06	
49500	1.1027	26.3842	0	-2.88365e-06	1.01419e-06	0	3.0568	3.0568e+06	
49600	1.12614	26.7652	0	-1.98402e-06	3.22e-06	0	3.78216	3.78216e+06	
49700	1.13856	27.1588	0	-1.98402e-06	3.22e-06	0	3.78216	3.78216e+06	
49800	1.09991	27.5733	0	-1.98402e-06	3.22e-06	0	3.78216	3.78216e+06	
49900	1.14041	27.9421	0	-1.98402e-06	3.22e-06	0	3.78216	3.78216e+06	
50000	1.11878	28.3557	0	-1.98402e-06	3.22e-06	0	3.78216	3.78216e+06	
