0	45	60	0	-1.74339e-06	-7.0584e-07	0	1.88085	1.88085e+06	
100	44.6	59.7558	0	-3.22e-06	-1.96578e-06	0	3.77262	3.77262e+06	
200	44.2	59.5116	0	-3.22e-06	-1.96578e-06	0	3.77262	3.77262e+06	
300	43.8	59.2674	0	-3.22e-06	-1.96578e-06	0	3.77262	3.77262e+06	
400	43.4	59.0232	0	-3.22e-06	-1.96578e-06	0	3.77262	3.77262e+06	
500	43	58.779	0	-3.22e-06	-1.96578e-06	0	3.77262	3.77262e+06	
600	42.6337	58.9053	0	-2.94854e-06	1.0163e-06	0	3.11877	3.11877e+06	
700	42.2674	59.0315	0	-2.94854e-06	1.0163e-06	0	3.11877	3.11877e+06	
800	41.9012	59.1578	0	-2.94854e-06	1.0163e-06	0	3.11877	3.11877e+06	
900	41.5349	59.284	0	-2.94854e-06	1.0163e-06	0	3.11877	3.11877e+06	
1000	41.1686	59.4103	0	-2.94854e-06	1.0163e-06	0	3.11877	3.11877e+06	
1100	40.7686	59.4519	0	-3.22e-06	3.3503e-07	0	3.23738	3.23738e+06	
1200	40.3686	59.4935	0	-3.22e-06	3.3503e-07	0	3.23738	3.23738e+06	
1300	39.9686	59.5351	0	-3.22e-06	3.3503e-07	0	3.23738	3.23738e+06	
1400	39.5686	59.5767	0	-3.22e-06	3.3503e-07	0	3.23738	3.23738e+06	
1500	39.1686	59.6184	0	-3.22e-06	3.3503e-07	0	3.23738	3.23738e+06	
1600	38.7686	60.0184	0	-3.22e-06	3.22e-06	0	4.55377	4.55377e+06	
1700	38.3686	60.4184	0	-3.22e-06	3.22e-06	0	4.55377	4.55377e+06	
1800	37.9686	60.8184	0	-3.22e-06	3.22e-06	0	4.55377	4.55377e+06	
1900	37.5686	61.2184	0	-3.22e-06	3.22e-06	0	4.55377	4.55377e+06	
2000	37.1686	61.6184	0	-3.22e-06	3.22e-06	0	4.55377	4.55377e+06	
2100	36.7686	61.9985	0	-3.22e-06	3.06021e-06	0	4.44222	4.44222e+06	
2200	36.3686	62.3787	0	-3.22e-06	3.06021e-06	0	4.44222	4.44222e+06	
2300	35.9686	62.7588	0	-3.22e-06	3.06021e-06	0	4.44222	4.44222e+06	
2400	35.5686	63.139	0	-3.22e-06	3.06021e-06	0	4.44222	4.44222e+06	
2500	35.1686	63.5191	0	-3.22e-06	3.06021e-06	0	4.44222	4.44222e+06	
2600	34.7686	63.9191	0	-3.22e-06	3.22e-06	0	4.55377	4.55377e+06	
2700	34.3686	64.3191	0	-3.22e-06	3.22e-06	0	4.55377	4.55377e+06	
2800	33.9686	64.7191	0	-3.22e-06	3.22e-06	0	4.55377	4.55377e+06	
2900	33.5686	65.1191	0	-3.22e-06	3.22e-06	0	4.55377	4.55377e+06	
3000	33.169	65.5191	0	-3.22e-06	3.22e-06	0	4.55377	4.55377e+06	
3100	33.1381	65.8662	0	-1.97536e-06	3.22e-06	0	3.77763	3.77763e+06	
3200	33.1408	65.8713	0	-1.97536e-06	3.22e-06	0	3.77763	3.77763e+06	
3300	33.1408	65.8713	0	-1.97536e-06	3.22e-06	0	3.77763	3.77763e+06	
3400	33.1408	65.8713	0	-1.97536e-06	3.22e-06	0	3.77763	3.77763e+06	
3500	33.1408	65.8713	0	-1.97536e-06	3.22e-06	0	3.77763	3.77763e+06	
3600	33.1408	65.8178	0	-1.48114e-06	2.31138e-07	0	1.49906	1.49906e+06	
3700	33.1399	65.8094	0	-1.48114e-06	2.31138e-07	0	1.49906	1.49906e+06	
3800	33.1395	65.8057	0	-1.48114e-06	2.31138e-07	0	1.49906	1.49906e+06	
3900	33.1393	65.8038	0	-1.48114e-06	2.31138e-07	0	1.49906	1.49906e+06	
4000	33.1392	65.8027	0	-1.48114e-06	2.31138e-07	0	1.49906	1.49906e+06	
4100	33.1357	65.7738	0	-1.54364e-06	-3.0633e-08	0	1.54395	1.54395e+06	
4200	33.1328	65.7473	0	-1.54364e-06	-3.0633e-08	0	1.54395	1.54395e+06	
4300	33.1294	65.72	0	-1.54364e-06	-3.0633e-08	0	1.54395	1.54395e+06	
4400	33.1256	65.6909	0	-1.54364e-06	-3.0633e-08	0	1.54395	1.54395e+06	
4500	33.1211	65.66	0	-1.54364e-06	-3.0633e-08	0	1.54395	1.54395e+06	
4600	33.1343	65.8451	0	-2.19103e-06	1.85824e-06	0	2.87292	2.87292e+06	
4700	33.1368	65.8591	0	-2.19103e-06	1.85824e-06	0	2.87292	2.87292e+06	
4800	33.1368	65.8591	0	-2.19103e-06	1.85824e-06	0	2.87292	2.87292e+06	
4900	33.1368	65.8591	0	-2.19103e-06	1.85824e-06	0	2.87292	2.87292e+06	
5000	33.1368	65.8591	0	-2.19103e-06	1.85824e-06	0	2.87292	2.87292e+06	
5100	33.1259	65.8281	0	-3.22e-06	5.94604e-07	0	3.27444	3.27444e+06	
5200	33.1257	65.8259	0	-3.22e-06	5.94604e-07	0	3.27444	3.27444e+06	
5300	33.1257	65.8256	0	-3.22e-06	5.94604e-07	0	3.27444	3.27444e+06	
5400	33.1257	65.8255	0	-3.22e-06	5.94604e-07	0	3.27444	3.27444e+06	
5500	33.1257	65.8255	0	-3.22e-06	5.94604e-07	0	3.27444	3.27444e+06	
5600	33.1612	65.7212	0	-3.50575e-07	-7.25756e-07	0	0.805993	805993	
5700	33.1522	65.6262	0	-3.50575e-07	-7.25756e-07	0	0.805993	805993	
5800	33.1397	65.5322	0	-3.50575e-07	-7.25756e-07	0	0.805993	805993	
5900	33.1347	65.4432	0	-3.50575e-07	-7.25756e-07	0	0.805993	805993	
6000	33.1429	65.3602	0	-3.50575e-07	-7.25756e-07	0	0.805993	805993	
6100	33.1381	65.0054	0	-2.41735e-06	-3.04722e-06	0	3.88962	3.88962e+06	
6200	33.1078	64.6049	0	-2.41735e-06	-3.04722e-06	0	3.88962	3.88962e+06	
6300	33.1209	64.2513	0	-2.41735e-06	-3.04722e-06	0	3.88962	3.88962e+06	
6400	33.1365	63.8846	0	-2.41735e-06	-3.04722e-06	0	3.88962	3.88962e+06	
6500	33.0798	63.4708	0	-2.41735e-06	-3.04722e-06	0	3.88962	3.88962e+06	
6600	33.0742	63.3726	0	-7.66919e-07	-5.92242e-07	0	0.968976	968976	
6700	33.0447	63.2775	0	-7.66919e-07	-5.92242e-07	0	0.968976	968976	
6800	33.0096	63.1811	0	-7.66919e-07	-5.92242e-07	0	0.968976	968976	
6900	32.9689	63.0838	0	-7.66919e-07	-5.92242e-07	0	0.968976	968976	
7000	32.9226	62.986	0	-7.66919e-07	-5.92242e-07	0	0.968976	968976	
7100	33.0421	63.0051	0	8.94944e-07	1.88829e-07	0	0.914648	914648	
7200	33.1533	63.0286	0	8.94944e-07	1.88829e-07	0	0.914648	914648	
7300	33.2645	63.052	0	8.94944e-07	1.88829e-07	0	0.914648	914648	
7400	33.3757	63.0755	0	8.94944e-07	1.88829e-07	0	0.914648	914648	
7500	33.4868	63.0989	0	8.94944e-07	1.88829e-07	0	0.914648	914648	
7600	33.5046	62.8527	0	1.42537e-07	-1.98194e-06	0	1.98706	1.98706e+06	
7700	33.5223	62.6065	0	1.42537e-07	-1.98194e-06	0	1.98706	1.98706e+06	
7800	33.54	62.3603	0	1.42537e-07	-1.98194e-06	0	1.98706	1.98706e+06	
7900	33.5577	62.1141	0	1.42537e-07	-1.98194e-06	0	1.98706	1.98706e+06	
8000	33.5754	61.8679	0	1.42537e-07	-1.98194e-06	0	1.98706	1.98706e+06	
8100	33.1754	61.586	0	-3.22e-06	-2.26954e-06	0	3.93944	3.93944e+06	
8200	32.7754	61.304	0	-3.22e-06	-2.26954e-06	0	3.93944	3.93944e+06	
8300	32.3754	61.0221	0	-3.22e-06	-2.26954e-06	0	3.93944	3.93944e+06	
8400	31.9754	60.7402	0	-3.22e-06	-2.26954e-06	0	3.93944	3.93944e+06	
8500	31.5754	60.4583	0	-3.22e-06	-2.26954e-06	0	3.93944	3.93944e+06	
8600	31.7182	60.4953	0	1.14979e-06	2.97935e-07	0	1.18776	1.18776e+06	
8700	31.861	60.5323	0	1.14979e-06	2.97935e-07	0	1.18776	1.18776e+06	
8800	32.0039	60.5693	0	1.14979e-06	2.97935e-07	0	1.18776	1.18776e+06	
8900	32.1467	60.6063	0	1.14979e-06	2.97935e-07	0	1.18776	1.18776e+06	
9000	32.2895	60.6433	0	1.14979e-06	2.97935e-07	0	1.18776	1.18776e+06	
9100	32.6895	60.6473	0	3.22e-06	3.23297e-08	0	3.22016	3.22016e+06	
9200	33.0895	60.6513	0	3.22e-06	3.23297e-08	0	3.22016	3.22016e+06	
9300	33.4895	60.6554	0	3.22e-06	3.23297e-08	0	3.22016	3.22016e+06	
9400	33.8895	60.6594	0	3.22e-06	3.23297e-08	0	3.22016	3.22016e+06	
9500	34.2895	60.6634	0	3.22e-06	3.23297e-08	0	3.22016	3.22016e+06	
9600	34.6895	60.2802	0	3.22e-06	-3.08429e-06	0	4.45884	4.45884e+06	
9700	35.0895	59.8971	0	3.22e-06	-3.08429e-06	0	4.45884	4.45884e+06	
9800	35.4895	59.514	0	3.22e-06	-3.08429e-06	0	4.45884	4.45884e+06	
9900	35.8895	59.1308	0	3.22e-06	-3.08429e-06	0	4.45884	4.45884e+06	
10000	36.2895	58.7477	0	3.22e-06	-3.08429e-06	0	4.45884	4.45884e+06	
10100	36.6895	58.6154	0	3.22e-06	-1.06472e-06	0	3.39146	3.39146e+06	
10200	37.0895	58.4832	0	3.22e-06	-1.06472e-06	0	3.39146	3.39146e+06	
10300	37.4895	58.3509	0	3.22e-06	-1.06472e-06	0	3.39146	3.39146e+06	
10400	37.8895	58.2186	0	3.22e-06	-1.06472e-06	0	3.39146	3.39146e+06	
10500	38.2895	58.0864	0	3.22e-06	-1.06472e-06	0	3.39146	3.39146e+06	
10600	38.6895	58.0175	0	3.22e-06	-5.54073e-07	0	3.26732	3.26732e+06	
10700	39.0895	57.9487	0	3.22e-06	-5.54073e-07	0	3.26732	3.26732e+06	
10800	39.4895	57.8799	0	3.22e-06	-5.54073e-07	0	3.26732	3.26732e+06	
10900	39.8895	57.811	0	3.22e-06	-5.54073e-07	0	3.26732	3.26732e+06	
11000	40.2895	57.7422	0	3.22e-06	-5.54073e-07	0	3.26732	3.26732e+06	
11100	40.5974	57.7548	0	2.47798e-06	1.0118e-07	0	2.48004	2.48004e+06	
11200	40.9052	57.7674	0	2.47798e-06	1.0118e-07	0	2.48004	2.48004e+06	
11300	41.213	57.7799	0	2.47798e-06	1.0118e-07	0	2.48004	2.48004e+06	
11400	41.5208	57.7925	0	2.47798e-06	1.0118e-07	0	2.48004	2.48004e+06	
11500	41.8287	57.8051	0	2.47798e-06	1.0118e-07	0	2.48004	2.48004e+06	
11600	41.9032	57.8606	0	5.99793e-07	4.46884e-07	0	0.747969	747969	
11700	41.9777	57.9161	0	5.99793e-07	4.46884e-07	0	0.747969	747969	
11800	42.0522	57.9716	0	5.99793e-07	4.46884e-07	0	0.747969	747969	
11900	42.1267	58.0271	0	5.99793e-07	4.46884e-07	0	0.747969	747969	
12000	42.2012	58.0826	0	5.99793e-07	4.46884e-07	0	0.747969	747969	
12100	42.2932	57.9039	0	7.40565e-07	-1.43851e-06	0	1.61795	1.61795e+06	
12200	42.3852	57.7252	0	7.40565e-07	-1.43851e-06	0	1.61795	1.61795e+06	
12300	42.4772	57.5465	0	7.40565e-07	-1.43851e-06	0	1.61795	1.61795e+06	
12400	42.5692	57.3678	0	7.40565e-07	-1.43851e-06	0	1.61795	1.61795e+06	
12500	42.6612	57.1891	0	7.40565e-07	-1.43851e-06	0	1.61795	1.61795e+06	
12600	43.0612	56.7891	0	3.22e-06	-3.22e-06	0	4.55377	4.55377e+06	
12700	43.4612	56.3891	0	3.22e-06	-3.22e-06	0	4.55377	4.55377e+06	
12800	43.8612	55.9891	0	3.22e-06	-3.22e-06	0	4.55377	4.55377e+06	
12900	44.2612	55.5891	0	3.22e-06	-3.22e-06	0	4.55377	4.55377e+06	
13000	44.6612	55.1891	0	3.22e-06	-3.22e-06	0	4.55377	4.55377e+06	
13100	44.9664	54.8296	0	2.45682e-06	-2.8941e-06	0	3.79628	3.79628e+06	
13200	45.2716	54.4701	0	2.45682e-06	-2.8941e-06	0	3.79628	3.79628e+06	
13300	45.5768	54.1106	0	2.45682e-06	-2.8941e-06	0	3.79628	3.79628e+06	
13400	45.8819	53.7511	0	2.45682e-06	-2.8941e-06	0	3.79628	3.79628e+06	
13500	46.1871	53.3916	0	2.45682e-06	-2.8941e-06	0	3.79628	3.79628e+06	
13600	46.0981	53.4221	0	-7.16699e-07	2.45612e-07	0	0.757617	757617	
13700	46.0091	53.4526	0	-7.16699e-07	2.45612e-07	0	0.757617	757617	
13800	45.9201	53.4831	0	-7.16699e-07	2.45612e-07	0	0.757617	757617	
13900	45.831	53.5136	0	-7.16699e-07	2.45612e-07	0	0.757617	757617	
14000	45.742	53.5441	0	-7.16699e-07	2.45612e-07	0	0.757617	757617	
14100	45.7071	53.7634	0	-2.80512e-07	1.76476e-06	0	1.78692	1.78692e+06	
14200	45.6723	53.9826	0	-2.80512e-07	1.76476e-06	0	1.78692	1.78692e+06	
14300	45.6374	54.2018	0	-2.80512e-07	1.76476e-06	0	1.78692	1.78692e+06	
14400	45.6026	54.421	0	-2.80512e-07	1.76476e-06	0	1.78692	1.78692e+06	
14500	45.5678	54.6403	0	-2.80512e-07	1.76476e-06	0	1.78692	1.78692e+06	
14600	45.5284	54.5525	0	-3.16627e-07	-7.0645e-07	0	0.774161	774161	
14700	45.4891	54.4647	0	-3.16627e-07	-7.0645e-07	0	0.774161	774161	
14800	45.4498	54.377	0	-3.16627e-07	-7.0645e-07	0	0.774161	774161	
14900	45.4104	54.2892	0	-3.16627e-07	-7.0645e-07	0	0.774161	774161	
15000	45.3711	54.2015	0	-3.16627e-07	-7.0645e-07	0	0.774161	774161	
15100	45.1436	54.3549	0	-1.83123e-06	1.23509e-06	0	2.20881	2.20881e+06	
15200	44.9161	54.5083	0	-1.83123e-06	1.23509e-06	0	2.20881	2.20881e+06	
15300	44.6886	54.6617	0	-1.83123e-06	1.23509e-06	0	2.20881	2.20881e+06	
15400	44.4612	54.8152	0	-1.83123e-06	1.23509e-06	0	2.20881	2.20881e+06	
15500	44.2337	54.9686	0	-1.83123e-06	1.23509e-06	0	2.20881	2.20881e+06	
15600	44.2884	54.993	0	4.40212e-07	1.96122e-07	0	0.481924	481924	
15700	44.3431	55.0173	0	4.40212e-07	1.96122e-07	0	0.481924	481924	
15800	44.3977	55.0417	0	4.40212e-07	1.96122e-07	0	0.481924	481924	
15900	44.4524	55.0661	0	4.40212e-07	1.96122e-07	0	0.481924	481924	
16000	44.5071	55.0904	0	4.40212e-07	1.96122e-07	0	0.481924	481924	
16100	44.2221	55.267	0	-2.29439e-06	1.42109e-06	0	2.69883	2.69883e+06	
16200	43.9371	55.4435	0	-2.29439e-06	1.42109e-06	0	2.69883	2.69883e+06	
16300	43.6521	55.62	0	-2.29439e-06	1.42109e-06	0	2.69883	2.69883e+06	
16400	43.367	55.7965	0	-2.29439e-06	1.42109e-06	0	2.69883	2.69883e+06	
16500	43.082	55.9731	0	-2.29439e-06	1.42109e-06	0	2.69883	2.69883e+06	
16600	42.9708	55.9481	0	-8.95709e-07	-2.00716e-07	0	0.917922	917922	
16700	42.8595	55.9232	0	-8.95709e-07	-2.00716e-07	0	0.917922	917922	
16800	42.7482	55.8983	0	-8.95709e-07	-2.00716e-07	0	0.917922	917922	
16900	42.637	55.8733	0	-8.95709e-07	-2.00716e-07	0	0.917922	917922	
17000	42.5257	55.8484	0	-8.95709e-07	-2.00716e-07	0	0.917922	917922	
17100	42.7103	55.752	0	1.48594e-06	-7.76337e-07	0	1.67652	1.67652e+06	
17200	42.8949	55.6555	0	1.48594e-06	-7.76337e-07	0	1.67652	1.67652e+06	
17300	43.0794	55.5591	0	1.48594e-06	-7.76337e-07	0	1.67652	1.67652e+06	
17400	43.264	55.4627	0	1.48594e-06	-7.76337e-07	0	1.67652	1.67652e+06	
17500	43.4486	55.3662	0	1.48594e-06	-7.76337e-07	0	1.67652	1.67652e+06	
17600	43.5136	55.3715	0	5.22957e-07	4.27305e-08	0	0.5247	524700	
17700	43.5786	55.3768	0	5.22957e-07	4.27305e-08	0	0.5247	524700	
17800	43.6435	55.3821	0	5.22957e-07	4.27305e-08	0	0.5247	524700	
17900	43.7085	55.3874	0	5.22957e-07	4.27305e-08	0	0.5247	524700	
18000	43.7734	55.3928	0	5.22957e-07	4.27305e-08	0	0.5247	524700	
18100	43.4781	55.3409	0	-2.37738e-06	-4.17187e-07	0	2.41371	2.41371e+06	
18200	43.1828	55.2891	0	-2.37738e-06	-4.17187e-07	0	2.41371	2.41371e+06	
18300	42.8875	55.2373	0	-2.37738e-06	-4.17187e-07	0	2.41371	2.41371e+06	
18400	42.5921	55.1855	0	-2.37738e-06	-4.17187e-07	0	2.41371	2.41371e+06	
18500	42.2968	55.1336	0	-2.37738e-06	-4.17187e-07	0	2.41371	2.41371e+06	
18600	42.0956	54.745	0	-1.62009e-06	-3.12839e-06	0	3.523	3.523e+06	
18700	41.8943	54.3564	0	-1.62009e-06	-3.12839e-06	0	3.523	3.523e+06	
18800	41.693	53.9678	0	-1.62009e-06	-3.12839e-06	0	3.523	3.523e+06	
18900	41.4918	53.5792	0	-1.62009e-06	-3.12839e-06	0	3.523	3.523e+06	
19000	41.2905	53.1905	0	-1.62009e-06	-3.12839e-06	0	3.523	3.523e+06	
19100	40.8905	52.8106	0	-3.22e-06	-3.05875e-06	0	4.44121	4.44121e+06	
19200	40.4905	52.4306	0	-3.22e-06	-3.05875e-06	0	4.44121	4.44121e+06	
19300	40.0905	52.0506	0	-3.22e-06	-3.05875e-06	0	4.44121	4.44121e+06	
19400	39.6905	51.6707	0	-3.22e-06	-3.05875e-06	0	4.44121	4.44121e+06	
19500	39.2905	51.2907	0	-3.22e-06	-3.05875e-06	0	4.44121	4.44121e+06	
19600	39.0582	51.2327	0	-1.87061e-06	-4.66606e-07	0	1.92792	1.92792e+06	
19700	38.8258	51.1748	0	-1.87061e-06	-4.66606e-07	0	1.92792	1.92792e+06	
19800	38.5934	51.1168	0	-1.87061e-06	-4.66606e-07	0	1.92792	1.92792e+06	
19900	38.361	51.0588	0	-1.87061e-06	-4.66606e-07	0	1.92792	1.92792e+06	
20000	38.1287	51.0009	0	-1.87061e-06	-4.66606e-07	0	1.92792	1.92792e+06	
20100	38.1975	51.3264	0	5.53936e-07	2.62015e-06	0	2.67807	2.67807e+06	
20200	38.2663	51.6518	0	5.53936e-07	2.62015e-06	0	2.67807	2.67807e+06	
20300	38.3351	51.9773	0	5.53936e-07	2.62015e-06	0	2.67807	2.67807e+06	
20400	38.4039	52.3028	0	5.53936e-07	2.62015e-06	0	2.67807	2.67807e+06	
20500	38.4727	52.6283	0	5.53936e-07	2.62015e-06	0	2.67807	2.67807e+06	
20600	38.2129	53.0113	0	-2.0915e-06	3.08332e-06	0	3.72576	3.72576e+06	
20700	37.9531	53.3943	0	-2.0915e-06	3.08332e-06	0	3.72576	3.72576e+06	
20800	37.6933	53.7774	0	-2.0915e-06	3.08332e-06	0	3.72576	3.72576e+06	
20900	37.4335	54.1604	0	-2.0915e-06	3.08332e-06	0	3.72576	3.72576e+06	
21000	37.1737	54.5434	0	-2.0915e-06	3.08332e-06	0	3.72576	3.72576e+06	
21100	37.0621	54.4858	0	-8.98119e-07	-4.63373e-07	0	1.01061	1.01061e+06	
21200	36.9505	54.4283	0	-8.98119e-07	-4.63373e-07	0	1.01061	1.01061e+06	
21300	36.839	54.3707	0	-8.98119e-07	-4.63373e-07	0	1.01061	1.01061e+06	
21400	36.7274	54.3132	0	-8.98119e-07	-4.63373e-07	0	1.01061	1.01061e+06	
21500	36.6158	54.2556	0	-8.98119e-07	-4.63373e-07	0	1.01061	1.01061e+06	
21600	36.8292	54.6556	0	1.71796e-06	3.22e-06	0	3.64963	3.64963e+06	
21700	37.0426	55.0556	0	1.71796e-06	3.22e-06	0	3.64963	3.64963e+06	
21800	37.2561	55.4556	0	1.71796e-06	3.22e-06	0	3.64963	3.64963e+06	
21900	37.4695	55.8556	0	1.71796e-06	3.22e-06	0	3.64963	3.64963e+06	
22000	37.6829	56.2556	0	1.71796e-06	3.22e-06	0	3.64963	3.64963e+06	
22100	37.7475	56.4409	0	5.20308e-07	1.49135e-06	0	1.57951	1.57951e+06	
22200	37.8122	56.6261	0	5.20308e-07	1.49135e-06	0	1.57951	1.57951e+06	
22300	37.8768	56.8114	0	5.20308e-07	1.49135e-06	0	1.57951	1.57951e+06	
22400	37.9414	56.9966	0	5.20308e-07	1.49135e-06	0	1.57951	1.57951e+06	
22500	38.0061	57.1819	0	5.20308e-07	1.49135e-06	0	1.57951	1.57951e+06	
22600	38.1087	57.1852	0	8.26273e-07	2.64688e-08	0	0.826697	826697	
22700	38.2113	57.1885	0	8.26273e-07	2.64688e-08	0	0.826697	826697	
22800	38.314	57.1918	0	8.26273e-07	2.64688e-08	0	0.826697	826697	
22900	38.4166	57.195	0	8.26273e-07	2.64688e-08	0	0.826697	826697	
23000	38.5193	57.1983	0	8.26273e-07	2.64688e-08	0	0.826697	826697	
23100	38.1202	57.0115	0	-3.21241e-06	-1.50381e-06	0	3.54698	3.54698e+06	
23200	37.7212	56.8247	0	-3.21241e-06	-1.50381e-06	0	3.54698	3.54698e+06	
23300	37.3221	56.6379	0	-3.21241e-06	-1.50381e-06	0	3.54698	3.54698e+06	
23400	36.923	56.4511	0	-3.21241e-06	-1.50381e-06	0	3.54698	3.54698e+06	
23500	36.524	56.2643	0	-3.21241e-06	-1.50381e-06	0	3.54698	3.54698e+06	
23600	36.3558	56.3642	0	-1.35346e-06	8.0444e-07	0	1.57448	1.57448e+06	
23700	36.1877	56.4642	0	-1.35346e-06	8.0444e-07	0	1.57448	1.57448e+06	
23800	36.0196	56.5641	0	-1.35346e-06	8.0444e-07	0	1.57448	1.57448e+06	
23900	35.8515	56.664	0	-1.35346e-06	8.0444e-07	0	1.57448	1.57448e+06	
24000	35.6833	56.7639	0	-1.35346e-06	8.0444e-07	0	1.57448	1.57448e+06	
24100	35.7316	56.9676	0	3.88666e-07	1.63977e-06	0	1.6852	1.6852e+06	
24200	35.7799	57.1713	0	3.88666e-07	1.63977e-06	0	1.6852	1.6852e+06	
24300	35.8282	57.375	0	3.88666e-07	1.63977e-06	0	1.6852	1.6852e+06	
24400	35.8764	57.5787	0	3.88666e-07	1.63977e-06	0	1.6852	1.6852e+06	
24500	35.9247	57.7824	0	3.88666e-07	1.63977e-06	0	1.6852	1.6852e+06	
24600	35.9075	58.1824	0	-1.38337e-07	3.22e-06	0	3.22297	3.22297e+06	
24700	35.8904	58.5824	0	-1.38337e-07	3.22e-06	0	3.22297	3.22297e+06	
24800	35.8732	58.9824	0	-1.38337e-07	3.22e-06	0	3.22297	3.22297e+06	
24900	35.856	59.3824	0	-1.38337e-07	3.22e-06	0	3.22297	3.22297e+06	
25000	35.8388	59.7824	0	-1.38337e-07	3.22e-06	0	3.22297	3.22297e+06	
25100	35.9509	60.0746	0	9.02621e-07	2.35195e-06	0	2.5192	2.5192e+06	
25200	36.0631	60.3668	0	9.02621e-07	2.35195e-06	0	2.5192	2.5192e+06	
25300	36.1752	60.6589	0	9.02621e-07	2.35195e-06	0	2.5192	2.5192e+06	
25400	36.2873	60.9511	0	9.02621e-07	2.35195e-06	0	2.5192	2.5192e+06	
25500	36.3994	61.2433	0	9.02621e-07	2.35195e-06	0	2.5192	2.5192e+06	
25600	36.4698	61.6433	0	5.66345e-07	3.22e-06	0	3.26943	3.26943e+06	
25700	36.5401	62.0433	0	5.66345e-07	3.22e-06	0	3.26943	3.26943e+06	
25800	36.6105	62.4433	0	5.66345e-07	3.22e-06	0	3.26943	3.26943e+06	
25900	36.6809	62.8433	0	5.66345e-07	3.22e-06	0	3.26943	3.26943e+06	
26000	36.7512	63.2433	0	5.66345e-07	3.22e-06	0	3.26943	3.26943e+06	
26100	36.6212	63.3788	0	-1.04687e-06	1.09072e-06	0	1.51182	1.51182e+06	
26200	36.4911	63.5143	0	-1.04687e-06	1.09072e-06	0	1.51182	1.51182e+06	
26300	36.3611	63.6498	0	-1.04687e-06	1.09072e-06	0	1.51182	1.51182e+06	
26400	36.231	63.7852	0	-1.04687e-06	1.09072e-06	0	1.51182	1.51182e+06	
26500	36.101	63.9207	0	-1.04687e-06	1.09072e-06	0	1.51182	1.51182e+06	
26600	35.7608	63.6774	0	-2.73821e-06	-1.95902e-06	0	3.36683	3.36683e+06	
26700	35.4207	63.434	0	-2.73821e-06	-1.95902e-06	0	3.36683	3.36683e+06	
26800	35.0805	63.1907	0	-2.73821e-06	-1.95902e-06	0	3.36683	3.36683e+06	
26900	34.7404	62.9473	0	-2.73821e-06	-1.95902e-06	0	3.36683	3.36683e+06	
27000	34.4002	62.704	0	-2.73821e-06	-1.95902e-06	0	3.36683	3.36683e+06	
27100	34.0002	62.3551	0	-3.22e-06	-2.80859e-06	0	4.27277	4.27277e+06	
27200	33.6002	62.0062	0	-3.22e-06	-2.80859e-06	0	4.27277	4.27277e+06	
27300	33.2002	61.6573	0	-3.22e-06	-2.80859e-06	0	4.27277	4.27277e+06	
27400	32.8002	61.3084	0	-3.22e-06	-2.80859e-06	0	4.27277	4.27277e+06	
27500	32.4002	60.9595	0	-3.22e-06	-2.80859e-06	0	4.27277	4.27277e+06	
27600	32.0002	60.8598	0	-3.22e-06	-8.02674e-07	0	3.31854	3.31854e+06	
27700	31.6002	60.7601	0	-3.22e-06	-8.02674e-07	0	3.31854	3.31854e+06	
27800	31.2002	60.6604	0	-3.22e-06	-8.02674e-07	0	3.31854	3.31854e+06	
27900	30.8002	60.5606	0	-3.22e-06	-8.02674e-07	0	3.31854	3.31854e+06	
28000	30.4002	60.4609	0	-3.22e-06	-8.02674e-07	0	3.31854	3.31854e+06	
28100	30.0002	60.2604	0	-3.22e-06	-1.61419e-06	0	3.60194	3.60194e+06	
28200	29.6002	60.0599	0	-3.22e-06	-1.61419e-06	0	3.60194	3.60194e+06	
28300	29.2002	59.8594	0	-3.22e-06	-1.61419e-06	0	3.60194	3.60194e+06	
28400	28.8002	59.6589	0	-3.22e-06	-1.61419e-06	0	3.60194	3.60194e+06	
28500	28.4002	59.4583	0	-3.22e-06	-1.61419e-06	0	3.60194	3.60194e+06	
28600	28.0996	59.2446	0	-2.41993e-06	-1.72045e-06	0	2.96917	2.96917e+06	
28700	27.799	59.0309	0	-2.41993e-06	-1.72045e-06	0	2.96917	2.96917e+06	
28800	27.4984	58.8172	0	-2.41993e-06	-1.72045e-06	0	2.96917	2.96917e+06	
28900	27.1978	58.6035	0	-2.41993e-06	-1.72045e-06	0	2.96917	2.96917e+06	
29000	26.8972	58.3897	0	-2.41993e-06	-1.72045e-06	0	2.96917	2.96917e+06	
29100	26.4972	58.0626	0	-3.22e-06	-2.63342e-06	0	4.15972	4.15972e+06	
29200	26.0972	57.7355	0	-3.22e-06	-2.63342e-06	0	4.15972	4.15972e+06	
29300	25.6972	57.4083	0	-3.22e-06	-2.63342e-06	0	4.15972	4.15972e+06	
29400	25.2972	57.0812	0	-3.22e-06	-2.63342e-06	0	4.15972	4.15972e+06	
29500	24.8972	56.7541	0	-3.22e-06	-2.63342e-06	0	4.15972	4.15972e+06	
29600	24.6162	56.3541	0	-2.26147e-06	-3.22e-06	0	3.9348	3.9348e+06	
29700	24.3353	55.9541	0	-2.26147e-06	-3.22e-06	0	3.9348	3.9348e+06	
29800	24.0544	55.5541	0	-2.26147e-06	-3.22e-06	0	3.9348	3.9348e+06	
29900	23.7735	55.1541	0	-2.26147e-06	-3.22e-06	0	3.9348	3.9348e+06	
30000	23.4925	54.7541	0	-2.26147e-06	-3.22e-06	0	3.9348	3.9348e+06	
30100	23.0925	54.3541	0	-3.22e-06	-3.22e-06	0	4.55377	4.55377e+06	
30200	22.6925	53.9541	0	-3.22e-06	-3.22e-06	0	4.55377	4.55377e+06	
30300	22.2925	53.5541	0	-3.22e-06	-3.22e-06	0	4.55377	4.55377e+06	
30400	21.8925	53.1541	0	-3.22e-06	-3.22e-06	0	4.55377	4.55377e+06	
30500	21.4925	52.7541	0	-3.22e-06	-3.22e-06	0	4.55377	4.55377e+06	
30600	21.0925	52.3541	0	-3.22e-06	-3.22e-06	0	4.55377	4.55377e+06	
30700	20.6925	51.9541	0	-3.22e-06	-3.22e-06	0	4.55377	4.55377e+06	
30800	20.2925	51.5541	0	-3.22e-06	-3.22e-06	0	4.55377	4.55377e+06	
30900	19.8925	51.1541	0	-3.22e-06	-3.22e-06	0	4.55377	4.55377e+06	
31000	19.4925	50.7541	0	-3.22e-06	-3.22e-06	0	4.55377	4.55377e+06	
31100	19.4001	50.3541	0	-7.44003e-07	-3.22e-06	0	3.30484	3.30484e+06	
31200	19.3077	49.9541	0	-7.44003e-07	-3.22e-06	0	3.30484	3.30484e+06	
31300	19.2153	49.5541	0	-7.44003e-07	-3.22e-06	0	3.30484	3.30484e+06	
31400	19.1231	49.1587	0	-7.44003e-07	-3.22e-06	0	3.30484	3.30484e+06	
31500	19.0451	49.1322	0	-7.44003e-07	-3.22e-06	0	3.30484	3.30484e+06	
31600	19.1062	49.1302	0	3.80028e-07	-3.22e-06	0	3.24235	3.24235e+06	
31700	19.1796	49.1254	0	3.80028e-07	-3.22e-06	0	3.24235	3.24235e+06	
31800	19.2673	49.1165	0	3.80028e-07	-3.22e-06	0	3.24235	3.24235e+06	
31900	19.3692	49.102	0	3.80028e-07	-3.22e-06	0	3.24235	3.24235e+06	
32000	19.4661	49.0887	0	3.80028e-07	-3.22e-06	0	3.24235	3.24235e+06	
32100	19.6661	49.1053	0	1.9484e-06	-3.22e-06	0	3.7636	3.7636e+06	
32200	19.861	49.1274	0	1.9484e-06	-3.22e-06	0	3.7636	3.7636e+06	
32300	20.098	49.131	0	1.9484e-06	-3.22e-06	0	3.7636	3.7636e+06	
32400	20.3792	49.1021	0	1.9484e-06	-3.22e-06	0	3.7636	3.7636e+06	
32500	20.6127	49.097	0	1.9484e-06	-3.22e-06	0	3.7636	3.7636e+06	
32600	20.9101	49.1322	0	2.74475e-06	-2.87313e-06	0	3.97348	3.97348e+06	
32700	21.2632	49.1212	0	2.74475e-06	-2.87313e-06	0	3.97348	3.97348e+06	
32800	21.6129	49.0984	0	2.74475e-06	-2.87313e-06	0	3.97348	3.97348e+06	
32900	21.9106	49.1323	0	2.74475e-06	-2.87313e-06	0	3.97348	3.97348e+06	
33000	22.2638	49.1212	0	2.74475e-06	-2.87313e-06	0	3.97348	3.97348e+06	
33100	22.6014	49.1093	0	2.66042e-06	-1.43455e-06	0	3.02254	3.02254e+06	
33200	22.9079	49.145	0	2.66042e-06	-1.43455e-06	0	3.02254	3.02254e+06	
33300	23.2435	49.139	0	2.66042e-06	-1.43455e-06	0	3.02254	3.02254e+06	
33400	23.5821	49.1073	0	2.66042e-06	-1.43455e-06	0	3.02254	3.02254e+06	
33500	23.8873	49.1437	0	2.66042e-06	-1.43455e-06	0	3.02254	3.02254e+06	
33600	24.3023	49.1144	0	3.22e-06	-3.22e-06	0	4.55377	4.55377e+06	
33700	24.6909	49.1079	0	3.22e-06	-3.22e-06	0	4.55377	4.55377e+06	
33800	25.0642	49.1322	0	3.22e-06	-3.22e-06	0	4.55377	4.55377e+06	
33900	25.4992	49.088	0	3.22e-06	-3.22e-06	0	4.55377	4.55377e+06	
34000	25.8481	49.1259	0	3.22e-06	-3.22e-06	0	4.55377	4.55377e+06	
34100	26.247	49.1208	0	3.16137e-06	-3.22e-06	0	4.5125	4.5125e+06	
34200	26.6433	49.1007	0	3.16137e-06	-3.22e-06	0	4.5125	4.5125e+06	
34300	26.9982	49.1326	0	3.16137e-06	-3.22e-06	0	4.5125	4.5125e+06	
34400	27.4243	49.0947	0	3.16137e-06	-3.22e-06	0	4.5125	4.5125e+06	
34500	27.8969	48.9492	0	3.16137e-06	-3.22e-06	0	4.5125	4.5125e+06	
34600	28.2952	48.7187	0	2.40899e-06	-3.22e-06	0	4.02139	4.02139e+06	
34700	28.6643	48.3952	0	2.40899e-06	-3.22e-06	0	4.02139	4.02139e+06	
34800	28.9836	48.0096	0	2.40899e-06	-3.22e-06	0	4.02139	4.02139e+06	
34900	29.2835	47.6099	0	2.40899e-06	-3.22e-06	0	4.02139	4.02139e+06	
35000	29.5827	47.2099	0	2.40899e-06	-3.22e-06	0	4.02139	4.02139e+06	
35100	29.9827	46.9337	0	3.22e-06	-2.224e-06	0	3.91338	3.91338e+06	
35200	30.3827	46.6574	0	3.22e-06	-2.224e-06	0	3.91338	3.91338e+06	
35300	30.7827	46.3811	0	3.22e-06	-2.224e-06	0	3.91338	3.91338e+06	
35400	31.1827	46.1048	0	3.22e-06	-2.224e-06	0	3.91338	3.91338e+06	
35500	31.5827	45.8286	0	3.22e-06	-2.224e-06	0	3.91338	3.91338e+06	
35600	31.9827	45.5266	0	3.22e-06	-2.43049e-06	0	4.03431	4.03431e+06	
35700	32.3827	45.2247	0	3.22e-06	-2.43049e-06	0	4.03431	4.03431e+06	
35800	32.7827	44.9228	0	3.22e-06	-2.43049e-06	0	4.03431	4.03431e+06	
35900	33.1827	44.6209	0	3.22e-06	-2.43049e-06	0	4.03431	4.03431e+06	
36000	33.5827	44.319	0	3.22e-06	-2.43049e-06	0	4.03431	4.03431e+06	
36100	33.854	44.0919	0	2.18339e-06	-1.82777e-06	0	2.84745	2.84745e+06	
36200	34.1252	43.8648	0	2.18339e-06	-1.82777e-06	0	2.84745	2.84745e+06	
36300	34.3964	43.6378	0	2.18339e-06	-1.82777e-06	0	2.84745	2.84745e+06	
36400	34.6677	43.4107	0	2.18339e-06	-1.82777e-06	0	2.84745	2.84745e+06	
36500	34.9389	43.1837	0	2.18339e-06	-1.82777e-06	0	2.84745	2.84745e+06	
36600	35.3196	43.1829	0	3.06511e-06	-6.51707e-09	0	3.06512	3.06512e+06	
36700	35.7004	43.1821	0	3.06511e-06	-6.51707e-09	0	3.06512	3.06512e+06	
36800	36.0812	43.1813	0	3.06511e-06	-6.51707e-09	0	3.06512	3.06512e+06	
36900	36.4619	43.1805	0	3.06511e-06	-6.51707e-09	0	3.06512	3.06512e+06	
37000	36.8427	43.1796	0	3.06511e-06	-6.51707e-09	0	3.06512	3.06512e+06	
37100	37.2427	43.1424	0	3.22e-06	-2.99557e-07	0	3.2339	3.2339e+06	
37200	37.6427	43.1052	0	3.22e-06	-2.99557e-07	0	3.2339	3.2339e+06	
37300	38.0427	43.068	0	3.22e-06	-2.99557e-07	0	3.2339	3.2339e+06	
37400	38.4427	43.0308	0	3.22e-06	-2.99557e-07	0	3.2339	3.2339e+06	
37500	38.8427	42.9936	0	3.22e-06	-2.99557e-07	0	3.2339	3.2339e+06	
37600	39.2427	42.9091	0	3.22e-06	-6.80068e-07	0	3.29103	3.29103e+06	
37700	39.6427	42.8246	0	3.22e-06	-6.80068e-07	0	3.29103	3.29103e+06	
37800	40.0427	42.7401	0	3.22e-06	-6.80068e-07	0	3.29103	3.29103e+06	
37900	40.4427	42.6557	0	3.22e-06	-6.80068e-07	0	3.29103	3.29103e+06	
38000	40.8427	42.5712	0	3.22e-06	-6.80068e-07	0	3.29103	3.29103e+06	
38100	41.2427	42.4818	0	3.22e-06	-7.19719e-07	0	3.29945	3.29945e+06	
38200	41.6427	42.3924	0	3.22e-06	-7.19719e-07	0	3.29945	3.29945e+06	
38300	42.0427	42.303	0	3.22e-06	-7.19719e-07	0	3.29945	3.29945e+06	
38400	42.4427	42.2136	0	3.22e-06	-7.19719e-07	0	3.29945	3.29945e+06	
38500	42.8427	42.1242	0	3.22e-06	-7.19719e-07	0	3.29945	3.29945e+06	
38600	43.2427	41.8116	0	3.22e-06	-2.51638e-06	0	4.08663	4.08663e+06	
38700	43.6427	41.499	0	3.22e-06	-2.51638e-06	0	4.08663	4.08663e+06	
38800	44.0427	41.1864	0	3.22e-06	-2.51638e-06	0	4.08663	4.08663e+06	
38900	44.4427	40.8738	0	3.22e-06	-2.51638e-06	0	4.08663	4.08663e+06	
39000	44.8427	40.5612	0	3.22e-06	-2.51638e-06	0	4.08663	4.08663e+06	
39100	45.2427	40.3877	0	3.22e-06	-1.3962e-06	0	3.50967	3.50967e+06	
39200	45.6427	40.2143	0	3.22e-06	-1.3962e-06	0	3.50967	3.50967e+06	
39300	46.0427	40.0409	0	3.22e-06	-1.3962e-06	0	3.50967	3.50967e+06	
39400	46.4427	39.8674	0	3.22e-06	-1.3962e-06	0	3.50967	3.50967e+06	
39500	46.8427	39.694	0	3.22e-06	-1.3962e-06	0	3.50967	3.50967e+06	
39600	47.2427	39.294	0	3.22e-06	-3.22e-06	0	4.55377	4.55377e+06	
39700	47.6427	38.894	0	3.22e-06	-3.22e-06	0	4.55377	4.55377e+06	
39800	48.0427	38.494	0	3.22e-06	-3.22e-06	0	4.55377	4.55377e+06	
39900	48.4427	38.094	0	3.22e-06	-3.22e-06	0	4.55377	4.55377e+06	
40000	48.8427	37.694	0	3.22e-06	-3.22e-06	0	4.55377	4.55377e+06	
40100	49.2427	37.294	0	3.22e-06	-3.22e-06	0	4.55377	4.55377e+06	
40200	49.6427	36.894	0	3.22e-06	-3.22e-06	0	4.55377	4.55377e+06	
40300	50.0427	36.494	0	3.22e-06	-3.22e-06	0	4.55377	4.55377e+06	
40400	50.4427	36.094	0	3.22e-06	-3.22e-06	0	4.55377	4.55377e+06	
40500	50.8427	35.694	0	3.22e-06	-3.22e-06	0	4.55377	4.55377e+06	
40600	51.2427	35.3725	0	3.22e-06	-2.58809e-06	0	4.13117	4.13117e+06	
40700	51.6427	35.051	0	3.22e-06	-2.58809e-06	0	4.13117	4.13117e+06	
40800	52.0427	34.7295	0	3.22e-06	-2.58809e-06	0	4.13117	4.13117e+06	
40900	52.4427	34.408	0	3.22e-06	-2.58809e-06	0	4.13117	4.13117e+06	
41000	52.8427	34.0865	0	3.22e-06	-2.58809e-06	0	4.13117	4.13117e+06	
41100	53.2427	33.7233	0	3.22e-06	-2.92371e-06	0	4.34931	4.34931e+06	
41200	53.6427	33.3601	0	3.22e-06	-2.92371e-06	0	4.34931	4.34931e+06	
41300	54.0427	32.9969	0	3.22e-06	-2.92371e-06	0	4.34931	4.34931e+06	
41400	54.4427	32.6337	0	3.22e-06	-2.92371e-06	0	4.34931	4.34931e+06	
41500	54.8427	32.2705	0	3.22e-06	-2.92371e-06	0	4.34931	4.34931e+06	
41600	54.6543	32.0249	0	-1.51648e-06	-1.97743e-06	0	2.49198	2.49198e+06	
41700	54.4659	31.7792	0	-1.51648e-06	-1.97743e-06	0	2.49198	2.49198e+06	
41800	54.2775	31.5336	0	-1.51648e-06	-1.97743e-06	0	2.49198	2.49198e+06	
41900	54.0891	31.2879	0	-1.51648e-06	-1.97743e-06	0	2.49198	2.49198e+06	
42000	53.9008	31.0423	0	-1.51648e-06	-1.97743e-06	0	2.49198	2.49198e+06	
42100	54.1241	30.6615	0	1.79821e-06	-3.06548e-06	0	3.55397	3.55397e+06	
42200	54.3475	30.2807	0	1.79821e-06	-3.06548e-06	0	3.55397	3.55397e+06	
42300	54.5709	29.8999	0	1.79821e-06	-3.06548e-06	0	3.55397	3.55397e+06	
42400	54.7943	29.5191	0	1.79821e-06	-3.06548e-06	0	3.55397	3.55397e+06	
42500	55.0177	29.1383	0	1.79821e-06	-3.06548e-06	0	3.55397	3.55397e+06	
42600	55.2875	29.0928	0	2.17213e-06	-3.66035e-07	0	2.20276	2.20276e+06	
42700	55.5573	29.0473	0	2.17213e-06	-3.66035e-07	0	2.20276	2.20276e+06	
42800	55.8272	29.0018	0	2.17213e-06	-3.66035e-07	0	2.20276	2.20276e+06	
42900	56.097	28.9564	0	2.17213e-06	-3.66035e-07	0	2.20276	2.20276e+06	
43000	56.3668	28.9109	0	2.17213e-06	-3.66035e-07	0	2.20276	2.20276e+06	
43100	56.226	28.743	0	-1.13338e-06	-1.35149e-06	0	1.76382	1.76382e+06	
43200	56.0852	28.5751	0	-1.13338e-06	-1.35149e-06	0	1.76382	1.76382e+06	
43300	55.9444	28.4072	0	-1.13338e-06	-1.35149e-06	0	1.76382	1.76382e+06	
43400	55.8036	28.2394	0	-1.13338e-06	-1.35149e-06	0	1.76382	1.76382e+06	
43500	55.6629	28.0715	0	-1.13338e-06	-1.35149e-06	0	1.76382	1.76382e+06	
43600	55.4605	27.895	0	-1.62879e-06	-1.42069e-06	0	2.16132	2.16132e+06	
43700	55.2582	27.7185	0	-1.62879e-06	-1.42069e-06	0	2.16132	2.16132e+06	
43800	55.0559	27.542	0	-1.62879e-06	-1.42069e-06	0	2.16132	2.16132e+06	
43900	54.8535	27.3655	0	-1.62879e-06	-1.42069e-06	0	2.16132	2.16132e+06	
44000	54.6512	27.1891	0	-1.62879e-06	-1.42069e-06	0	2.16132	2.16132e+06	
44100	54.4145	27.191	0	-1.90532e-06	1.56559e-08	0	1.90539	1.90539e+06	
44200	54.1778	27.1929	0	-1.90532e-06	1.56559e-08	0	1.90539	1.90539e+06	
44300	53.9411	27.1949	0	-1.90532e-06	1.56559e-08	0	1.90539	1.90539e+06	
44400	53.7044	27.1968	0	-1.90532e-06	1.56559e-08	0	1.90539	1.90539e+06	
44500	53.4678	27.1988	0	-1.90532e-06	1.56559e-08	0	1.90539	1.90539e+06	
44600	53.0678	26.9073	0	-3.22e-06	-2.34678e-06	0	3.98444	3.98444e+06	
44700	52.6678	26.6157	0	-3.22e-06	-2.34678e-06	0	3.98444	3.98444e+06	
44800	52.2678	26.3242	0	-3.22e-06	-2.34678e-06	0	3.98444	3.98444e+06	
44900	51.8678	26.0327	0	-3.22e-06	-2.34678e-06	0	3.98444	3.98444e+06	
45000	51.4678	25.7412	0	-3.22e-06	-2.34678e-06	0	3.98444	3.98444e+06	
45100	51.0734	25.6851	0	-3.17417e-06	-4.51427e-07	0	3.20611	3.20611e+06	
45200	50.6791	25.629	0	-3.17417e-06	-4.51427e-07	0	3.20611	3.20611e+06	
45300	50.2848	25.5729	0	-3.17417e-06	-4.51427e-07	0	3.20611	3.20611e+06	
45400	49.8905	25.5168	0	-3.17417e-06	-4.51427e-07	0	3.20611	3.20611e+06	
45500	49.4962	25.4608	0	-3.17417e-06	-4.51427e-07	0	3.20611	3.20611e+06	
45600	49.0962	25.777	0	-3.22e-06	2.54577e-06	0	4.1048	4.1048e+06	
45700	48.6962	26.0933	0	-3.22e-06	2.54577e-06	0	4.1048	4.1048e+06	
45800	48.2962	26.4095	0	-3.22e-06	2.54577e-06	0	4.1048	4.1048e+06	
45900	47.8962	26.7257	0	-3.22e-06	2.54577e-06	0	4.1048	4.1048e+06	
46000	47.4962	27.042	0	-3.22e-06	2.54577e-06	0	4.1048	4.1048e+06	
46100	47.1382	27.1139	0	-2.88214e-06	5.78739e-07	0	2.93967	2.93967e+06	
46200	46.7802	27.1858	0	-2.88214e-06	5.78739e-07	0	2.93967	2.93967e+06	
46300	46.4221	27.2577	0	-2.88214e-06	5.78739e-07	0	2.93967	2.93967e+06	
46400	46.0641	27.3296	0	-2.88214e-06	5.78739e-07	0	2.93967	2.93967e+06	
46500	45.7061	27.4015	0	-2.88214e-06	5.78739e-07	0	2.93967	2.93967e+06	
46600	45.4533	27.4167	0	-2.03507e-06	1.22542e-07	0	2.03876	2.03876e+06	
46700	45.2005	27.4319	0	-2.03507e-06	1.22542e-07	0	2.03876	2.03876e+06	
46800	44.9477	27.4471	0	-2.03507e-06	1.22542e-07	0	2.03876	2.03876e+06	
46900	44.6949	27.4623	0	-2.03507e-06	1.22542e-07	0	2.03876	2.03876e+06	
47000	44.4421	27.4776	0	-2.03507e-06	1.22542e-07	0	2.03876	2.03876e+06	
47100	44.2601	27.5716	0	-1.4648e-06	7.56907e-07	0	1.6488	1.6488e+06	
47200	44.0781	27.6656	0	-1.4648e-06	7.56907e-07	0	1.6488	1.6488e+06	
47300	43.8962	27.7596	0	-1.4648e-06	7.56907e-07	0	1.6488	1.6488e+06	
47400	43.7142	27.8537	0	-1.4648e-06	7.56907e-07	0	1.6488	1.6488e+06	
47500	43.5322	27.9477	0	-1.4648e-06	7.56907e-07	0	1.6488	1.6488e+06	
47600	43.4879	27.9568	0	-3.56598e-07	7.2995e-08	0	0.363992	363992	
47700	43.4436	27.9658	0	-3.56598e-07	7.2995e-08	0	0.363992	363992	
47800	43.3993	27.9749	0	-3.56598e-07	7.2995e-08	0	0.363992	363992	
47900	43.355	27.984	0	-3.56598e-07	7.2995e-08	0	0.363992	363992	
48000	43.3107	27.993	0	-3.56598e-07	7.2995e-08	0	0.363992	363992	
48100	43.2833	28.2437	0	-2.21151e-07	2.01791e-06	0	2.03	2.03e+06	
48200	43.2558	28.4944	0	-2.21151e-07	2.01791e-06	0	2.03	2.03e+06	
48300	43.2283	28.7451	0	-2.21151e-07	2.01791e-06	0	2.03	2.03e+06	
48400	43.2009	28.9957	0	-2.21151e-07	2.01791e-06	0	2.03	2.03e+06	
48500	43.1734	29.2464	0	-2.21151e-07	2.01791e-06	0	2.03	2.03e+06	
48600	43.2639	29.3897	0	7.28852e-07	1.1539e-06	0	1.36481	1.36481e+06	
48700	43.3545	29.5331	0	7.28852e-07	1.1539e-06	0	1.36481	1.36481e+06	
48800	43.445	29.6764	0	7.28852e-07	1.1539e-06	0	1.36481	1.36481e+06	
48900	43.5355	29.8198	0	7.28852e-07	1.1539e-06	0	1.36481	1.36481e+06	
49000	43.6261	29.9631	0	7.28852e-07	1.1539e-06	0	1.36481	1.36481e+06	
49100	43.704	30.1765	0	6.27546e-07	1.71817e-06	0	1.82918	1.82918e+06	
49200	43.782	30.39	0	6.27546e-07	1.71817e-06	0	1.82918	1.82918e+06	
49300	43.86	30.6034	0	6.27546e-07	1.71817e-06	0	1.82918	1.82918e+06	
49400	43.9379	30.8169	0	6.27546e-07	1.71817e-06	0	1.82918	1.82918e+06	
49500	44.0159	31.0303	0	6.27546e-07	1.71817e-06	0	1.82918	1.82918e+06	
49600	44.1359	31.3092	0	9.66516e-07	2.24526e-06	0	2.44445	2.44445e+06	
49700	44.256	31.5881	0	9.66516e-07	2.24526e-06	0	2.44445	2.44445e+06	
49800	44.3761	31.867	0	9.66516e-07	2.24526e-06	0	2.44445	2.44445e+06	
49900	44.4961	32.146	0	9.66516e-07	2.24526e-06	0	2.44445	2.44445e+06	
50000	44.6162	32.4249	0	9.66516e-07	2.24526e-06	0	2.44445	2.44445e+06	
