0	4	9	0	1.26308e-06	-1.79159e-06	0	2.19207	2.19207e+06	
100	4.0999	8.7624	0	8.04204e-07	-1.91265e-06	0	2.07484	2.07484e+06	
200	4.1998	8.52481	0	8.04204e-07	-1.91265e-06	0	2.07484	2.07484e+06	
300	4.2997	8.28721	0	8.04204e-07	-1.91265e-06	0	2.07484	2.07484e+06	
400	4.3996	8.04962	0	8.04204e-07	-1.91265e-06	0	2.07484	2.07484e+06	
500	4.49951	7.81202	0	8.04204e-07	-1.91265e-06	0	2.07484	2.07484e+06	
600	4.59777	7.41202	0	7.90997e-07	-3.22e-06	0	3.31573	3.31573e+06	
700	4.69603	7.01202	0	7.90997e-07	-3.22e-06	0	3.31573	3.31573e+06	
800	4.79429	6.61202	0	7.90997e-07	-3.22e-06	0	3.31573	3.31573e+06	
900	4.89255	6.21202	0	7.90997e-07	-3.22e-06	0	3.31573	3.31573e+06	
1000	4.99081	5.81202	0	7.90997e-07	-3.22e-06	0	3.31573	3.31573e+06	
1100	5.01461	5.41202	0	1.91579e-07	-3.22e-06	0	3.22569	3.22569e+06	
1200	5.0384	5.01202	0	1.91579e-07	-3.22e-06	0	3.22569	3.22569e+06	
1300	5.0622	4.61202	0	1.91579e-07	-3.22e-06	0	3.22569	3.22569e+06	
1400	5.086	4.21202	0	1.91579e-07	-3.22e-06	0	3.22569	3.22569e+06	
1500	5.1098	3.81202	0	1.91579e-07	-3.22e-06	0	3.22569	3.22569e+06	
1600	5.35525	3.49429	0	1.97584e-06	-2.55773e-06	0	3.23202	3.23202e+06	
1700	5.60069	3.17656	0	1.97584e-06	-2.55773e-06	0	3.23202	3.23202e+06	
1800	5.84614	2.85883	0	1.97584e-06	-2.55773e-06	0	3.23202	3.23202e+06	
1900	6.09159	2.5411	0	1.97584e-06	-2.55773e-06	0	3.23202	3.23202e+06	
2000	6.33704	2.22345	0	1.97584e-06	-2.55773e-06	0	3.23202	3.23202e+06	
2100	6.3947	2.0978	0	1.26843e-07	-3.22e-06	0	3.2225	3.2225e+06	
2200	6.45933	2.08912	0	1.26843e-07	-3.22e-06	0	3.2225	3.2225e+06	
2300	6.49392	2.08705	0	1.26843e-07	-3.22e-06	0	3.2225	3.2225e+06	
2400	6.50789	2.08705	0	1.26843e-07	-3.22e-06	0	3.2225	3.2225e+06	
2500	6.5134	2.08719	0	1.26843e-07	-3.22e-06	0	3.2225	3.2225e+06	
2600	6.51819	2.08737	0	1.58141e-07	-3.22e-06	0	3.22388	3.22388e+06	
2700	6.52015	2.08746	0	1.58141e-07	-3.22e-06	0	3.22388	3.22388e+06	
2800	6.52097	2.0875	0	1.58141e-07	-3.22e-06	0	3.22388	3.22388e+06	
2900	6.52131	2.08752	0	1.58141e-07	-3.22e-06	0	3.22388	3.22388e+06	
3000	6.52146	2.08753	0	1.58141e-07	-3.22e-06	0	3.22388	3.22388e+06	
3100	6.462	2.08848	0	-5.67948e-07	-3.22e-06	0	3.2697	3.2697e+06	
3200	6.43424	2.09146	0	-5.67948e-07	-3.22e-06	0	3.2697	3.2697e+06	
3300	6.41695	2.09381	0	-5.67948e-07	-3.22e-06	0	3.2697	3.2697e+06	
3400	6.40412	2.09569	0	-5.67948e-07	-3.22e-06	0	3.2697	3.2697e+06	
3500	6.39352	2.09731	0	-5.67948e-07	-3.22e-06	0	3.2697	3.2697e+06	
3600	6.35668	2.10283	0	-7.97656e-07	-3.22e-06	0	3.31733	3.31733e+06	
3700	6.31824	2.10863	0	-7.97656e-07	-3.22e-06	0	3.31733	3.31733e+06	
3800	6.27448	2.11464	0	-7.97656e-07	-3.22e-06	0	3.31733	3.31733e+06	
3900	6.22263	2.12071	0	-7.97656e-07	-3.22e-06	0	3.31733	3.31733e+06	
4000	6.16018	2.1264	0	-7.97656e-07	-3.22e-06	0	3.31733	3.31733e+06	
4100	5.75496	2.12099	0	-3.22e-06	-3.22e-06	0	4.55377	4.55377e+06	
4200	5.35213	2.10137	0	-3.22e-06	-3.22e-06	0	4.55377	4.55377e+06	
4300	4.9883	2.13265	0	-3.22e-06	-3.22e-06	0	4.55377	4.55377e+06	
4400	4.55532	2.09364	0	-3.22e-06	-3.22e-06	0	4.55377	4.55377e+06	
4500	4.19888	2.12165	0	-3.22e-06	-3.22e-06	0	4.55377	4.55377e+06	
4600	3.91888	2.13167	0	-2.35769e-06	-3.22e-06	0	3.99088	3.99088e+06	
4700	3.5873	2.09736	0	-2.35769e-06	-3.22e-06	0	3.99088	3.99088e+06	
4800	3.32408	2.10641	0	-2.35769e-06	-3.22e-06	0	3.99088	3.99088e+06	
4900	3.07154	2.13099	0	-2.35769e-06	-3.22e-06	0	3.99088	3.99088e+06	
5000	2.76539	2.12151	0	-2.35769e-06	-3.22e-06	0	3.99088	3.99088e+06	
5100	2.36665	2.09917	0	-3.15354e-06	-3.22e-06	0	4.50702	4.50702e+06	
5200	2.01492	2.1324	0	-3.15354e-06	-3.22e-06	0	4.50702	4.50702e+06	
5300	1.59341	2.09918	0	-3.15354e-06	-3.22e-06	0	4.50702	4.50702e+06	
5400	1.23742	2.11749	0	-3.15354e-06	-3.22e-06	0	4.50702	4.50702e+06	
5500	1.13038	2.12987	0	-3.15354e-06	-3.22e-06	0	4.50702	4.50702e+06	
5600	1.13948	2.13287	0	-2.03283e-06	-2.65805e-06	0	3.34628	3.34628e+06	
5700	1.13948	2.13287	0	-2.03283e-06	-2.65805e-06	0	3.34628	3.34628e+06	
5800	1.13948	2.13287	0	-2.03283e-06	-2.65805e-06	0	3.34628	3.34628e+06	
5900	1.13948	2.13287	0	-2.03283e-06	-2.65805e-06	0	3.34628	3.34628e+06	
6000	1.13948	2.13287	0	-2.03283e-06	-2.65805e-06	0	3.34628	3.34628e+06	
6100	1.12993	2.12993	0	-3.22e-06	-3.22e-06	0	4.55377	4.55377e+06	
6200	1.12993	2.12993	0	-3.22e-06	-3.22e-06	0	4.55377	4.55377e+06	
6300	1.12993	2.12993	0	-3.22e-06	-3.22e-06	0	4.55377	4.55377e+06	
6400	1.12993	2.12993	0	-3.22e-06	-3.22e-06	0	4.55377	4.55377e+06	
6500	1.12993	2.12993	0	-3.22e-06	-3.22e-06	0	4.55377	4.55377e+06	
6600	1.12943	2.14394	0	-3.06549e-06	-1.71126e-06	0	3.51079	3.51079e+06	
6700	1.12943	2.14394	0	-3.06549e-06	-1.71126e-06	0	3.51079	3.51079e+06	
6800	1.12943	2.14394	0	-3.06549e-06	-1.71126e-06	0	3.51079	3.51079e+06	
6900	1.12943	2.14394	0	-3.06549e-06	-1.71126e-06	0	3.51079	3.51079e+06	
7000	1.12943	2.14394	0	-3.06549e-06	-1.71126e-06	0	3.51079	3.51079e+06	
7100	1.16139	2.12973	0	-8.27544e-07	-2.79036e-06	0	2.91048	2.91048e+06	
7200	1.16179	2.12968	0	-8.27544e-07	-2.79036e-06	0	2.91048	2.91048e+06	
7300	1.1618	2.12968	0	-8.27544e-07	-2.79036e-06	0	2.91048	2.91048e+06	
7400	1.1618	2.12968	0	-8.27544e-07	-2.79036e-06	0	2.91048	2.91048e+06	
7500	1.1618	2.12968	0	-8.27544e-07	-2.79036e-06	0	2.91048	2.91048e+06	
7600	1.22036	2.15558	0	2.50863e-07	-6.12123e-07	0	0.661533	661533	
7700	1.26108	2.15138	0	2.50863e-07	-6.12123e-07	0	0.661533	661533	
7800	1.30151	2.14636	0	2.50863e-07	-6.12123e-07	0	0.661533	661533	
7900	1.34269	2.14063	0	2.50863e-07	-6.12123e-07	0	0.661533	661533	
8000	1.38432	2.13439	0	2.50863e-07	-6.12123e-07	0	0.661533	661533	
8100	1.42698	2.11274	0	1.90896e-07	-1.24797e-06	0	1.26249	1.26249e+06	
8200	1.4662	2.10818	0	1.90896e-07	-1.24797e-06	0	1.26249	1.26249e+06	
8300	1.4961	2.10656	0	1.90896e-07	-1.24797e-06	0	1.26249	1.26249e+06	
8400	1.51727	2.10675	0	1.90896e-07	-1.24797e-06	0	1.26249	1.26249e+06	
8500	1.53234	2.10755	0	1.90896e-07	-1.24797e-06	0	1.26249	1.26249e+06	
8600	1.29811	2.24485	0	-1.88493e-06	9.61537e-07	0	2.11601	2.11601e+06	
8700	1.11512	2.37202	0	-1.88493e-06	9.61537e-07	0	2.11601	2.11601e+06	
8800	1.09813	2.51087	0	-1.88493e-06	9.61537e-07	0	2.11601	2.11601e+06	
8900	1.10693	2.60434	0	-1.88493e-06	9.61537e-07	0	2.11601	2.11601e+06	
9000	1.11946	2.68679	0	-1.88493e-06	9.61537e-07	0	2.11601	2.11601e+06	
9100	1.1409	3.06223	0	-2.09649e-06	3.16484e-06	0	3.79624	3.79624e+06	
9200	1.10011	3.47751	0	-2.09649e-06	3.16484e-06	0	3.79624	3.79624e+06	
9300	1.13281	3.83796	0	-2.09649e-06	3.16484e-06	0	3.79624	3.79624e+06	
9400	1.13171	4.23362	0	-2.09649e-06	3.16484e-06	0	3.79624	3.79624e+06	
9500	1.10629	4.63129	0	-2.09649e-06	3.16484e-06	0	3.79624	3.79624e+06	
9600	1.21407	4.58447	0	6.10699e-07	-3.38305e-07	0	0.698143	698143	
9700	1.29021	4.54242	0	6.10699e-07	-3.38305e-07	0	0.698143	698143	
9800	1.36608	4.50039	0	6.10699e-07	-3.38305e-07	0	0.698143	698143	
9900	1.44195	4.45836	0	6.10699e-07	-3.38305e-07	0	0.698143	698143	
10000	1.51781	4.41634	0	6.10699e-07	-3.38305e-07	0	0.698143	698143	
10100	1.42887	4.26961	0	-7.15957e-07	-1.18113e-06	0	1.38118	1.38118e+06	
10200	1.33993	4.12289	0	-7.15957e-07	-1.18113e-06	0	1.38118	1.38118e+06	
10300	1.25123	3.97617	0	-7.15957e-07	-1.18113e-06	0	1.38118	1.38118e+06	
10400	1.17397	3.82874	0	-7.15957e-07	-1.18113e-06	0	1.38118	1.38118e+06	
10500	1.14411	3.67523	0	-7.15957e-07	-1.18113e-06	0	1.38118	1.38118e+06	
10600	1.10491	3.34935	0	-2.77353e-06	-2.70296e-06	0	3.87278	3.87278e+06	
10700	1.13457	3.04937	0	-2.77353e-06	-2.70296e-06	0	3.87278	3.87278e+06	
10800	1.11707	2.69593	0	-2.77353e-06	-2.70296e-06	0	3.87278	3.87278e+06	
10900	1.10305	2.36133	0	-2.77353e-06	-2.70296e-06	0	3.87278	3.87278e+06	
11000	1.13242	2.13391	0	-2.77353e-06	-2.70296e-06	0	3.87278	3.87278e+06	
11100	1.18181	2.12506	0	-4.00535e-07	-3.22e-06	0	3.24482	3.24482e+06	
11200	1.18983	2.12429	0	-4.00535e-07	-3.22e-06	0	3.24482	3.24482e+06	
11300	1.19342	2.12394	0	-4.00535e-07	-3.22e-06	0	3.24482	3.24482e+06	
11400	1.19535	2.12376	0	-4.00535e-07	-3.22e-06	0	3.24482	3.24482e+06	
11500	1.19647	2.12365	0	-4.00535e-07	-3.22e-06	0	3.24482	3.24482e+06	
11600	1.19711	2.12358	0	-4.00945e-07	-3.22e-06	0	3.24487	3.24487e+06	
11700	1.19751	2.12354	0	-4.00945e-07	-3.22e-06	0	3.24487	3.24487e+06	
11800	1.19776	2.12352	0	-4.00945e-07	-3.22e-06	0	3.24487	3.24487e+06	
11900	1.19792	2.1235	0	-4.00945e-07	-3.22e-06	0	3.24487	3.24487e+06	
12000	1.19802	2.12349	0	-4.00945e-07	-3.22e-06	0	3.24487	3.24487e+06	
12100	1.14179	2.12862	0	-1.89436e-06	-3.22e-06	0	3.73591	3.73591e+06	
12200	1.14178	2.12862	0	-1.89436e-06	-3.22e-06	0	3.73591	3.73591e+06	
12300	1.14178	2.12862	0	-1.89436e-06	-3.22e-06	0	3.73591	3.73591e+06	
12400	1.14178	2.12862	0	-1.89436e-06	-3.22e-06	0	3.73591	3.73591e+06	
12500	1.14178	2.12862	0	-1.89436e-06	-3.22e-06	0	3.73591	3.73591e+06	
12600	1.12993	2.12993	0	-3.22e-06	-3.22e-06	0	4.55377	4.55377e+06	
12700	1.12993	2.12993	0	-3.22e-06	-3.22e-06	0	4.55377	4.55377e+06	
12800	1.12993	2.12993	0	-3.22e-06	-3.22e-06	0	4.55377	4.55377e+06	
12900	1.12993	2.12993	0	-3.22e-06	-3.22e-06	0	4.55377	4.55377e+06	
13000	1.12993	2.12993	0	-3.22e-06	-3.22e-06	0	4.55377	4.55377e+06	
13100	1.12993	2.12993	0	-3.22e-06	-3.22e-06	0	4.55377	4.55377e+06	
13200	1.12993	2.12993	0	-3.22e-06	-3.22e-06	0	4.55377	4.55377e+06	
13300	1.12993	2.12993	0	-3.22e-06	-3.22e-06	0	4.55377	4.55377e+06	
13400	1.12993	2.12993	0	-3.22e-06	-3.22e-06	0	4.55377	4.55377e+06	
13500	1.12993	2.12993	0	-3.22e-06	-3.22e-06	0	4.55377	4.55377e+06	
13600	1.12993	2.12993	0	-3.22e-06	-3.22e-06	0	4.55377	4.55377e+06	
13700	1.12993	2.12993	0	-3.22e-06	-3.22e-06	0	4.55377	4.55377e+06	
13800	1.12993	2.12993	0	-3.22e-06	-3.22e-06	0	4.55377	4.55377e+06	
13900	1.12993	2.12993	0	-3.22e-06	-3.22e-06	0	4.55377	4.55377e+06	
14000	1.12993	2.12993	0	-3.22e-06	-3.22e-06	0	4.55377	4.55377e+06	
14100	1.12871	2.14092	0	-3.22e-06	-1.96596e-06	0	3.77272	3.77272e+06	
14200	1.12871	2.14092	0	-3.22e-06	-1.96596e-06	0	3.77272	3.77272e+06	
14300	1.12871	2.14092	0	-3.22e-06	-1.96596e-06	0	3.77272	3.77272e+06	
14400	1.12871	2.14092	0	-3.22e-06	-1.96596e-06	0	3.77272	3.77272e+06	
14500	1.12871	2.14092	0	-3.22e-06	-1.96596e-06	0	3.77272	3.77272e+06	
14600	1.12953	2.13326	0	-3.22e-06	-2.76452e-06	0	4.24393	4.24393e+06	
14700	1.12953	2.13326	0	-3.22e-06	-2.76452e-06	0	4.24393	4.24393e+06	
14800	1.12953	2.13326	0	-3.22e-06	-2.76452e-06	0	4.24393	4.24393e+06	
14900	1.12953	2.13326	0	-3.22e-06	-2.76452e-06	0	4.24393	4.24393e+06	
15000	1.12953	2.13326	0	-3.22e-06	-2.76452e-06	0	4.24393	4.24393e+06	
15100	1.12993	2.12993	0	-3.22e-06	-3.22e-06	0	4.55377	4.55377e+06	
15200	1.12993	2.12993	0	-3.22e-06	-3.22e-06	0	4.55377	4.55377e+06	
15300	1.12993	2.12993	0	-3.22e-06	-3.22e-06	0	4.55377	4.55377e+06	
15400	1.12993	2.12993	0	-3.22e-06	-3.22e-06	0	4.55377	4.55377e+06	
15500	1.12993	2.12993	0	-3.22e-06	-3.22e-06	0	4.55377	4.55377e+06	
15600	1.12993	2.12993	0	-3.22e-06	-3.22e-06	0	4.55377	4.55377e+06	
15700	1.12993	2.12993	0	-3.22e-06	-3.22e-06	0	4.55377	4.55377e+06	
15800	1.12993	2.12993	0	-3.22e-06	-3.22e-06	0	4.55377	4.55377e+06	
15900	1.12993	2.12993	0	-3.22e-06	-3.22e-06	0	4.55377	4.55377e+06	
16000	1.12993	2.12993	0	-3.22e-06	-3.22e-06	0	4.55377	4.55377e+06	
16100	1.12993	2.12993	0	-3.22e-06	-3.22e-06	0	4.55377	4.55377e+06	
16200	1.12993	2.12993	0	-3.22e-06	-3.22e-06	0	4.55377	4.55377e+06	
16300	1.12993	2.12993	0	-3.22e-06	-3.22e-06	0	4.55377	4.55377e+06	
16400	1.12993	2.12993	0	-3.22e-06	-3.22e-06	0	4.55377	4.55377e+06	
16500	1.12993	2.12993	0	-3.22e-06	-3.22e-06	0	4.55377	4.55377e+06	
16600	1.1284	2.14407	0	-3.22e-06	-1.71724e-06	0	3.64929	3.64929e+06	
16700	1.1284	2.14407	0	-3.22e-06	-1.71724e-06	0	3.64929	3.64929e+06	
16800	1.1284	2.14407	0	-3.22e-06	-1.71724e-06	0	3.64929	3.64929e+06	
16900	1.1284	2.14407	0	-3.22e-06	-1.71724e-06	0	3.64929	3.64929e+06	
17000	1.1284	2.14407	0	-3.22e-06	-1.71724e-06	0	3.64929	3.64929e+06	
17100	1.12541	2.17769	0	-3.22e-06	-4.82737e-07	0	3.25598	3.25598e+06	
17200	1.12497	2.18221	0	-3.22e-06	-4.82737e-07	0	3.25598	3.25598e+06	
17300	1.12485	2.18351	0	-3.22e-06	-4.82737e-07	0	3.25598	3.25598e+06	
17400	1.12481	2.18394	0	-3.22e-06	-4.82737e-07	0	3.25598	3.25598e+06	
17500	1.12479	2.18408	0	-3.22e-06	-4.82737e-07	0	3.25598	3.25598e+06	
17600	1.12554	2.17551	0	-3.22e-06	-6.08174e-07	0	3.27693	3.27693e+06	
17700	1.1257	2.17388	0	-3.22e-06	-6.08174e-07	0	3.27693	3.27693e+06	
17800	1.12573	2.17363	0	-3.22e-06	-6.08174e-07	0	3.27693	3.27693e+06	
17900	1.12573	2.1736	0	-3.22e-06	-6.08174e-07	0	3.27693	3.27693e+06	
18000	1.12573	2.17359	0	-3.22e-06	-6.08174e-07	0	3.27693	3.27693e+06	
18100	1.09341	2.59515	0	-3.22e-06	3.22e-06	0	4.55377	4.55377e+06	
18200	1.13151	2.94872	0	-3.22e-06	3.22e-06	0	4.55377	4.55377e+06	
18300	1.10431	3.37356	0	-3.22e-06	3.22e-06	0	4.55377	4.55377e+06	
18400	1.11529	3.74498	0	-3.22e-06	3.22e-06	0	4.55377	4.55377e+06	
18500	1.12985	4.13026	0	-3.22e-06	3.22e-06	0	4.55377	4.55377e+06	
18600	1.09115	4.45653	0	-3.22e-06	2.2834e-06	0	3.94745	3.94745e+06	
18700	1.10963	4.69752	0	-3.22e-06	2.2834e-06	0	3.94745	3.94745e+06	
18800	1.13159	4.94466	0	-3.22e-06	2.2834e-06	0	3.94745	3.94745e+06	
18900	1.12049	5.24391	0	-3.22e-06	2.2834e-06	0	3.94745	3.94745e+06	
19000	1.08927	5.55594	0	-3.22e-06	2.2834e-06	0	3.94745	3.94745e+06	
19100	1.11931	5.77305	0	-3.22e-06	2.2244e-06	0	3.91361	3.91361e+06	
19200	1.13265	6.02884	0	-3.22e-06	2.2244e-06	0	3.91361	3.91361e+06	
19300	1.10894	6.33543	0	-3.22e-06	2.2244e-06	0	3.91361	3.91361e+06	
19400	1.0967	6.61222	0	-3.22e-06	2.2244e-06	0	3.91361	3.91361e+06	
19500	1.12526	6.83439	0	-3.22e-06	2.2244e-06	0	3.91361	3.91361e+06	
19600	1.12166	7.23847	0	-3.22e-06	3.22e-06	0	4.55377	4.55377e+06	
19700	1.1006	7.64293	0	-3.22e-06	3.22e-06	0	4.55377	4.55377e+06	
19800	1.13262	8.0057	0	-3.22e-06	3.22e-06	0	4.55377	4.55377e+06	
19900	1.09456	8.43811	0	-3.22e-06	3.22e-06	0	4.55377	4.55377e+06	
20000	1.12111	8.79577	0	-3.22e-06	3.22e-06	0	4.55377	4.55377e+06	
20100	1.13218	8.96119	0	-3.22e-06	1.52662e-06	0	3.56356	3.56356e+06	
20200	1.12738	9.16128	0	-3.22e-06	1.52662e-06	0	3.56356	3.56356e+06	
20300	1.09895	9.39653	0	-3.22e-06	1.52662e-06	0	3.56356	3.56356e+06	
20400	1.093	9.58304	0	-3.22e-06	1.52662e-06	0	3.56356	3.56356e+06	
20500	1.1121	9.71074	0	-3.22e-06	1.52662e-06	0	3.56356	3.56356e+06	
20600	1.13157	10.0887	0	-3.22e-06	3.22e-06	0	4.55377	4.55377e+06	
20700	1.08742	10.5224	0	-3.22e-06	3.22e-06	0	4.55377	4.55377e+06	
20800	1.12751	10.8701	0	-3.22e-06	3.22e-06	0	4.55377	4.55377e+06	
20900	1.11698	11.2811	0	-3.22e-06	3.22e-06	0	4.55377	4.55377e+06	
21000	1.10553	11.675	0	-3.22e-06	3.22e-06	0	4.55377	4.55377e+06	
21100	1.13252	12.0447	0	-3.22e-06	3.22e-06	0	4.55377	4.55377e+06	
21200	1.0895	12.4797	0	-3.22e-06	3.22e-06	0	4.55377	4.55377e+06	
21300	1.12443	12.8306	0	-3.22e-06	3.22e-06	0	4.55377	4.55377e+06	
21400	1.12211	13.2339	0	-3.22e-06	3.22e-06	0	4.55377	4.55377e+06	
21500	1.10007	13.6395	0	-3.22e-06	3.22e-06	0	4.55377	4.55377e+06	
21600	1.13259	14.0016	0	-3.22e-06	3.22e-06	0	4.55377	4.55377e+06	
21700	1.09521	14.4335	0	-3.22e-06	3.22e-06	0	4.55377	4.55377e+06	
21800	1.12072	14.7921	0	-3.22e-06	3.22e-06	0	4.55377	4.55377e+06	
21900	1.12619	15.1875	0	-3.22e-06	3.22e-06	0	4.55377	4.55377e+06	
22000	1.0947	15.6042	0	-3.22e-06	3.22e-06	0	4.55377	4.55377e+06	
22100	1.11419	15.7261	0	-3.22e-06	1.47539e-06	0	3.54192	3.54192e+06	
22200	1.12822	15.8697	0	-3.22e-06	1.47539e-06	0	3.54192	3.54192e+06	
22300	1.13244	16.044	0	-3.22e-06	1.47539e-06	0	3.54192	3.54192e+06	
22400	1.11892	16.2532	0	-3.22e-06	1.47539e-06	0	3.54192	3.54192e+06	
22500	1.08794	16.4838	0	-3.22e-06	1.47539e-06	0	3.54192	3.54192e+06	
22600	1.09172	16.5699	0	-3.22e-06	9.06397e-07	0	3.34514	3.34514e+06	
22700	1.09958	16.6231	0	-3.22e-06	9.06397e-07	0	3.34514	3.34514e+06	
22800	1.10736	16.6738	0	-3.22e-06	9.06397e-07	0	3.34514	3.34514e+06	
22900	1.1152	16.7306	0	-3.22e-06	9.06397e-07	0	3.34514	3.34514e+06	
23000	1.12273	16.7981	0	-3.22e-06	9.06397e-07	0	3.34514	3.34514e+06	
23100	1.1309	17.1038	0	-3.22e-06	2.54995e-06	0	4.10739	4.10739e+06	
23200	1.09088	17.4609	0	-3.22e-06	2.54995e-06	0	4.10739	4.10739e+06	
23300	1.11413	17.7321	0	-3.22e-06	2.54995e-06	0	4.10739	4.10739e+06	
23400	1.13268	18.0232	0	-3.22e-06	2.54995e-06	0	4.10739	4.10739e+06	
23500	1.10386	18.3718	0	-3.22e-06	2.54995e-06	0	4.10739	4.10739e+06	
23600	1.09086	18.5664	0	-3.22e-06	1.49287e-06	0	3.54923	3.54923e+06	
23700	1.10925	18.6902	0	-3.22e-06	1.49287e-06	0	3.54923	3.54923e+06	
23800	1.12515	18.8286	0	-3.22e-06	1.49287e-06	0	3.54923	3.54923e+06	
23900	1.13269	18.9965	0	-3.22e-06	1.49287e-06	0	3.54923	3.54923e+06	
24000	1.12437	19.199	0	-3.22e-06	1.49287e-06	0	3.54923	3.54923e+06	
24100	1.09548	19.4182	0	-3.22e-06	1.36902e-06	0	3.49895	3.49895e+06	
24200	1.09272	19.5801	0	-3.22e-06	1.36902e-06	0	3.49895	3.49895e+06	
24300	1.10903	19.688	0	-3.22e-06	1.36902e-06	0	3.49895	3.49895e+06	
24400	1.12351	19.8092	0	-3.22e-06	1.36902e-06	0	3.49895	3.49895e+06	
24500	1.13209	19.9561	0	-3.22e-06	1.36902e-06	0	3.49895	3.49895e+06	
24600	1.1327	20.0154	0	-3.22e-06	5.00755e-07	0	3.2587	3.2587e+06	
24700	1.13111	20.0869	0	-3.22e-06	5.00755e-07	0	3.2587	3.2587e+06	
24800	1.12605	20.1728	0	-3.22e-06	5.00755e-07	0	3.2587	3.2587e+06	
24900	1.11555	20.2753	0	-3.22e-06	5.00755e-07	0	3.2587	3.2587e+06	
25000	1.09841	20.3932	0	-3.22e-06	5.00755e-07	0	3.2587	3.2587e+06	
25100	1.11466	20.2702	0	-3.22e-06	-1.47752e-06	0	3.54281	3.54281e+06	
25200	1.12852	20.1256	0	-3.22e-06	-1.47752e-06	0	3.54281	3.54281e+06	
25300	1.13234	19.95	0	-3.22e-06	-1.47752e-06	0	3.54281	3.54281e+06	
25400	1.11807	19.7393	0	-3.22e-06	-1.47752e-06	0	3.54281	3.54281e+06	
25500	1.08756	19.5096	0	-3.22e-06	-1.47752e-06	0	3.54281	3.54281e+06	
25600	1.09746	19.3881	0	-3.22e-06	-1.30355e-06	0	3.47385	3.47385e+06	
25700	1.11252	19.2875	0	-3.22e-06	-1.30355e-06	0	3.47385	3.47385e+06	
25800	1.12536	19.1701	0	-3.22e-06	-1.30355e-06	0	3.47385	3.47385e+06	
25900	1.13243	19.0277	0	-3.22e-06	-1.30355e-06	0	3.47385	3.47385e+06	
26000	1.12842	18.8557	0	-3.22e-06	-1.30355e-06	0	3.47385	3.47385e+06	
26100	1.12334	18.7396	0	-2.43389e-06	-7.11886e-07	0	2.53586	2.53586e+06	
26200	1.10518	18.6108	0	-2.43389e-06	-7.11886e-07	0	2.53586	2.53586e+06	
26300	1.09279	18.4967	0	-2.43389e-06	-7.11886e-07	0	2.53586	2.53586e+06	
26400	1.09714	18.4323	0	-2.43389e-06	-7.11886e-07	0	2.53586	2.53586e+06	
26500	1.10356	18.3877	0	-2.43389e-06	-7.11886e-07	0	2.53586	2.53586e+06	
26600	1.09629	18.4333	0	-2.61656e-06	6.30231e-09	0	2.61657	2.61657e+06	
26700	1.09271	18.4661	0	-2.61656e-06	6.30231e-09	0	2.61657	2.61657e+06	
26800	1.09158	18.4842	0	-2.61656e-06	6.30231e-09	0	2.61657	2.61657e+06	
26900	1.09132	18.4931	0	-2.61656e-06	6.30231e-09	0	2.61657	2.61657e+06	
27000	1.09126	18.4973	0	-2.61656e-06	6.30231e-09	0	2.61657	2.61657e+06	
27100	1.14788	18.7474	0	-4.45781e-07	2.10792e-06	0	2.15454	2.15454e+06	
27200	1.16955	19.0045	0	-4.45781e-07	2.10792e-06	0	2.15454	2.15454e+06	
27300	1.16399	19.2692	0	-4.45781e-07	2.10792e-06	0	2.15454	2.15454e+06	
27400	1.13783	19.5339	0	-4.45781e-07	2.10792e-06	0	2.15454	2.15454e+06	
27500	1.15328	19.7866	0	-4.45781e-07	2.10792e-06	0	2.15454	2.15454e+06	
27600	1.16561	20.1853	0	-5.22614e-07	3.22e-06	0	3.26214	3.26214e+06	
27700	1.13575	20.5877	0	-5.22614e-07	3.22e-06	0	3.26214	3.26214e+06	
27800	1.16405	20.9789	0	-5.22614e-07	3.22e-06	0	3.26214	3.26214e+06	
27900	1.15314	21.3824	0	-5.22614e-07	3.22e-06	0	3.26214	3.26214e+06	
28000	1.14746	21.7766	0	-5.22614e-07	3.22e-06	0	3.26214	3.26214e+06	
28100	1.28576	22.1754	0	9.89181e-07	3.22e-06	0	3.36851	3.36851e+06	
28200	1.40866	22.5754	0	9.89181e-07	3.22e-06	0	3.36851	3.36851e+06	
28300	1.53154	22.9754	0	9.89181e-07	3.22e-06	0	3.36851	3.36851e+06	
28400	1.65442	23.3754	0	9.89181e-07	3.22e-06	0	3.36851	3.36851e+06	
28500	1.7773	23.7754	0	9.89181e-07	3.22e-06	0	3.36851	3.36851e+06	
28600	2.06756	23.7215	0	2.33662e-06	-4.34527e-07	0	2.37668	2.37668e+06	
28700	2.35782	23.6675	0	2.33662e-06	-4.34527e-07	0	2.37668	2.37668e+06	
28800	2.64809	23.6135	0	2.33662e-06	-4.34527e-07	0	2.37668	2.37668e+06	
28900	2.93835	23.5595	0	2.33662e-06	-4.34527e-07	0	2.37668	2.37668e+06	
29000	3.22861	23.5056	0	2.33662e-06	-4.34527e-07	0	2.37668	2.37668e+06	
29100	3.62861	23.1056	0	3.22e-06	-3.22e-06	0	4.55377	4.55377e+06	
29200	4.02861	22.7056	0	3.22e-06	-3.22e-06	0	4.55377	4.55377e+06	
29300	4.42861	22.3056	0	3.22e-06	-3.22e-06	0	4.55377	4.55377e+06	
29400	4.82861	21.9056	0	3.22e-06	-3.22e-06	0	4.55377	4.55377e+06	
29500	5.22861	21.5056	0	3.22e-06	-3.22e-06	0	4.55377	4.55377e+06	
29600	5.59576	21.1957	0	2.95552e-06	-2.49416e-06	0	3.86729	3.86729e+06	
29700	5.96291	20.8859	0	2.95552e-06	-2.49416e-06	0	3.86729	3.86729e+06	
29800	6.33005	20.5761	0	2.95552e-06	-2.49416e-06	0	3.86729	3.86729e+06	
29900	6.6972	20.2662	0	2.95552e-06	-2.49416e-06	0	3.86729	3.86729e+06	
30000	7.06434	19.9564	0	2.95552e-06	-2.49416e-06	0	3.86729	3.86729e+06	
30100	6.89975	19.6483	0	-1.325e-06	-2.47988e-06	0	2.81166	2.81166e+06	
30200	6.73515	19.3403	0	-1.325e-06	-2.47988e-06	0	2.81166	2.81166e+06	
30300	6.57055	19.0322	0	-1.325e-06	-2.47988e-06	0	2.81166	2.81166e+06	
30400	6.40596	18.7242	0	-1.325e-06	-2.47988e-06	0	2.81166	2.81166e+06	
30500	6.24136	18.4161	0	-1.325e-06	-2.47988e-06	0	2.81166	2.81166e+06	
30600	6.2538	18.1402	0	1.00176e-07	-2.22055e-06	0	2.22281	2.22281e+06	
30700	6.26625	17.8644	0	1.00176e-07	-2.22055e-06	0	2.22281	2.22281e+06	
30800	6.27869	17.5886	0	1.00176e-07	-2.22055e-06	0	2.22281	2.22281e+06	
30900	6.29114	17.3127	0	1.00176e-07	-2.22055e-06	0	2.22281	2.22281e+06	
31000	6.30358	17.0369	0	1.00176e-07	-2.22055e-06	0	2.22281	2.22281e+06	
31100	6.41406	16.639	0	8.89371e-07	-3.20304e-06	0	3.32422	3.32422e+06	
31200	6.52454	16.2411	0	8.89371e-07	-3.20304e-06	0	3.32422	3.32422e+06	
31300	6.63502	15.8432	0	8.89371e-07	-3.20304e-06	0	3.32422	3.32422e+06	
31400	6.7455	15.4453	0	8.89371e-07	-3.20304e-06	0	3.32422	3.32422e+06	
31500	6.85599	15.0474	0	8.89371e-07	-3.20304e-06	0	3.32422	3.32422e+06	
31600	6.58155	14.6711	0	-2.20923e-06	-3.02885e-06	0	3.74895	3.74895e+06	
31700	6.30711	14.2949	0	-2.20923e-06	-3.02885e-06	0	3.74895	3.74895e+06	
31800	6.03267	13.9186	0	-2.20923e-06	-3.02885e-06	0	3.74895	3.74895e+06	
31900	5.75823	13.5424	0	-2.20923e-06	-3.02885e-06	0	3.74895	3.74895e+06	
32000	5.4838	13.1661	0	-2.20923e-06	-3.02885e-06	0	3.74895	3.74895e+06	
32100	5.0838	12.7661	0	-3.22e-06	-3.22e-06	0	4.55377	4.55377e+06	
32200	4.6838	12.3661	0	-3.22e-06	-3.22e-06	0	4.55377	4.55377e+06	
32300	4.2838	11.9661	0	-3.22e-06	-3.22e-06	0	4.55377	4.55377e+06	
32400	3.8838	11.5661	0	-3.22e-06	-3.22e-06	0	4.55377	4.55377e+06	
32500	3.4838	11.1661	0	-3.22e-06	-3.22e-06	0	4.55377	4.55377e+06	
32600	3.0838	10.7927	0	-3.22e-06	-3.00601e-06	0	4.40505	4.40505e+06	
32700	2.6838	10.4193	0	-3.22e-06	-3.00601e-06	0	4.40505	4.40505e+06	
32800	2.2838	10.0459	0	-3.22e-06	-3.00601e-06	0	4.40505	4.40505e+06	
32900	1.8838	9.67246	0	-3.22e-06	-3.00601e-06	0	4.40505	4.40505e+06	
33000	1.4838	9.29904	0	-3.22e-06	-3.00601e-06	0	4.40505	4.40505e+06	
33100	1.12229	9.23239	0	-3.22e-06	-5.70423e-07	0	3.27014	3.27014e+06	
33200	1.12289	9.20236	0	-3.22e-06	-5.70423e-07	0	3.27014	3.27014e+06	
33300	1.12602	9.1665	0	-3.22e-06	-5.70423e-07	0	3.27014	3.27014e+06	
33400	1.12901	9.12318	0	-3.22e-06	-5.70423e-07	0	3.27014	3.27014e+06	
33500	1.13145	9.07084	0	-3.22e-06	-5.70423e-07	0	3.27014	3.27014e+06	
33600	1.13915	9.00128	0	-2.3349e-06	-6.02477e-07	0	2.41137	2.41137e+06	
33700	1.13791	8.92141	0	-2.3349e-06	-6.02477e-07	0	2.41137	2.41137e+06	
33800	1.13289	8.83023	0	-2.3349e-06	-6.02477e-07	0	2.41137	2.41137e+06	
33900	1.12255	8.72677	0	-2.3349e-06	-6.02477e-07	0	2.41137	2.41137e+06	
34000	1.10617	8.61247	0	-2.3349e-06	-6.02477e-07	0	2.41137	2.41137e+06	
34100	1.11907	8.74231	0	-2.77525e-06	1.45582e-06	0	3.13392	3.13392e+06	
34200	1.13245	8.89202	0	-2.77525e-06	1.45582e-06	0	3.13392	3.13392e+06	
34300	1.13489	9.06907	0	-2.77525e-06	1.45582e-06	0	3.13392	3.13392e+06	
34400	1.11943	9.2757	0	-2.77525e-06	1.45582e-06	0	3.13392	3.13392e+06	
34500	1.0905	9.49512	0	-2.77525e-06	1.45582e-06	0	3.13392	3.13392e+06	
34600	1.1352	9.86183	0	-2.04009e-06	3.22e-06	0	3.81187	3.81187e+06	
34700	1.12904	10.2674	0	-2.04009e-06	3.22e-06	0	3.81187	3.81187e+06	
34800	1.11183	10.6652	0	-2.04009e-06	3.22e-06	0	3.81187	3.81187e+06	
34900	1.14163	11.0446	0	-2.04009e-06	3.22e-06	0	3.81187	3.81187e+06	
35000	1.10232	11.4655	0	-2.04009e-06	3.22e-06	0	3.81187	3.81187e+06	
35100	1.13822	11.8414	0	-1.54956e-06	3.22e-06	0	3.57345	3.57345e+06	
35200	1.13784	12.2436	0	-1.54956e-06	3.22e-06	0	3.57345	3.57345e+06	
35300	1.11324	12.6446	0	-1.54956e-06	3.22e-06	0	3.57345	3.57345e+06	
35400	1.14699	13.0262	0	-1.54956e-06	3.22e-06	0	3.57345	3.57345e+06	
35500	1.11315	13.4408	0	-1.54956e-06	3.22e-06	0	3.57345	3.57345e+06	
35600	1.12972	13.8108	0	-2.15758e-06	3.22e-06	0	3.87602	3.87602e+06	
35700	1.13315	14.2102	0	-2.15758e-06	3.22e-06	0	3.87602	3.87602e+06	
35800	1.10378	14.618	0	-2.15758e-06	3.22e-06	0	3.87602	3.87602e+06	
35900	1.14022	14.9894	0	-2.15758e-06	3.22e-06	0	3.87602	3.87602e+06	
36000	1.10889	15.4086	0	-2.15758e-06	3.22e-06	0	3.87602	3.87602e+06	
36100	1.13053	15.7875	0	-1.77895e-06	3.22e-06	0	3.67873	3.67873e+06	
36200	1.13935	16.1843	0	-1.77895e-06	3.22e-06	0	3.67873	3.67873e+06	
36300	1.10411	16.5941	0	-1.77895e-06	3.22e-06	0	3.67873	3.67873e+06	
36400	1.14333	16.9676	0	-1.77895e-06	3.22e-06	0	3.67873	3.67873e+06	
36500	1.11794	17.3815	0	-1.77895e-06	3.22e-06	0	3.67873	3.67873e+06	
36600	1.30145	17.7342	0	1.38141e-06	2.82682e-06	0	3.1463	3.1463e+06	
36700	1.47306	18.0854	0	1.38141e-06	2.82682e-06	0	3.1463	3.1463e+06	
36800	1.64467	18.4365	0	1.38141e-06	2.82682e-06	0	3.1463	3.1463e+06	
36900	1.81627	18.7877	0	1.38141e-06	2.82682e-06	0	3.1463	3.1463e+06	
37000	1.98787	19.1388	0	1.38141e-06	2.82682e-06	0	3.1463	3.1463e+06	
37100	1.94865	19.1545	0	-3.15711e-07	1.26024e-07	0	0.339935	339935	
37200	1.90944	19.1701	0	-3.15711e-07	1.26024e-07	0	0.339935	339935	
37300	1.87022	19.1858	0	-3.15711e-07	1.26024e-07	0	0.339935	339935	
37400	1.831	19.2014	0	-3.15711e-07	1.26024e-07	0	0.339935	339935	
37500	1.79178	19.2171	0	-3.15711e-07	1.26024e-07	0	0.339935	339935	
37600	1.53585	19.0439	0	-2.06024e-06	-1.39453e-06	0	2.48783	2.48783e+06	
37700	1.27993	18.8706	0	-2.06024e-06	-1.39453e-06	0	2.48783	2.48783e+06	
37800	1.12097	18.6856	0	-2.06024e-06	-1.39453e-06	0	2.48783	2.48783e+06	
37900	1.0964	18.4879	0	-2.06024e-06	-1.39453e-06	0	2.48783	2.48783e+06	
38000	1.11195	18.3482	0	-2.06024e-06	-1.39453e-06	0	2.48783	2.48783e+06	
38100	1.11183	18.5951	0	-1.24521e-06	1.95632e-06	0	2.319	2.319e+06	
38200	1.14096	18.8142	0	-1.24521e-06	1.95632e-06	0	2.319	2.319e+06	
38300	1.15144	19.0516	0	-1.24521e-06	1.95632e-06	0	2.319	2.319e+06	
38400	1.1346	19.3056	0	-1.24521e-06	1.95632e-06	0	2.319	2.319e+06	
38500	1.10836	19.557	0	-1.24521e-06	1.95632e-06	0	2.319	2.319e+06	
38600	1.13387	19.5773	0	-3.93506e-07	2.33737e-07	0	0.45769	457690	
38700	1.13782	19.599	0	-3.93506e-07	2.33737e-07	0	0.45769	457690	
38800	1.14103	19.6204	0	-3.93506e-07	2.33737e-07	0	0.45769	457690	
38900	1.14425	19.6416	0	-3.93506e-07	2.33737e-07	0	0.45769	457690	
39000	1.14746	19.6629	0	-3.93506e-07	2.33737e-07	0	0.45769	457690	
39100	1.12326	19.5677	0	-8.06823e-07	-6.78634e-07	0	1.05428	1.05428e+06	
39200	1.11581	19.4794	0	-8.06823e-07	-6.78634e-07	0	1.05428	1.05428e+06	
39300	1.12187	19.4064	0	-8.06823e-07	-6.78634e-07	0	1.05428	1.05428e+06	
39400	1.13199	19.3386	0	-8.06823e-07	-6.78634e-07	0	1.05428	1.05428e+06	
39500	1.14176	19.2693	0	-8.06823e-07	-6.78634e-07	0	1.05428	1.05428e+06	
39600	1.13464	19.0556	0	-2.76449e-06	-1.92232e-06	0	3.36715	3.36715e+06	
39700	1.12833	18.807	0	-2.76449e-06	-1.92232e-06	0	3.36715	3.36715e+06	
39800	1.09267	18.5292	0	-2.76449e-06	-1.92232e-06	0	3.36715	3.36715e+06	
39900	1.109	18.3281	0	-2.76449e-06	-1.92232e-06	0	3.36715	3.36715e+06	
40000	1.13106	18.1287	0	-2.76449e-06	-1.92232e-06	0	3.36715	3.36715e+06	
40100	1.13375	17.7241	0	-1.61277e-06	-3.22e-06	0	3.60131	3.60131e+06	
40200	1.11674	17.3274	0	-1.61277e-06	-3.22e-06	0	3.60131	3.60131e+06	
40300	1.14618	16.9433	0	-1.61277e-06	-3.22e-06	0	3.60131	3.60131e+06	
40400	1.10778	16.5273	0	-1.61277e-06	-3.22e-06	0	3.60131	3.60131e+06	
40500	1.13807	16.1526	0	-1.61277e-06	-3.22e-06	0	3.60131	3.60131e+06	
40600	1.12709	15.7475	0	-2.37329e-06	-3.22e-06	0	4.00011	4.00011e+06	
40700	1.10745	15.3469	0	-2.37329e-06	-3.22e-06	0	4.00011	4.00011e+06	
40800	1.1387	14.9727	0	-2.37329e-06	-3.22e-06	0	4.00011	4.00011e+06	
40900	1.10022	14.5485	0	-2.37329e-06	-3.22e-06	0	4.00011	4.00011e+06	
41000	1.12875	14.1822	0	-2.37329e-06	-3.22e-06	0	4.00011	4.00011e+06	
41100	1.13418	13.7821	0	-2.00225e-06	-3.22e-06	0	3.79176	3.79176e+06	
41200	1.10591	13.3762	0	-2.00225e-06	-3.22e-06	0	3.79176	3.79176e+06	
41300	1.14179	13.0021	0	-2.00225e-06	-3.22e-06	0	3.79176	3.79176e+06	
41400	1.10973	12.5839	0	-2.00225e-06	-3.22e-06	0	3.79176	3.79176e+06	
41500	1.12898	12.2087	0	-2.00225e-06	-3.22e-06	0	3.79176	3.79176e+06	
41600	1.1485	11.8115	0	-1.16286e-06	-3.22e-06	0	3.42354	3.42354e+06	
41700	1.11263	11.4059	0	-1.16286e-06	-3.22e-06	0	3.42354	3.42354e+06	
41800	1.15127	11.0241	0	-1.16286e-06	-3.22e-06	0	3.42354	3.42354e+06	
41900	1.12926	10.6154	0	-1.16286e-06	-3.22e-06	0	3.42354	3.42354e+06	
42000	1.13533	10.2285	0	-1.16286e-06	-3.22e-06	0	3.42354	3.42354e+06	
42100	1.12784	9.83549	0	-3.22e-06	-3.22e-06	0	4.55377	4.55377e+06	
42200	1.09222	9.41369	0	-3.22e-06	-3.22e-06	0	4.55377	4.55377e+06	
42300	1.13115	9.0615	0	-3.22e-06	-3.22e-06	0	4.55377	4.55377e+06	
42400	1.10609	8.63831	0	-3.22e-06	-3.22e-06	0	4.55377	4.55377e+06	
42500	1.11413	8.26413	0	-3.22e-06	-3.22e-06	0	4.55377	4.55377e+06	
42600	1.13039	7.88084	0	-3.22e-06	-3.22e-06	0	4.55377	4.55377e+06	
42700	1.08841	7.45069	0	-3.22e-06	-3.22e-06	0	4.55377	4.55377e+06	
42800	1.12923	7.10246	0	-3.22e-06	-3.22e-06	0	4.55377	4.55377e+06	
42900	1.11288	6.68635	0	-3.22e-06	-3.22e-06	0	4.55377	4.55377e+06	
43000	1.10914	6.30058	0	-3.22e-06	-3.22e-06	0	4.55377	4.55377e+06	
43100	1.13197	5.92538	0	-3.22e-06	-3.22e-06	0	4.55377	4.55377e+06	
43200	1.08761	5.49073	0	-3.22e-06	-3.22e-06	0	4.55377	4.55377e+06	
43300	1.1266	5.14253	0	-3.22e-06	-3.22e-06	0	4.55377	4.55377e+06	
43400	1.11872	4.73394	0	-3.22e-06	-3.22e-06	0	4.55377	4.55377e+06	
43500	1.10381	4.33634	0	-3.22e-06	-3.22e-06	0	4.55377	4.55377e+06	
43600	1.15257	4.01212	0	-1.12378e-06	-2.74735e-06	0	2.9683	2.9683e+06	
43700	1.13505	3.66262	0	-1.12378e-06	-2.74735e-06	0	2.9683	2.9683e+06	
43800	1.12326	3.32682	0	-1.12378e-06	-2.74735e-06	0	2.9683	2.9683e+06	
43900	1.15287	2.99906	0	-1.12378e-06	-2.74735e-06	0	2.9683	2.9683e+06	
44000	1.13335	2.64899	0	-1.12378e-06	-2.74735e-06	0	2.9683	2.9683e+06	
44100	1.41089	2.47983	0	2.18586e-06	-1.35462e-06	0	2.57157	2.57157e+06	
44200	1.68243	2.31155	0	2.18586e-06	-1.35462e-06	0	2.57157	2.57157e+06	
44300	1.95333	2.15957	0	2.18586e-06	-1.35462e-06	0	2.57157	2.57157e+06	
44400	2.23123	2.14087	0	2.18586e-06	-1.35462e-06	0	2.57157	2.57157e+06	
44500	2.51728	2.10634	0	2.18586e-06	-1.35462e-06	0	2.57157	2.57157e+06	
44600	2.58484	2.09589	0	8.42983e-07	-2.89918e-06	0	3.01925	3.01925e+06	
44700	2.63431	2.10343	0	8.42983e-07	-2.89918e-06	0	3.01925	3.01925e+06	
44800	2.68393	2.11095	0	8.42983e-07	-2.89918e-06	0	3.01925	3.01925e+06	
44900	2.73979	2.11844	0	8.42983e-07	-2.89918e-06	0	3.01925	3.01925e+06	
45000	2.8053	2.12551	0	8.42983e-07	-2.89918e-06	0	3.01925	3.01925e+06	
45100	2.84748	2.13879	0	4.94092e-07	-1.78294e-06	0	1.85014	1.85014e+06	
45200	2.89532	2.14175	0	4.94092e-07	-1.78294e-06	0	1.85014	1.85014e+06	
45300	2.94848	2.1438	0	4.94092e-07	-1.78294e-06	0	1.85014	1.85014e+06	
45400	3.00749	2.14455	0	4.94092e-07	-1.78294e-06	0	1.85014	1.85014e+06	
45500	3.07291	2.14351	0	4.94092e-07	-1.78294e-06	0	1.85014	1.85014e+06	
45600	3.13931	2.25676	0	5.26856e-07	7.10615e-07	0	0.884619	884619	
45700	3.20476	2.34518	0	5.26856e-07	7.10615e-07	0	0.884619	884619	
45800	3.27021	2.43345	0	5.26856e-07	7.10615e-07	0	0.884619	884619	
45900	3.33566	2.52173	0	5.26856e-07	7.10615e-07	0	0.884619	884619	
46000	3.40111	2.61001	0	5.26856e-07	7.10615e-07	0	0.884619	884619	
46100	3.12455	2.46314	0	-2.22632e-06	-1.1823e-06	0	2.52078	2.52078e+06	
46200	2.84798	2.31627	0	-2.22632e-06	-1.1823e-06	0	2.52078	2.52078e+06	
46300	2.57121	2.17101	0	-2.22632e-06	-1.1823e-06	0	2.52078	2.52078e+06	
46400	2.30753	2.12633	0	-2.22632e-06	-1.1823e-06	0	2.52078	2.52078e+06	
46500	2.04548	2.15099	0	-2.22632e-06	-1.1823e-06	0	2.52078	2.52078e+06	
46600	1.83212	2.55835	0	-1.71861e-06	3.22e-06	0	3.64993	3.64993e+06	
46700	1.61863	2.95835	0	-1.71861e-06	3.22e-06	0	3.64993	3.64993e+06	
46800	1.40514	3.35835	0	-1.71861e-06	3.22e-06	0	3.64993	3.64993e+06	
46900	1.19241	3.75826	0	-1.71861e-06	3.22e-06	0	3.64993	3.64993e+06	
47000	1.14172	4.15776	0	-1.71861e-06	3.22e-06	0	3.64993	3.64993e+06	
47100	1.09298	4.57834	0	-2.9316e-06	3.22e-06	0	4.35461	4.35461e+06	
47200	1.13275	4.93378	0	-2.9316e-06	3.22e-06	0	4.35461	4.35461e+06	
47300	1.10946	5.35392	0	-2.9316e-06	3.22e-06	0	4.35461	4.35461e+06	
47400	1.11526	5.73189	0	-2.9316e-06	3.22e-06	0	4.35461	4.35461e+06	
47500	1.13248	6.11596	0	-2.9316e-06	3.22e-06	0	4.35461	4.35461e+06	
47600	1.17873	6.51946	0	2.91754e-08	3.22e-06	0	3.22013	3.22013e+06	
47700	1.1941	6.91833	0	2.91754e-08	3.22e-06	0	3.22013	3.22013e+06	
47800	1.20799	7.31863	0	2.91754e-08	3.22e-06	0	3.22013	3.22013e+06	
47900	1.21326	7.71862	0	2.91754e-08	3.22e-06	0	3.22013	3.22013e+06	
48000	1.22159	8.11846	0	2.91754e-08	3.22e-06	0	3.22013	3.22013e+06	
48100	1.62181	8.18838	0	3.22e-06	5.62728e-07	0	3.2688	3.2688e+06	
48200	2.02181	8.25828	0	3.22e-06	5.62728e-07	0	3.2688	3.2688e+06	
48300	2.42181	8.32819	0	3.22e-06	5.62728e-07	0	3.2688	3.2688e+06	
48400	2.82181	8.39809	0	3.22e-06	5.62728e-07	0	3.2688	3.2688e+06	
48500	3.22181	8.468	0	3.22e-06	5.62728e-07	0	3.2688	3.2688e+06	
48600	3.28314	8.068	0	4.93782e-07	-3.22e-06	0	3.25764	3.25764e+06	
48700	3.34448	7.668	0	4.93782e-07	-3.22e-06	0	3.25764	3.25764e+06	
48800	3.40582	7.268	0	4.93782e-07	-3.22e-06	0	3.25764	3.25764e+06	
48900	3.46716	6.868	0	4.93782e-07	-3.22e-06	0	3.25764	3.25764e+06	
49000	3.5285	6.468	0	4.93782e-07	-3.22e-06	0	3.25764	3.25764e+06	
49100	3.41672	6.068	0	-8.99809e-07	-3.22e-06	0	3.34336	3.34336e+06	
49200	3.30495	5.668	0	-8.99809e-07	-3.22e-06	0	3.34336	3.34336e+06	
49300	3.19317	5.268	0	-8.99809e-07	-3.22e-06	0	3.34336	3.34336e+06	
49400	3.08139	4.868	0	-8.99809e-07	-3.22e-06	0	3.34336	3.34336e+06	
49500	2.96961	4.468	0	-8.99809e-07	-3.22e-06	0	3.34336	3.34336e+06	
49600	2.6466	4.12573	0	-2.60027e-06	-2.75524e-06	0	3.7885	3.7885e+06	
49700	2.32359	3.78346	0	-2.60027e-06	-2.75524e-06	0	3.7885	3.7885e+06	
49800	2.00057	3.4412	0	-2.60027e-06	-2.75524e-06	0	3.7885	3.7885e+06	
49900	1.67756	3.09893	0	-2.60027e-06	-2.75524e-06	0	3.7885	3.7885e+06	
50000	1.35454	2.75666	0	-2.60027e-06	-2.75524e-06	0	3.7885	3.7885e+06	
