0	52	58	0	2.90049e-06	-6.18604e-07	0	2.96572	2.96572e+06	
100	52.3187	58.062	0	2.56565e-06	4.99443e-07	0	2.61381	2.61381e+06	
200	52.6374	58.1241	0	2.56565e-06	4.99443e-07	0	2.61381	2.61381e+06	
300	52.9561	58.1861	0	2.56565e-06	4.99443e-07	0	2.61381	2.61381e+06	
400	53.2749	58.2482	0	2.56565e-06	4.99443e-07	0	2.61381	2.61381e+06	
500	53.5936	58.3102	0	2.56565e-06	4.99443e-07	0	2.61381	2.61381e+06	
600	53.9719	58.4961	0	3.04556e-06	1.49632e-06	0	3.39329	3.39329e+06	
700	54.3502	58.682	0	3.04556e-06	1.49632e-06	0	3.39329	3.39329e+06	
800	54.7286	58.8678	0	3.04556e-06	1.49632e-06	0	3.39329	3.39329e+06	
900	55.1069	59.0537	0	3.04556e-06	1.49632e-06	0	3.39329	3.39329e+06	
1000	55.4852	59.2396	0	3.04556e-06	1.49632e-06	0	3.39329	3.39329e+06	
1100	55.7283	58.9889	0	1.9565e-06	-2.01783e-06	0	2.81061	2.81061e+06	
1200	55.9713	58.7383	0	1.9565e-06	-2.01783e-06	0	2.81061	2.81061e+06	
1300	56.2144	58.4876	0	1.9565e-06	-2.01783e-06	0	2.81061	2.81061e+06	
1400	56.4574	58.237	0	1.9565e-06	-2.01783e-06	0	2.81061	2.81061e+06	
1500	56.7004	57.9863	0	1.9565e-06	-2.01783e-06	0	2.81061	2.81061e+06	
1600	57.1004	57.8032	0	3.22e-06	-1.47389e-06	0	3.54129	3.54129e+06	
1700	57.5004	57.6201	0	3.22e-06	-1.47389e-06	0	3.54129	3.54129e+06	
1800	57.9004	57.437	0	3.22e-06	-1.47389e-06	0	3.54129	3.54129e+06	
1900	58.3004	57.2539	0	3.22e-06	-1.47389e-06	0	3.54129	3.54129e+06	
2000	58.7004	57.0708	0	3.22e-06	-1.47389e-06	0	3.54129	3.54129e+06	
2100	59.1004	56.6708	0	3.22e-06	-3.22e-06	0	4.55377	4.55377e+06	
2200	59.5004	56.2708	0	3.22e-06	-3.22e-06	0	4.55377	4.55377e+06	
2300	59.9004	55.8708	0	3.22e-06	-3.22e-06	0	4.55377	4.55377e+06	
2400	60.3004	55.4708	0	3.22e-06	-3.22e-06	0	4.55377	4.55377e+06	
2500	60.7004	55.0708	0	3.22e-06	-3.22e-06	0	4.55377	4.55377e+06	
2600	61.1004	55.0283	0	3.22e-06	-3.42415e-07	0	3.23816	3.23816e+06	
2700	61.5004	54.9858	0	3.22e-06	-3.42415e-07	0	3.23816	3.23816e+06	
2800	61.9004	54.9432	0	3.22e-06	-3.42415e-07	0	3.23816	3.23816e+06	
2900	62.3004	54.9007	0	3.22e-06	-3.42415e-07	0	3.23816	3.23816e+06	
3000	62.7004	54.8582	0	3.22e-06	-3.42415e-07	0	3.23816	3.23816e+06	
3100	62.9435	54.9792	0	1.95644e-06	9.74722e-07	0	2.1858	2.1858e+06	
3200	63.1865	55.1003	0	1.95644e-06	9.74722e-07	0	2.1858	2.1858e+06	
3300	63.4296	55.2214	0	1.95644e-06	9.74722e-07	0	2.1858	2.1858e+06	
3400	63.6726	55.3425	0	1.95644e-06	9.74722e-07	0	2.1858	2.1858e+06	
3500	63.9156	55.4636	0	1.95644e-06	9.74722e-07	0	2.1858	2.1858e+06	
3600	63.9425	55.4831	0	2.16448e-07	1.57133e-07	0	0.267471	267471	
3700	63.9694	55.5026	0	2.16448e-07	1.57133e-07	0	0.267471	267471	
3800	63.9963	55.5221	0	2.16448e-07	1.57133e-07	0	0.267471	267471	
3900	64.0232	55.5416	0	2.16448e-07	1.57133e-07	0	0.267471	267471	
4000	64.0501	55.5612	0	2.16448e-07	1.57133e-07	0	0.267471	267471	
4100	63.9711	55.8863	0	-6.35942e-07	2.61723e-06	0	2.69338	2.69338e+06	
4200	63.8921	56.2114	0	-6.35942e-07	2.61723e-06	0	2.69338	2.69338e+06	
4300	63.8131	56.5365	0	-6.35942e-07	2.61723e-06	0	2.69338	2.69338e+06	
4400	63.7341	56.8617	0	-6.35942e-07	2.61723e-06	0	2.69338	2.69338e+06	
4500	63.6551	57.1868	0	-6.35942e-07	2.61723e-06	0	2.69338	2.69338e+06	
4600	63.8208	57.3509	0	1.33383e-06	1.32103e-06	0	1.87729	1.87729e+06	
4700	63.9865	57.515	0	1.33383e-06	1.32103e-06	0	1.87729	1.87729e+06	
4800	64.1521	57.6791	0	1.33383e-06	1.32103e-06	0	1.87729	1.87729e+06	
4900	64.3178	57.8432	0	1.33383e-06	1.32103e-06	0	1.87729	1.87729e+06	
5000	64.4835	58.0073	0	1.33383e-06	1.32103e-06	0	1.87729	1.87729e+06	
5100	64.7006	58.2544	0	1.74718e-06	1.98952e-06	0	2.64779	2.64779e+06	
5200	64.9176	58.5016	0	1.74718e-06	1.98952e-06	0	2.64779	2.64779e+06	
5300	65.1347	58.7487	0	1.74718e-06	1.98952e-06	0	2.64779	2.64779e+06	
5400	65.3517	58.9959	0	1.74718e-06	1.98952e-06	0	2.64779	2.64779e+06	
5500	65.5687	59.243	0	1.74718e-06	1.98952e-06	0	2.64779	2.64779e+06	
5600	65.8183	59.3857	0	2.0091e-06	1.14829e-06	0	2.3141	2.3141e+06	
5700	66.0679	59.5283	0	2.0091e-06	1.14829e-06	0	2.3141	2.3141e+06	
5800	66.3175	59.671	0	2.0091e-06	1.14829e-06	0	2.3141	2.3141e+06	
5900	66.567	59.8136	0	2.0091e-06	1.14829e-06	0	2.3141	2.3141e+06	
6000	66.8166	59.9562	0	2.0091e-06	1.14829e-06	0	2.3141	2.3141e+06	
6100	66.6715	60.0736	0	-1.16795e-06	9.45053e-07	0	1.50241	1.50241e+06	
6200	66.5265	60.191	0	-1.16795e-06	9.45053e-07	0	1.50241	1.50241e+06	
6300	66.3814	60.3084	0	-1.16795e-06	9.45053e-07	0	1.50241	1.50241e+06	
6400	66.2363	60.4258	0	-1.16795e-06	9.45053e-07	0	1.50241	1.50241e+06	
6500	66.0912	60.5432	0	-1.16795e-06	9.45053e-07	0	1.50241	1.50241e+06	
6600	66.2039	60.8934	0	9.07011e-07	2.81876e-06	0	2.9611	2.9611e+06	
6700	66.3165	61.2435	0	9.07011e-07	2.81876e-06	0	2.9611	2.9611e+06	
6800	66.4292	61.5937	0	9.07011e-07	2.81876e-06	0	2.9611	2.9611e+06	
6900	66.5419	61.9439	0	9.07011e-07	2.81876e-06	0	2.9611	2.9611e+06	
7000	66.6546	62.294	0	9.07011e-07	2.81876e-06	0	2.9611	2.9611e+06	
7100	66.4163	62.1895	0	-1.91791e-06	-8.41468e-07	0	2.09438	2.09438e+06	
7200	66.1781	62.085	0	-1.91791e-06	-8.41468e-07	0	2.09438	2.09438e+06	
7300	65.9398	61.9804	0	-1.91791e-06	-8.41468e-07	0	2.09438	2.09438e+06	
7400	65.7016	61.8759	0	-1.91791e-06	-8.41468e-07	0	2.09438	2.09438e+06	
7500	65.4633	61.7714	0	-1.91791e-06	-8.41468e-07	0	2.09438	2.09438e+06	
7600	65.137	61.5702	0	-2.62704e-06	-1.61932e-06	0	3.08602	3.08602e+06	
7700	64.8106	61.369	0	-2.62704e-06	-1.61932e-06	0	3.08602	3.08602e+06	
7800	64.4843	61.1679	0	-2.62704e-06	-1.61932e-06	0	3.08602	3.08602e+06	
7900	64.1579	60.9667	0	-2.62704e-06	-1.61932e-06	0	3.08602	3.08602e+06	
8000	63.8316	60.7656	0	-2.62704e-06	-1.61932e-06	0	3.08602	3.08602e+06	
8100	63.5371	60.6283	0	-2.37039e-06	-1.10511e-06	0	2.61535	2.61535e+06	
8200	63.2427	60.491	0	-2.37039e-06	-1.10511e-06	0	2.61535	2.61535e+06	
8300	62.9482	60.3537	0	-2.37039e-06	-1.10511e-06	0	2.61535	2.61535e+06	
8400	62.6538	60.2164	0	-2.37039e-06	-1.10511e-06	0	2.61535	2.61535e+06	
8500	62.3593	60.0792	0	-2.37039e-06	-1.10511e-06	0	2.61535	2.61535e+06	
8600	62.7593	59.778	0	3.22e-06	-2.42402e-06	0	4.03042	4.03042e+06	
8700	63.1593	59.4769	0	3.22e-06	-2.42402e-06	0	4.03042	4.03042e+06	
8800	63.5593	59.1758	0	3.22e-06	-2.42402e-06	0	4.03042	4.03042e+06	
8900	63.9593	58.8747	0	3.22e-06	-2.42402e-06	0	4.03042	4.03042e+06	
9000	64.3593	58.5736	0	3.22e-06	-2.42402e-06	0	4.03042	4.03042e+06	
9100	64.1901	58.2947	0	-1.36198e-06	-2.24486e-06	0	2.62572	2.62572e+06	
9200	64.0209	58.0158	0	-1.36198e-06	-2.24486e-06	0	2.62572	2.62572e+06	
9300	63.8517	57.737	0	-1.36198e-06	-2.24486e-06	0	2.62572	2.62572e+06	
9400	63.6825	57.4581	0	-1.36198e-06	-2.24486e-06	0	2.62572	2.62572e+06	
9500	63.5134	57.1792	0	-1.36198e-06	-2.24486e-06	0	2.62572	2.62572e+06	
9600	63.6429	57.0501	0	1.04259e-06	-1.03932e-06	0	1.47213	1.47213e+06	
9700	63.7724	56.921	0	1.04259e-06	-1.03932e-06	0	1.47213	1.47213e+06	
9800	63.9019	56.7919	0	1.04259e-06	-1.03932e-06	0	1.47213	1.47213e+06	
9900	64.0314	56.6628	0	1.04259e-06	-1.03932e-06	0	1.47213	1.47213e+06	
10000	64.1609	56.5337	0	1.04259e-06	-1.03932e-06	0	1.47213	1.47213e+06	
10100	64.3904	56.5784	0	1.84705e-06	3.59421e-07	0	1.88169	1.88169e+06	
10200	64.6198	56.623	0	1.84705e-06	3.59421e-07	0	1.88169	1.88169e+06	
10300	64.8493	56.6676	0	1.84705e-06	3.59421e-07	0	1.88169	1.88169e+06	
10400	65.0787	56.7123	0	1.84705e-06	3.59421e-07	0	1.88169	1.88169e+06	
10500	65.3082	56.7569	0	1.84705e-06	3.59421e-07	0	1.88169	1.88169e+06	
10600	65.7082	56.9676	0	3.22e-06	1.69539e-06	0	3.63906	3.63906e+06	
10700	66.1082	57.1782	0	3.22e-06	1.69539e-06	0	3.63906	3.63906e+06	
10800	66.5082	57.3888	0	3.22e-06	1.69539e-06	0	3.63906	3.63906e+06	
10900	66.9082	57.5994	0	3.22e-06	1.69539e-06	0	3.63906	3.63906e+06	
11000	67.3082	57.81	0	3.22e-06	1.69539e-06	0	3.63906	3.63906e+06	
11100	67.5264	58.21	0	1.75672e-06	3.22e-06	0	3.66803	3.66803e+06	
11200	67.7446	58.61	0	1.75672e-06	3.22e-06	0	3.66803	3.66803e+06	
11300	67.9628	59.01	0	1.75672e-06	3.22e-06	0	3.66803	3.66803e+06	
11400	68.1811	59.41	0	1.75672e-06	3.22e-06	0	3.66803	3.66803e+06	
11500	68.3993	59.81	0	1.75672e-06	3.22e-06	0	3.66803	3.66803e+06	
11600	68.2958	60.0223	0	-8.3336e-07	1.70947e-06	0	1.90178	1.90178e+06	
11700	68.1922	60.2347	0	-8.3336e-07	1.70947e-06	0	1.90178	1.90178e+06	
11800	68.0887	60.4471	0	-8.3336e-07	1.70947e-06	0	1.90178	1.90178e+06	
11900	67.9852	60.6594	0	-8.3336e-07	1.70947e-06	0	1.90178	1.90178e+06	
12000	67.8817	60.8718	0	-8.3336e-07	1.70947e-06	0	1.90178	1.90178e+06	
12100	67.8982	61.1229	0	1.32847e-07	2.02191e-06	0	2.02627	2.02627e+06	
12200	67.9147	61.3741	0	1.32847e-07	2.02191e-06	0	2.02627	2.02627e+06	
12300	67.9312	61.6253	0	1.32847e-07	2.02191e-06	0	2.02627	2.02627e+06	
12400	67.9477	61.8764	0	1.32847e-07	2.02191e-06	0	2.02627	2.02627e+06	
12500	67.9642	62.1276	0	1.32847e-07	2.02191e-06	0	2.02627	2.02627e+06	
12600	67.8181	62.0798	0	-1.17624e-06	-3.85162e-07	0	1.2377	1.2377e+06	
12700	67.672	62.0319	0	-1.17624e-06	-3.85162e-07	0	1.2377	1.2377e+06	
12800	67.5258	61.9841	0	-1.17624e-06	-3.85162e-07	0	1.2377	1.2377e+06	
12900	67.3797	61.9362	0	-1.17624e-06	-3.85162e-07	0	1.2377	1.2377e+06	
13000	67.2336	61.8884	0	-1.17624e-06	-3.85162e-07	0	1.2377	1.2377e+06	
13100	67.2766	61.9602	0	3.45812e-07	5.78429e-07	0	0.673919	673919	
13200	67.3195	62.0321	0	3.45812e-07	5.78429e-07	0	0.673919	673919	
13300	67.3625	62.1039	0	3.45812e-07	5.78429e-07	0	0.673919	673919	
13400	67.4054	62.1758	0	3.45812e-07	5.78429e-07	0	0.673919	673919	
13500	67.4484	62.2477	0	3.45812e-07	5.78429e-07	0	0.673919	673919	
13600	67.4804	62.397	0	2.58009e-07	1.20241e-06	0	1.22978	1.22978e+06	
13700	67.5125	62.5464	0	2.58009e-07	1.20241e-06	0	1.22978	1.22978e+06	
13800	67.5445	62.6958	0	2.58009e-07	1.20241e-06	0	1.22978	1.22978e+06	
13900	67.5766	62.8451	0	2.58009e-07	1.20241e-06	0	1.22978	1.22978e+06	
14000	67.6086	62.9945	0	2.58009e-07	1.20241e-06	0	1.22978	1.22978e+06	
14100	67.3507	62.8777	0	-2.07653e-06	-9.40193e-07	0	2.27946	2.27946e+06	
14200	67.0927	62.7609	0	-2.07653e-06	-9.40193e-07	0	2.27946	2.27946e+06	
14300	66.8348	62.6441	0	-2.07653e-06	-9.40193e-07	0	2.27946	2.27946e+06	
14400	66.5768	62.5273	0	-2.07653e-06	-9.40193e-07	0	2.27946	2.27946e+06	
14500	66.3189	62.4105	0	-2.07653e-06	-9.40193e-07	0	2.27946	2.27946e+06	
14600	66.2324	62.506	0	-6.95972e-07	7.68262e-07	0	1.03663	1.03663e+06	
14700	66.146	62.6014	0	-6.95972e-07	7.68262e-07	0	1.03663	1.03663e+06	
14800	66.0595	62.6968	0	-6.95972e-07	7.68262e-07	0	1.03663	1.03663e+06	
14900	65.9731	62.7923	0	-6.95972e-07	7.68262e-07	0	1.03663	1.03663e+06	
15000	65.8866	62.8877	0	-6.95972e-07	7.68262e-07	0	1.03663	1.03663e+06	
15100	66.2401	63.0791	0	2.84547e-06	1.54053e-06	0	3.23573	3.23573e+06	
15200	66.5935	63.2704	0	2.84547e-06	1.54053e-06	0	3.23573	3.23573e+06	
15300	66.947	63.4618	0	2.84547e-06	1.54053e-06	0	3.23573	3.23573e+06	
15400	67.3005	63.6532	0	2.84547e-06	1.54053e-06	0	3.23573	3.23573e+06	
15500	67.654	63.8446	0	2.84547e-06	1.54053e-06	0	3.23573	3.23573e+06	
15600	67.3463	63.5643	0	-2.47645e-06	-2.25631e-06	0	3.35019	3.35019e+06	
15700	67.0387	63.284	0	-2.47645e-06	-2.25631e-06	0	3.35019	3.35019e+06	
15800	66.7311	63.0037	0	-2.47645e-06	-2.25631e-06	0	3.35019	3.35019e+06	
15900	66.4234	62.7234	0	-2.47645e-06	-2.25631e-06	0	3.35019	3.35019e+06	
16000	66.1158	62.4431	0	-2.47645e-06	-2.25631e-06	0	3.35019	3.35019e+06	
16100	66.0024	62.489	0	-9.12788e-07	3.68956e-07	0	0.984536	984536	
16200	65.889	62.5348	0	-9.12788e-07	3.68956e-07	0	0.984536	984536	
16300	65.7756	62.5806	0	-9.12788e-07	3.68956e-07	0	0.984536	984536	
16400	65.6622	62.6265	0	-9.12788e-07	3.68956e-07	0	0.984536	984536	
16500	65.5489	62.6723	0	-9.12788e-07	3.68956e-07	0	0.984536	984536	
16600	65.809	62.7787	0	2.09403e-06	8.56666e-07	0	2.26248	2.26248e+06	
16700	66.0691	62.8851	0	2.09403e-06	8.56666e-07	0	2.26248	2.26248e+06	
16800	66.3292	62.9915	0	2.09403e-06	8.56666e-07	0	2.26248	2.26248e+06	
16900	66.5894	63.098	0	2.09403e-06	8.56666e-07	0	2.26248	2.26248e+06	
17000	66.8495	63.2044	0	2.09403e-06	8.56666e-07	0	2.26248	2.26248e+06	
17100	66.5567	63.1735	0	-2.35735e-06	-2.48871e-07	0	2.37046	2.37046e+06	
17200	66.2638	63.1425	0	-2.35735e-06	-2.48871e-07	0	2.37046	2.37046e+06	
17300	65.971	63.1116	0	-2.35735e-06	-2.48871e-07	0	2.37046	2.37046e+06	
17400	65.6781	63.0807	0	-2.35735e-06	-2.48871e-07	0	2.37046	2.37046e+06	
17500	65.3853	63.0498	0	-2.35735e-06	-2.48871e-07	0	2.37046	2.37046e+06	
17600	65.5644	62.6895	0	1.44152e-06	-2.90002e-06	0	3.23854	3.23854e+06	
17700	65.7434	62.3293	0	1.44152e-06	-2.90002e-06	0	3.23854	3.23854e+06	
17800	65.9225	61.969	0	1.44152e-06	-2.90002e-06	0	3.23854	3.23854e+06	
17900	66.1016	61.6088	0	1.44152e-06	-2.90002e-06	0	3.23854	3.23854e+06	
18000	66.2806	61.2485	0	1.44152e-06	-2.90002e-06	0	3.23854	3.23854e+06	
18100	65.9903	61.4253	0	-2.33745e-06	1.42302e-06	0	2.73654	2.73654e+06	
18200	65.6999	61.6021	0	-2.33745e-06	1.42302e-06	0	2.73654	2.73654e+06	
18300	65.4095	61.7789	0	-2.33745e-06	1.42302e-06	0	2.73654	2.73654e+06	
18400	65.1192	61.9556	0	-2.33745e-06	1.42302e-06	0	2.73654	2.73654e+06	
18500	64.8288	62.1324	0	-2.33745e-06	1.42302e-06	0	2.73654	2.73654e+06	
18600	64.788	61.7324	0	-3.28517e-07	-3.22e-06	0	3.23671	3.23671e+06	
18700	64.7472	61.3324	0	-3.28517e-07	-3.22e-06	0	3.23671	3.23671e+06	
18800	64.7064	60.9324	0	-3.28517e-07	-3.22e-06	0	3.23671	3.23671e+06	
18900	64.6656	60.5324	0	-3.28517e-07	-3.22e-06	0	3.23671	3.23671e+06	
19000	64.6248	60.1324	0	-3.28517e-07	-3.22e-06	0	3.23671	3.23671e+06	
19100	64.7442	59.7324	0	9.61061e-07	-3.22e-06	0	3.36036	3.36036e+06	
19200	64.8635	59.3324	0	9.61061e-07	-3.22e-06	0	3.36036	3.36036e+06	
19300	64.9829	58.9324	0	9.61061e-07	-3.22e-06	0	3.36036	3.36036e+06	
19400	65.1023	58.5324	0	9.61061e-07	-3.22e-06	0	3.36036	3.36036e+06	
19500	65.2217	58.1324	0	9.61061e-07	-3.22e-06	0	3.36036	3.36036e+06	
19600	65.553	57.7324	0	2.66687e-06	-3.22e-06	0	4.18098	4.18098e+06	
19700	65.8843	57.3324	0	2.66687e-06	-3.22e-06	0	4.18098	4.18098e+06	
19800	66.2156	56.9324	0	2.66687e-06	-3.22e-06	0	4.18098	4.18098e+06	
19900	66.5469	56.5324	0	2.66687e-06	-3.22e-06	0	4.18098	4.18098e+06	
20000	66.8781	56.1324	0	2.66687e-06	-3.22e-06	0	4.18098	4.18098e+06	
20100	67.0191	55.7712	0	1.13448e-06	-2.90768e-06	0	3.12116	3.12116e+06	
20200	67.16	55.41	0	1.13448e-06	-2.90768e-06	0	3.12116	3.12116e+06	
20300	67.3009	55.0488	0	1.13448e-06	-2.90768e-06	0	3.12116	3.12116e+06	
20400	67.4419	54.6876	0	1.13448e-06	-2.90768e-06	0	3.12116	3.12116e+06	
20500	67.5828	54.3264	0	1.13448e-06	-2.90768e-06	0	3.12116	3.12116e+06	
20600	67.6746	54.0957	0	7.39004e-07	-1.85671e-06	0	1.99838	1.99838e+06	
20700	67.7664	53.8651	0	7.39004e-07	-1.85671e-06	0	1.99838	1.99838e+06	
20800	67.8582	53.6345	0	7.39004e-07	-1.85671e-06	0	1.99838	1.99838e+06	
20900	67.95	53.4038	0	7.39004e-07	-1.85671e-06	0	1.99838	1.99838e+06	
21000	68.0418	53.1732	0	7.39004e-07	-1.85671e-06	0	1.99838	1.99838e+06	
21100	67.6633	53.0565	0	-3.04712e-06	-9.39186e-07	0	3.18858	3.18858e+06	
21200	67.2847	52.9398	0	-3.04712e-06	-9.39186e-07	0	3.18858	3.18858e+06	
21300	66.9062	52.8231	0	-3.04712e-06	-9.39186e-07	0	3.18858	3.18858e+06	
21400	66.5277	52.7065	0	-3.04712e-06	-9.39186e-07	0	3.18858	3.18858e+06	
21500	66.1492	52.5898	0	-3.04712e-06	-9.39186e-07	0	3.18858	3.18858e+06	
21600	66.2055	52.5976	0	4.53239e-07	6.26797e-08	0	0.457553	457553	
21700	66.2618	52.6054	0	4.53239e-07	6.26797e-08	0	0.457553	457553	
21800	66.3181	52.6132	0	4.53239e-07	6.26797e-08	0	0.457553	457553	
21900	66.3744	52.621	0	4.53239e-07	6.26797e-08	0	0.457553	457553	
22000	66.4307	52.6287	0	4.53239e-07	6.26797e-08	0	0.457553	457553	
22100	66.3061	52.4668	0	-1.00259e-06	-1.30334e-06	0	1.64434	1.64434e+06	
22200	66.1816	52.3049	0	-1.00259e-06	-1.30334e-06	0	1.64434	1.64434e+06	
22300	66.0571	52.143	0	-1.00259e-06	-1.30334e-06	0	1.64434	1.64434e+06	
22400	65.9325	51.9811	0	-1.00259e-06	-1.30334e-06	0	1.64434	1.64434e+06	
22500	65.808	51.8192	0	-1.00259e-06	-1.30334e-06	0	1.64434	1.64434e+06	
22600	65.855	51.708	0	3.78917e-07	-8.95284e-07	0	0.972168	972168	
22700	65.9021	51.5968	0	3.78917e-07	-8.95284e-07	0	0.972168	972168	
22800	65.9492	51.4856	0	3.78917e-07	-8.95284e-07	0	0.972168	972168	
22900	65.9962	51.3744	0	3.78917e-07	-8.95284e-07	0	0.972168	972168	
23000	66.0433	51.2631	0	3.78917e-07	-8.95284e-07	0	0.972168	972168	
23100	65.8114	51.1893	0	-1.86648e-06	-5.9484e-07	0	1.95898	1.95898e+06	
23200	65.5796	51.1154	0	-1.86648e-06	-5.9484e-07	0	1.95898	1.95898e+06	
23300	65.3477	51.0415	0	-1.86648e-06	-5.9484e-07	0	1.95898	1.95898e+06	
23400	65.1159	50.9676	0	-1.86648e-06	-5.9484e-07	0	1.95898	1.95898e+06	
23500	64.884	50.8937	0	-1.86648e-06	-5.9484e-07	0	1.95898	1.95898e+06	
23600	64.5864	50.8515	0	-2.39539e-06	-3.39289e-07	0	2.4193	2.4193e+06	
23700	64.2889	50.8094	0	-2.39539e-06	-3.39289e-07	0	2.4193	2.4193e+06	
23800	63.9913	50.7672	0	-2.39539e-06	-3.39289e-07	0	2.4193	2.4193e+06	
23900	63.6937	50.7251	0	-2.39539e-06	-3.39289e-07	0	2.4193	2.4193e+06	
24000	63.3962	50.6829	0	-2.39539e-06	-3.39289e-07	0	2.4193	2.4193e+06	
24100	63.0354	50.9448	0	-2.90454e-06	2.10792e-06	0	3.58883	3.58883e+06	
24200	62.6746	51.2066	0	-2.90454e-06	2.10792e-06	0	3.58883	3.58883e+06	
24300	62.3137	51.4685	0	-2.90454e-06	2.10792e-06	0	3.58883	3.58883e+06	
24400	61.9529	51.7304	0	-2.90454e-06	2.10792e-06	0	3.58883	3.58883e+06	
24500	61.5921	51.9922	0	-2.90454e-06	2.10792e-06	0	3.58883	3.58883e+06	
24600	61.5486	52.0758	0	-3.50412e-07	6.72871e-07	0	0.758646	758646	
24700	61.5051	52.1594	0	-3.50412e-07	6.72871e-07	0	0.758646	758646	
24800	61.4615	52.243	0	-3.50412e-07	6.72871e-07	0	0.758646	758646	
24900	61.418	52.3266	0	-3.50412e-07	6.72871e-07	0	0.758646	758646	
25000	61.3745	52.4101	0	-3.50412e-07	6.72871e-07	0	0.758646	758646	
25100	61.4194	52.4225	0	3.6155e-07	9.96121e-08	0	0.375022	375022	
25200	61.4643	52.4349	0	3.6155e-07	9.96121e-08	0	0.375022	375022	
25300	61.5092	52.4473	0	3.6155e-07	9.96121e-08	0	0.375022	375022	
25400	61.5541	52.4596	0	3.6155e-07	9.96121e-08	0	0.375022	375022	
25500	61.599	52.472	0	3.6155e-07	9.96121e-08	0	0.375022	375022	
25600	61.781	52.7416	0	1.46479e-06	2.17053e-06	0	2.61855	2.61855e+06	
25700	61.963	53.0113	0	1.46479e-06	2.17053e-06	0	2.61855	2.61855e+06	
25800	62.1449	53.2809	0	1.46479e-06	2.17053e-06	0	2.61855	2.61855e+06	
25900	62.3269	53.5505	0	1.46479e-06	2.17053e-06	0	2.61855	2.61855e+06	
26000	62.5088	53.8202	0	1.46479e-06	2.17053e-06	0	2.61855	2.61855e+06	
26100	62.9088	54.2202	0	3.22e-06	3.22e-06	0	4.55377	4.55377e+06	
26200	63.3088	54.6202	0	3.22e-06	3.22e-06	0	4.55377	4.55377e+06	
26300	63.7088	55.0202	0	3.22e-06	3.22e-06	0	4.55377	4.55377e+06	
26400	64.1088	55.4202	0	3.22e-06	3.22e-06	0	4.55377	4.55377e+06	
26500	64.5088	55.8202	0	3.22e-06	3.22e-06	0	4.55377	4.55377e+06	
26600	64.9088	55.8958	0	3.22e-06	6.08563e-07	0	3.277	3.277e+06	
26700	65.3088	55.9714	0	3.22e-06	6.08563e-07	0	3.277	3.277e+06	
26800	65.7088	56.047	0	3.22e-06	6.08563e-07	0	3.277	3.277e+06	
26900	66.1088	56.1226	0	3.22e-06	6.08563e-07	0	3.277	3.277e+06	
27000	66.5088	56.1982	0	3.22e-06	6.08563e-07	0	3.277	3.277e+06	
27100	66.8216	56.4425	0	2.51769e-06	1.96709e-06	0	3.19503	3.19503e+06	
27200	67.1344	56.6869	0	2.51769e-06	1.96709e-06	0	3.19503	3.19503e+06	
27300	67.4471	56.9312	0	2.51769e-06	1.96709e-06	0	3.19503	3.19503e+06	
27400	67.7599	57.1756	0	2.51769e-06	1.96709e-06	0	3.19503	3.19503e+06	
27500	68.0726	57.42	0	2.51769e-06	1.96709e-06	0	3.19503	3.19503e+06	
27600	68.0594	57.6067	0	-1.0671e-07	1.5037e-06	0	1.50748	1.50748e+06	
27700	68.0461	57.7935	0	-1.0671e-07	1.5037e-06	0	1.50748	1.50748e+06	
27800	68.0329	57.9803	0	-1.0671e-07	1.5037e-06	0	1.50748	1.50748e+06	
27900	68.0196	58.1671	0	-1.0671e-07	1.5037e-06	0	1.50748	1.50748e+06	
28000	68.0063	58.3539	0	-1.0671e-07	1.5037e-06	0	1.50748	1.50748e+06	
28100	67.8131	58.4361	0	-1.55599e-06	6.61273e-07	0	1.69068	1.69068e+06	
28200	67.6198	58.5182	0	-1.55599e-06	6.61273e-07	0	1.69068	1.69068e+06	
28300	67.4265	58.6004	0	-1.55599e-06	6.61273e-07	0	1.69068	1.69068e+06	
28400	67.2332	58.6825	0	-1.55599e-06	6.61273e-07	0	1.69068	1.69068e+06	
28500	67.0399	58.7647	0	-1.55599e-06	6.61273e-07	0	1.69068	1.69068e+06	
28600	67.0962	58.9793	0	4.53519e-07	1.72793e-06	0	1.78645	1.78645e+06	
28700	67.1526	59.194	0	4.53519e-07	1.72793e-06	0	1.78645	1.78645e+06	
28800	67.2089	59.4086	0	4.53519e-07	1.72793e-06	0	1.78645	1.78645e+06	
28900	67.2652	59.6233	0	4.53519e-07	1.72793e-06	0	1.78645	1.78645e+06	
29000	67.3216	59.8379	0	4.53519e-07	1.72793e-06	0	1.78645	1.78645e+06	
29100	67.3924	59.9103	0	5.70424e-07	5.82933e-07	0	0.815595	815595	
29200	67.4633	59.9827	0	5.70424e-07	5.82933e-07	0	0.815595	815595	
29300	67.5342	60.0551	0	5.70424e-07	5.82933e-07	0	0.815595	815595	
29400	67.605	60.1276	0	5.70424e-07	5.82933e-07	0	0.815595	815595	
29500	67.6759	60.2	0	5.70424e-07	5.82933e-07	0	0.815595	815595	
29600	67.9207	60.3754	0	1.97055e-06	1.41259e-06	0	2.42456	2.42456e+06	
29700	68.1655	60.5509	0	1.97055e-06	1.41259e-06	0	2.42456	2.42456e+06	
29800	68.4102	60.7264	0	1.97055e-06	1.41259e-06	0	2.42456	2.42456e+06	
29900	68.655	60.9019	0	1.97055e-06	1.41259e-06	0	2.42456	2.42456e+06	
30000	68.8998	61.0774	0	1.97055e-06	1.41259e-06	0	2.42456	2.42456e+06	
30100	68.829	61.4162	0	-5.69949e-07	2.72746e-06	0	2.78637	2.78637e+06	
30200	68.7582	61.755	0	-5.69949e-07	2.72746e-06	0	2.78637	2.78637e+06	
30300	68.6874	62.0938	0	-5.69949e-07	2.72746e-06	0	2.78637	2.78637e+06	
30400	68.6166	62.4326	0	-5.69949e-07	2.72746e-06	0	2.78637	2.78637e+06	
30500	68.5458	62.7714	0	-5.69949e-07	2.72746e-06	0	2.78637	2.78637e+06	
30600	68.4428	62.5538	0	-8.2957e-07	-1.75197e-06	0	1.93845	1.93845e+06	
30700	68.3397	62.3362	0	-8.2957e-07	-1.75197e-06	0	1.93845	1.93845e+06	
30800	68.2367	62.1185	0	-8.2957e-07	-1.75197e-06	0	1.93845	1.93845e+06	
30900	68.1336	61.9009	0	-8.2957e-07	-1.75197e-06	0	1.93845	1.93845e+06	
31000	68.0306	61.6833	0	-8.2957e-07	-1.75197e-06	0	1.93845	1.93845e+06	
31100	67.9698	61.5222	0	-4.892e-07	-1.29617e-06	0	1.38542	1.38542e+06	
31200	67.909	61.3612	0	-4.892e-07	-1.29617e-06	0	1.38542	1.38542e+06	
31300	67.8482	61.2002	0	-4.892e-07	-1.29617e-06	0	1.38542	1.38542e+06	
31400	67.7875	61.0392	0	-4.892e-07	-1.29617e-06	0	1.38542	1.38542e+06	
31500	67.7267	60.8782	0	-4.892e-07	-1.29617e-06	0	1.38542	1.38542e+06	
31600	67.6446	60.9934	0	-6.6111e-07	9.27644e-07	0	1.13912	1.13912e+06	
31700	67.5625	61.1086	0	-6.6111e-07	9.27644e-07	0	1.13912	1.13912e+06	
31800	67.4803	61.2239	0	-6.6111e-07	9.27644e-07	0	1.13912	1.13912e+06	
31900	67.3982	61.3391	0	-6.6111e-07	9.27644e-07	0	1.13912	1.13912e+06	
32000	67.3161	61.4544	0	-6.6111e-07	9.27644e-07	0	1.13912	1.13912e+06	
32100	67.2381	61.6342	0	-6.27693e-07	1.44741e-06	0	1.57766	1.57766e+06	
32200	67.1601	61.814	0	-6.27693e-07	1.44741e-06	0	1.57766	1.57766e+06	
32300	67.0822	61.9938	0	-6.27693e-07	1.44741e-06	0	1.57766	1.57766e+06	
32400	67.0042	62.1736	0	-6.27693e-07	1.44741e-06	0	1.57766	1.57766e+06	
32500	66.9262	62.3534	0	-6.27693e-07	1.44741e-06	0	1.57766	1.57766e+06	
32600	66.6105	62.7227	0	-2.54178e-06	2.97307e-06	0	3.9115	3.9115e+06	
32700	66.2947	63.092	0	-2.54178e-06	2.97307e-06	0	3.9115	3.9115e+06	
32800	65.979	63.4613	0	-2.54178e-06	2.97307e-06	0	3.9115	3.9115e+06	
32900	65.6632	63.8307	0	-2.54178e-06	2.97307e-06	0	3.9115	3.9115e+06	
33000	65.3475	64.2	0	-2.54178e-06	2.97307e-06	0	3.9115	3.9115e+06	
33100	65.4279	64.6	0	6.47812e-07	3.22e-06	0	3.28452	3.28452e+06	
33200	65.5084	65	0	6.47812e-07	3.22e-06	0	3.28452	3.28452e+06	
33300	65.5889	65.4	0	6.47812e-07	3.22e-06	0	3.28452	3.28452e+06	
33400	65.6693	65.7998	0	6.47812e-07	3.22e-06	0	3.28452	3.28452e+06	
33500	65.7065	65.8878	0	6.47812e-07	3.22e-06	0	3.28452	3.28452e+06	
33600	65.4415	65.9103	0	-1.9352e-06	3.22e-06	0	3.75678	3.75678e+06	
33700	65.2617	65.8846	0	-1.9352e-06	3.22e-06	0	3.75678	3.75678e+06	
33800	65.053	65.8683	0	-1.9352e-06	3.22e-06	0	3.75678	3.75678e+06	
33900	64.8003	65.8754	0	-1.9352e-06	3.22e-06	0	3.75678	3.75678e+06	
34000	64.515	65.9119	0	-1.9352e-06	3.22e-06	0	3.75678	3.75678e+06	
34100	64.3788	65.8895	0	-1.2697e-06	1.73912e-06	0	2.1533	2.1533e+06	
34200	64.254	65.8715	0	-1.2697e-06	1.73912e-06	0	2.1533	2.1533e+06	
34300	64.1162	65.8589	0	-1.2697e-06	1.73912e-06	0	2.1533	2.1533e+06	
34400	63.9628	65.8551	0	-1.2697e-06	1.73912e-06	0	2.1533	2.1533e+06	
34500	63.7936	65.8635	0	-1.2697e-06	1.73912e-06	0	2.1533	2.1533e+06	
34600	63.3897	65.8582	0	-3.22e-06	3.54354e-07	0	3.23944	3.23944e+06	
34700	62.996	65.8297	0	-3.22e-06	3.54354e-07	0	3.23944	3.23944e+06	
34800	62.5935	65.8379	0	-3.22e-06	3.54354e-07	0	3.23944	3.23944e+06	
34900	62.1974	65.8435	0	-3.22e-06	3.54354e-07	0	3.23944	3.23944e+06	
35000	61.7982	65.8277	0	-3.22e-06	3.54354e-07	0	3.23944	3.23944e+06	
35100	61.3967	65.8732	0	-3.22e-06	7.11034e-07	0	3.29757	3.29757e+06	
35200	61.008	65.84	0	-3.22e-06	7.11034e-07	0	3.29757	3.29757e+06	
35300	60.6029	65.8576	0	-3.22e-06	7.11034e-07	0	3.29757	3.29757e+06	
35400	60.2118	65.8557	0	-3.22e-06	7.11034e-07	0	3.29757	3.29757e+06	
35500	59.8136	65.8407	0	-3.22e-06	7.11034e-07	0	3.29757	3.29757e+06	
35600	59.5847	65.8101	0	-1.8251e-06	-8.91986e-08	0	1.82728	1.82728e+06	
35700	59.358	65.7966	0	-1.8251e-06	-8.91986e-08	0	1.82728	1.82728e+06	
35800	59.1317	65.7816	0	-1.8251e-06	-8.91986e-08	0	1.82728	1.82728e+06	
35900	58.9051	65.7668	0	-1.8251e-06	-8.91986e-08	0	1.82728	1.82728e+06	
36000	58.6782	65.7545	0	-1.8251e-06	-8.91986e-08	0	1.82728	1.82728e+06	
36100	58.4022	65.7221	0	-2.22203e-06	-2.59869e-07	0	2.23717	2.23717e+06	
36200	58.1262	65.6897	0	-2.22203e-06	-2.59869e-07	0	2.23717	2.23717e+06	
36300	57.8502	65.6574	0	-2.22203e-06	-2.59869e-07	0	2.23717	2.23717e+06	
36400	57.5741	65.6251	0	-2.22203e-06	-2.59869e-07	0	2.23717	2.23717e+06	
36500	57.2981	65.5929	0	-2.22203e-06	-2.59869e-07	0	2.23717	2.23717e+06	
36600	56.9769	65.4127	0	-2.58589e-06	-1.44995e-06	0	2.96466	2.96466e+06	
36700	56.6556	65.2326	0	-2.58589e-06	-1.44995e-06	0	2.96466	2.96466e+06	
36800	56.3344	65.0525	0	-2.58589e-06	-1.44995e-06	0	2.96466	2.96466e+06	
36900	56.0132	64.8724	0	-2.58589e-06	-1.44995e-06	0	2.96466	2.96466e+06	
37000	55.692	64.6923	0	-2.58589e-06	-1.44995e-06	0	2.96466	2.96466e+06	
37100	55.5663	64.2923	0	-1.01128e-06	-3.22e-06	0	3.37507	3.37507e+06	
37200	55.4407	63.8923	0	-1.01128e-06	-3.22e-06	0	3.37507	3.37507e+06	
37300	55.3151	63.4923	0	-1.01128e-06	-3.22e-06	0	3.37507	3.37507e+06	
37400	55.1895	63.0923	0	-1.01128e-06	-3.22e-06	0	3.37507	3.37507e+06	
37500	55.0638	62.6923	0	-1.01128e-06	-3.22e-06	0	3.37507	3.37507e+06	
37600	55.3487	62.6478	0	2.29301e-06	-3.58164e-07	0	2.32082	2.32082e+06	
37700	55.6335	62.6033	0	2.29301e-06	-3.58164e-07	0	2.32082	2.32082e+06	
37800	55.9184	62.5588	0	2.29301e-06	-3.58164e-07	0	2.32082	2.32082e+06	
37900	56.2032	62.5143	0	2.29301e-06	-3.58164e-07	0	2.32082	2.32082e+06	
38000	56.4881	62.4698	0	2.29301e-06	-3.58164e-07	0	2.32082	2.32082e+06	
38100	56.6766	62.6956	0	1.51787e-06	1.81802e-06	0	2.36836	2.36836e+06	
38200	56.8652	62.9215	0	1.51787e-06	1.81802e-06	0	2.36836	2.36836e+06	
38300	57.0537	63.1473	0	1.51787e-06	1.81802e-06	0	2.36836	2.36836e+06	
38400	57.2423	63.3732	0	1.51787e-06	1.81802e-06	0	2.36836	2.36836e+06	
38500	57.4308	63.599	0	1.51787e-06	1.81802e-06	0	2.36836	2.36836e+06	
38600	57.6894	63.5353	0	2.08162e-06	-5.13037e-07	0	2.14391	2.14391e+06	
38700	57.948	63.4715	0	2.08162e-06	-5.13037e-07	0	2.14391	2.14391e+06	
38800	58.2066	63.4078	0	2.08162e-06	-5.13037e-07	0	2.14391	2.14391e+06	
38900	58.4652	63.3441	0	2.08162e-06	-5.13037e-07	0	2.14391	2.14391e+06	
39000	58.7238	63.2803	0	2.08162e-06	-5.13037e-07	0	2.14391	2.14391e+06	
39100	58.8919	62.9808	0	1.35376e-06	-2.41111e-06	0	2.76516	2.76516e+06	
39200	59.0601	62.6813	0	1.35376e-06	-2.41111e-06	0	2.76516	2.76516e+06	
39300	59.2283	62.3818	0	1.35376e-06	-2.41111e-06	0	2.76516	2.76516e+06	
39400	59.3964	62.0823	0	1.35376e-06	-2.41111e-06	0	2.76516	2.76516e+06	
39500	59.5646	61.7828	0	1.35376e-06	-2.41111e-06	0	2.76516	2.76516e+06	
39600	59.1646	61.8002	0	-3.22e-06	1.40064e-07	0	3.22304	3.22304e+06	
39700	58.7646	61.8176	0	-3.22e-06	1.40064e-07	0	3.22304	3.22304e+06	
39800	58.3646	61.835	0	-3.22e-06	1.40064e-07	0	3.22304	3.22304e+06	
39900	57.9646	61.8524	0	-3.22e-06	1.40064e-07	0	3.22304	3.22304e+06	
40000	57.5646	61.8698	0	-3.22e-06	1.40064e-07	0	3.22304	3.22304e+06	
40100	57.3052	62.2698	0	-2.08819e-06	3.22e-06	0	3.83783	3.83783e+06	
40200	57.0458	62.6698	0	-2.08819e-06	3.22e-06	0	3.83783	3.83783e+06	
40300	56.7864	63.0698	0	-2.08819e-06	3.22e-06	0	3.83783	3.83783e+06	
40400	56.527	63.4698	0	-2.08819e-06	3.22e-06	0	3.83783	3.83783e+06	
40500	56.2676	63.8698	0	-2.08819e-06	3.22e-06	0	3.83783	3.83783e+06	
40600	56.2281	64.0947	0	-3.18327e-07	1.81058e-06	0	1.83835	1.83835e+06	
40700	56.1885	64.3196	0	-3.18327e-07	1.81058e-06	0	1.83835	1.83835e+06	
40800	56.149	64.5445	0	-3.18327e-07	1.81058e-06	0	1.83835	1.83835e+06	
40900	56.1094	64.7694	0	-3.18327e-07	1.81058e-06	0	1.83835	1.83835e+06	
41000	56.0699	64.9943	0	-3.18327e-07	1.81058e-06	0	1.83835	1.83835e+06	
41100	55.8623	65.1492	0	-1.67093e-06	1.24667e-06	0	2.08475	2.08475e+06	
41200	55.6548	65.3041	0	-1.67093e-06	1.24667e-06	0	2.08475	2.08475e+06	
41300	55.4472	65.4589	0	-1.67093e-06	1.24667e-06	0	2.08475	2.08475e+06	
41400	55.2396	65.6138	0	-1.67093e-06	1.24667e-06	0	2.08475	2.08475e+06	
41500	55.0321	65.7683	0	-1.67093e-06	1.24667e-06	0	2.08475	2.08475e+06	
41600	54.9578	65.864	0	-5.85167e-07	2.69319e-06	0	2.75602	2.75602e+06	
41700	54.8722	65.8672	0	-5.85167e-07	2.69319e-06	0	2.75602	2.75602e+06	
41800	54.7726	65.8752	0	-5.85167e-07	2.69319e-06	0	2.75602	2.75602e+06	
41900	54.6586	65.8898	0	-5.85167e-07	2.69319e-06	0	2.75602	2.75602e+06	
42000	54.542	65.9067	0	-5.85167e-07	2.69319e-06	0	2.75602	2.75602e+06	
42100	54.1679	65.8646	0	-3.22e-06	1.74643e-06	0	3.66312	3.66312e+06	
42200	53.7662	65.8641	0	-3.22e-06	1.74643e-06	0	3.66312	3.66312e+06	
42300	53.3635	65.8899	0	-3.22e-06	1.74643e-06	0	3.66312	3.66312e+06	
42400	52.9849	65.8554	0	-3.22e-06	1.74643e-06	0	3.66312	3.66312e+06	
42500	52.5686	65.8889	0	-3.22e-06	1.74643e-06	0	3.66312	3.66312e+06	
42600	52.1848	65.8596	0	-3.22e-06	1.15251e-06	0	3.42004	3.42004e+06	
42700	51.7851	65.853	0	-3.22e-06	1.15251e-06	0	3.42004	3.42004e+06	
42800	51.382	65.885	0	-3.22e-06	1.15251e-06	0	3.42004	3.42004e+06	
42900	50.9984	65.8479	0	-3.22e-06	1.15251e-06	0	3.42004	3.42004e+06	
43000	50.589	65.874	0	-3.22e-06	1.15251e-06	0	3.42004	3.42004e+06	
43100	50.1883	65.6821	0	-3.22e-06	-1.48683e-06	0	3.5467	3.5467e+06	
43200	49.7883	65.4974	0	-3.22e-06	-1.48683e-06	0	3.5467	3.5467e+06	
43300	49.3883	65.3127	0	-3.22e-06	-1.48683e-06	0	3.5467	3.5467e+06	
43400	48.9883	65.128	0	-3.22e-06	-1.48683e-06	0	3.5467	3.5467e+06	
43500	48.5883	64.9433	0	-3.22e-06	-1.48683e-06	0	3.5467	3.5467e+06	
43600	48.28	64.6462	0	-2.48155e-06	-2.39174e-06	0	3.44652	3.44652e+06	
43700	47.9718	64.3491	0	-2.48155e-06	-2.39174e-06	0	3.44652	3.44652e+06	
43800	47.6635	64.052	0	-2.48155e-06	-2.39174e-06	0	3.44652	3.44652e+06	
43900	47.3552	63.7549	0	-2.48155e-06	-2.39174e-06	0	3.44652	3.44652e+06	
44000	47.047	63.4578	0	-2.48155e-06	-2.39174e-06	0	3.44652	3.44652e+06	
44100	46.7931	63.5948	0	-2.04383e-06	1.10283e-06	0	2.32238	2.32238e+06	
44200	46.5392	63.7318	0	-2.04383e-06	1.10283e-06	0	2.32238	2.32238e+06	
44300	46.2853	63.8688	0	-2.04383e-06	1.10283e-06	0	2.32238	2.32238e+06	
44400	46.0314	64.0058	0	-2.04383e-06	1.10283e-06	0	2.32238	2.32238e+06	
44500	45.7775	64.1428	0	-2.04383e-06	1.10283e-06	0	2.32238	2.32238e+06	
44600	46.078	64.3076	0	2.41911e-06	1.32671e-06	0	2.75903	2.75903e+06	
44700	46.3785	64.4724	0	2.41911e-06	1.32671e-06	0	2.75903	2.75903e+06	
44800	46.679	64.6372	0	2.41911e-06	1.32671e-06	0	2.75903	2.75903e+06	
44900	46.9795	64.802	0	2.41911e-06	1.32671e-06	0	2.75903	2.75903e+06	
45000	47.2801	64.9668	0	2.41911e-06	1.32671e-06	0	2.75903	2.75903e+06	
45100	47.3544	65.099	0	5.9884e-07	1.0642e-06	0	1.22112	1.22112e+06	
45200	47.4288	65.2312	0	5.9884e-07	1.0642e-06	0	1.22112	1.22112e+06	
45300	47.5032	65.3634	0	5.9884e-07	1.0642e-06	0	1.22112	1.22112e+06	
45400	47.5776	65.4956	0	5.9884e-07	1.0642e-06	0	1.22112	1.22112e+06	
45500	47.652	65.6278	0	5.9884e-07	1.0642e-06	0	1.22112	1.22112e+06	
45600	48.052	65.8262	0	3.22e-06	1.64062e-06	0	3.61386	3.61386e+06	
45700	48.4669	65.892	0	3.22e-06	1.64062e-06	0	3.61386	3.61386e+06	
45800	48.8416	65.8627	0	3.22e-06	1.64062e-06	0	3.61386	3.61386e+06	
45900	49.244	65.8635	0	3.22e-06	1.64062e-06	0	3.61386	3.61386e+06	
46000	49.645	65.8876	0	3.22e-06	1.64062e-06	0	3.61386	3.61386e+06	
46100	50.0408	65.7456	0	3.22e-06	-8.7967e-07	0	3.338	3.338e+06	
46200	50.4408	65.6362	0	3.22e-06	-8.7967e-07	0	3.338	3.338e+06	
46300	50.8408	65.5269	0	3.22e-06	-8.7967e-07	0	3.338	3.338e+06	
46400	51.2408	65.4176	0	3.22e-06	-8.7967e-07	0	3.338	3.338e+06	
46500	51.6408	65.3083	0	3.22e-06	-8.7967e-07	0	3.338	3.338e+06	
46600	51.9793	65.2237	0	2.72454e-06	-6.81331e-07	0	2.80844	2.80844e+06	
46700	52.3177	65.1391	0	2.72454e-06	-6.81331e-07	0	2.80844	2.80844e+06	
46800	52.6562	65.0544	0	2.72454e-06	-6.81331e-07	0	2.80844	2.80844e+06	
46900	52.9946	64.9698	0	2.72454e-06	-6.81331e-07	0	2.80844	2.80844e+06	
47000	53.3331	64.8852	0	2.72454e-06	-6.81331e-07	0	2.80844	2.80844e+06	
47100	53.7331	64.8285	0	3.22e-06	-4.56134e-07	0	3.25215	3.25215e+06	
47200	54.1331	64.7718	0	3.22e-06	-4.56134e-07	0	3.25215	3.25215e+06	
47300	54.5331	64.7152	0	3.22e-06	-4.56134e-07	0	3.25215	3.25215e+06	
47400	54.9331	64.6585	0	3.22e-06	-4.56134e-07	0	3.25215	3.25215e+06	
47500	55.3331	64.6018	0	3.22e-06	-4.56134e-07	0	3.25215	3.25215e+06	
47600	55.7177	64.4227	0	3.09581e-06	-1.44238e-06	0	3.41533	3.41533e+06	
47700	56.1022	64.2435	0	3.09581e-06	-1.44238e-06	0	3.41533	3.41533e+06	
47800	56.4868	64.0643	0	3.09581e-06	-1.44238e-06	0	3.41533	3.41533e+06	
47900	56.8714	63.8851	0	3.09581e-06	-1.44238e-06	0	3.41533	3.41533e+06	
48000	57.256	63.7059	0	3.09581e-06	-1.44238e-06	0	3.41533	3.41533e+06	
48100	57.586	63.7028	0	2.65664e-06	-2.50089e-08	0	2.65676	2.65676e+06	
48200	57.916	63.6997	0	2.65664e-06	-2.50089e-08	0	2.65676	2.65676e+06	
48300	58.246	63.6966	0	2.65664e-06	-2.50089e-08	0	2.65676	2.65676e+06	
48400	58.576	63.6935	0	2.65664e-06	-2.50089e-08	0	2.65676	2.65676e+06	
48500	58.9061	63.6904	0	2.65664e-06	-2.50089e-08	0	2.65676	2.65676e+06	
48600	58.988	63.638	0	6.59841e-07	-4.21847e-07	0	0.783163	783163	
48700	59.07	63.5856	0	6.59841e-07	-4.21847e-07	0	0.783163	783163	
48800	59.152	63.5332	0	6.59841e-07	-4.21847e-07	0	0.783163	783163	
48900	59.2339	63.4808	0	6.59841e-07	-4.21847e-07	0	0.783163	783163	
49000	59.3159	63.4284	0	6.59841e-07	-4.21847e-07	0	0.783163	783163	
49100	59.2943	63.5508	0	-1.7409e-07	9.85219e-07	0	1.00048	1.00048e+06	
49200	59.2726	63.6732	0	-1.7409e-07	9.85219e-07	0	1.00048	1.00048e+06	
49300	59.251	63.7956	0	-1.7409e-07	9.85219e-07	0	1.00048	1.00048e+06	
49400	59.2294	63.9179	0	-1.7409e-07	9.85219e-07	0	1.00048	1.00048e+06	
49500	59.2078	64.0403	0	-1.7409e-07	9.85219e-07	0	1.00048	1.00048e+06	
49600	59.0276	63.7784	0	-1.45053e-06	-2.10843e-06	0	2.5592	2.5592e+06	
49700	58.8474	63.5165	0	-1.45053e-06	-2.10843e-06	0	2.5592	2.5592e+06	
49800	58.6672	63.2546	0	-1.45053e-06	-2.10843e-06	0	2.5592	2.5592e+06	
49900	58.487	62.9927	0	-1.45053e-06	-2.10843e-06	0	2.5592	2.5592e+06	
50000	58.3068	62.7307	0	-1.45053e-06	-2.10843e-06	0	2.5592	2.5592e+06	
