0	60	4	0	2.1612e-06	3.22e-06	0	3.87804	3.87804e+06	
100	60.2231	4.28785	0	1.79614e-06	2.3172e-06	0	2.93181	2.93181e+06	
200	60.4462	4.5757	0	1.79614e-06	2.3172e-06	0	2.93181	2.93181e+06	
300	60.6694	4.86355	0	1.79614e-06	2.3172e-06	0	2.93181	2.93181e+06	
400	60.8925	5.1514	0	1.79614e-06	2.3172e-06	0	2.93181	2.93181e+06	
500	61.1156	5.43925	0	1.79614e-06	2.3172e-06	0	2.93181	2.93181e+06	
600	61.4832	5.83925	0	2.95898e-06	3.22e-06	0	4.3731	4.3731e+06	
700	61.8508	6.23925	0	2.95898e-06	3.22e-06	0	4.3731	4.3731e+06	
800	62.2183	6.63925	0	2.95898e-06	3.22e-06	0	4.3731	4.3731e+06	
900	62.5859	7.03925	0	2.95898e-06	3.22e-06	0	4.3731	4.3731e+06	
1000	62.9535	7.43925	0	2.95898e-06	3.22e-06	0	4.3731	4.3731e+06	
1100	63.1333	7.71407	0	1.44719e-06	2.21231e-06	0	2.64361	2.64361e+06	
1200	63.313	7.9889	0	1.44719e-06	2.21231e-06	0	2.64361	2.64361e+06	
1300	63.4928	8.26372	0	1.44719e-06	2.21231e-06	0	2.64361	2.64361e+06	
1400	63.6726	8.53854	0	1.44719e-06	2.21231e-06	0	2.64361	2.64361e+06	
1500	63.8524	8.81336	0	1.44719e-06	2.21231e-06	0	2.64361	2.64361e+06	
1600	64.2524	8.82216	0	3.22e-06	7.08153e-08	0	3.22078	3.22078e+06	
1700	64.6524	8.83095	0	3.22e-06	7.08153e-08	0	3.22078	3.22078e+06	
1800	65.0524	8.83975	0	3.22e-06	7.08153e-08	0	3.22078	3.22078e+06	
1900	65.4524	8.84855	0	3.22e-06	7.08153e-08	0	3.22078	3.22078e+06	
2000	65.8524	8.85734	0	3.22e-06	7.08153e-08	0	3.22078	3.22078e+06	
2100	66.2524	9.01248	0	3.22e-06	1.2488e-06	0	3.45368	3.45368e+06	
2200	66.6524	9.16761	0	3.22e-06	1.2488e-06	0	3.45368	3.45368e+06	
2300	67.0524	9.32274	0	3.22e-06	1.2488e-06	0	3.45368	3.45368e+06	
2400	67.4524	9.47787	0	3.22e-06	1.2488e-06	0	3.45368	3.45368e+06	
2500	67.8524	9.633	0	3.22e-06	1.2488e-06	0	3.45368	3.45368e+06	
2600	68.2524	9.97662	0	3.22e-06	2.76613e-06	0	4.24498	4.24498e+06	
2700	68.6524	10.3202	0	3.22e-06	2.76613e-06	0	4.24498	4.24498e+06	
2800	69.0524	10.6639	0	3.22e-06	2.76613e-06	0	4.24498	4.24498e+06	
2900	69.4524	11.0075	0	3.22e-06	2.76613e-06	0	4.24498	4.24498e+06	
3000	69.8524	11.3511	0	3.22e-06	2.76613e-06	0	4.24498	4.24498e+06	
3100	70.0582	11.4853	0	1.65681e-06	1.08034e-06	0	1.97792	1.97792e+06	
3200	70.264	11.6195	0	1.65681e-06	1.08034e-06	0	1.97792	1.97792e+06	
3300	70.4698	11.7537	0	1.65681e-06	1.08034e-06	0	1.97792	1.97792e+06	
3400	70.6756	11.8879	0	1.65681e-06	1.08034e-06	0	1.97792	1.97792e+06	
3500	70.8814	12.0221	0	1.65681e-06	1.08034e-06	0	1.97792	1.97792e+06	
3600	70.8388	12.3623	0	-3.43075e-07	2.7387e-06	0	2.7601	2.7601e+06	
3700	70.7962	12.7025	0	-3.43075e-07	2.7387e-06	0	2.7601	2.7601e+06	
3800	70.7536	13.0427	0	-3.43075e-07	2.7387e-06	0	2.7601	2.7601e+06	
3900	70.711	13.383	0	-3.43075e-07	2.7387e-06	0	2.7601	2.7601e+06	
4000	70.6683	13.7232	0	-3.43075e-07	2.7387e-06	0	2.7601	2.7601e+06	
4100	70.6023	14.1232	0	-5.31553e-07	3.22e-06	0	3.26358	3.26358e+06	
4200	70.5363	14.5232	0	-5.31553e-07	3.22e-06	0	3.26358	3.26358e+06	
4300	70.4703	14.9232	0	-5.31553e-07	3.22e-06	0	3.26358	3.26358e+06	
4400	70.4042	15.3232	0	-5.31553e-07	3.22e-06	0	3.26358	3.26358e+06	
4500	70.3382	15.7232	0	-5.31553e-07	3.22e-06	0	3.26358	3.26358e+06	
4600	70.1802	16.1232	0	-1.27156e-06	3.22e-06	0	3.46198	3.46198e+06	
4700	70.0223	16.5232	0	-1.27156e-06	3.22e-06	0	3.46198	3.46198e+06	
4800	69.8643	16.9232	0	-1.27156e-06	3.22e-06	0	3.46198	3.46198e+06	
4900	69.7064	17.3232	0	-1.27156e-06	3.22e-06	0	3.46198	3.46198e+06	
5000	69.5484	17.7232	0	-1.27156e-06	3.22e-06	0	3.46198	3.46198e+06	
5100	69.7555	18.1232	0	1.66693e-06	3.22e-06	0	3.62589	3.62589e+06	
5200	69.9625	18.5232	0	1.66693e-06	3.22e-06	0	3.62589	3.62589e+06	
5300	70.1696	18.9232	0	1.66693e-06	3.22e-06	0	3.62589	3.62589e+06	
5400	70.3767	19.3232	0	1.66693e-06	3.22e-06	0	3.62589	3.62589e+06	
5500	70.5838	19.7232	0	1.66693e-06	3.22e-06	0	3.62589	3.62589e+06	
5600	70.5949	20.1232	0	8.93268e-08	3.22e-06	0	3.22124	3.22124e+06	
5700	70.606	20.5232	0	8.93268e-08	3.22e-06	0	3.22124	3.22124e+06	
5800	70.6171	20.9232	0	8.93268e-08	3.22e-06	0	3.22124	3.22124e+06	
5900	70.6281	21.3232	0	8.93268e-08	3.22e-06	0	3.22124	3.22124e+06	
6000	70.6392	21.7232	0	8.93268e-08	3.22e-06	0	3.22124	3.22124e+06	
6100	70.9599	22.1232	0	2.58096e-06	3.22e-06	0	4.12671	4.12671e+06	
6200	71.2805	22.5232	0	2.58096e-06	3.22e-06	0	4.12671	4.12671e+06	
6300	71.6011	22.9232	0	2.58096e-06	3.22e-06	0	4.12671	4.12671e+06	
6400	71.9217	23.3232	0	2.58096e-06	3.22e-06	0	4.12671	4.12671e+06	
6500	72.2423	23.7232	0	2.58096e-06	3.22e-06	0	4.12671	4.12671e+06	
6600	72.4977	23.978	0	2.0556e-06	2.05168e-06	0	2.90428	2.90428e+06	
6700	72.753	24.2329	0	2.0556e-06	2.05168e-06	0	2.90428	2.90428e+06	
6800	73.0084	24.4878	0	2.0556e-06	2.05168e-06	0	2.90428	2.90428e+06	
6900	73.2637	24.7426	0	2.0556e-06	2.05168e-06	0	2.90428	2.90428e+06	
7000	73.5191	24.9975	0	2.0556e-06	2.05168e-06	0	2.90428	2.90428e+06	
7100	73.894	25.4012	0	3.22e-06	3.22e-06	0	4.55377	4.55377e+06	
7200	73.8822	25.7658	0	3.22e-06	3.22e-06	0	4.55377	4.55377e+06	
7300	73.8716	26.1557	0	3.22e-06	3.22e-06	0	4.55377	4.55377e+06	
7400	73.9087	26.5793	0	3.22e-06	3.22e-06	0	4.55377	4.55377e+06	
7500	73.8692	26.9305	0	3.22e-06	3.22e-06	0	4.55377	4.55377e+06	
7600	73.8925	27.3524	0	3.22e-06	3.22e-06	0	4.55377	4.55377e+06	
7700	73.8868	27.7287	0	3.22e-06	3.22e-06	0	4.55377	4.55377e+06	
7800	73.8692	28.1105	0	3.22e-06	3.22e-06	0	4.55377	4.55377e+06	
7900	73.912	28.5418	0	3.22e-06	3.22e-06	0	4.55377	4.55377e+06	
8000	73.8712	28.8897	0	3.22e-06	3.22e-06	0	4.55377	4.55377e+06	
8100	73.8859	29.3044	0	3.22e-06	3.22e-06	0	4.55377	4.55377e+06	
8200	73.8919	29.6924	0	3.22e-06	3.22e-06	0	4.55377	4.55377e+06	
8300	73.8678	30.0661	0	3.22e-06	3.22e-06	0	4.55377	4.55377e+06	
8400	73.9121	30.501	0	3.22e-06	3.22e-06	0	4.55377	4.55377e+06	
8500	73.874	30.8498	0	3.22e-06	3.22e-06	0	4.55377	4.55377e+06	
8600	73.8679	30.9544	0	3.22e-06	9.95557e-07	0	3.37039	3.37039e+06	
8700	73.8686	31.0808	0	3.22e-06	9.95557e-07	0	3.37039	3.37039e+06	
8800	73.8791	31.2324	0	3.22e-06	9.95557e-07	0	3.37039	3.37039e+06	
8900	73.9034	31.4081	0	3.22e-06	9.95557e-07	0	3.37039	3.37039e+06	
9000	73.9113	31.5426	0	3.22e-06	9.95557e-07	0	3.37039	3.37039e+06	
9100	73.8974	31.6448	0	3.22e-06	1.28586e-06	0	3.46725	3.46725e+06	
9200	73.883	31.7471	0	3.22e-06	1.28586e-06	0	3.46725	3.46725e+06	
9300	73.8717	31.8693	0	3.22e-06	1.28586e-06	0	3.46725	3.46725e+06	
9400	73.8673	32.0177	0	3.22e-06	1.28586e-06	0	3.46725	3.46725e+06	
9500	73.8755	32.1964	0	3.22e-06	1.28586e-06	0	3.46725	3.46725e+06	
9600	73.9056	32.4261	0	3.22e-06	1.45607e-06	0	3.53391	3.53391e+06	
9700	73.9056	32.5922	0	3.22e-06	1.45607e-06	0	3.53391	3.53391e+06	
9800	73.8878	32.7112	0	3.22e-06	1.45607e-06	0	3.53391	3.53391e+06	
9900	73.8732	32.8489	0	3.22e-06	1.45607e-06	0	3.53391	3.53391e+06	
10000	73.8673	33.0162	0	3.22e-06	1.45607e-06	0	3.53391	3.53391e+06	
10100	73.907	33.4496	0	3.22e-06	3.22e-06	0	4.55377	4.55377e+06	
10200	73.8779	33.8051	0	3.22e-06	3.22e-06	0	4.55377	4.55377e+06	
10300	73.8751	34.2032	0	3.22e-06	3.22e-06	0	4.55377	4.55377e+06	
10400	73.9035	34.6163	0	3.22e-06	3.22e-06	0	4.55377	4.55377e+06	
10500	73.8678	34.9736	0	3.22e-06	3.22e-06	0	4.55377	4.55377e+06	
10600	73.9001	35.4022	0	3.22e-06	3.22e-06	0	4.55377	4.55377e+06	
10700	73.882	35.7671	0	3.22e-06	3.22e-06	0	4.55377	4.55377e+06	
10800	73.8717	36.1572	0	3.22e-06	3.22e-06	0	4.55377	4.55377e+06	
10900	73.9085	36.5806	0	3.22e-06	3.22e-06	0	4.55377	4.55377e+06	
11000	73.8704	36.8693	0	3.22e-06	3.22e-06	0	4.55377	4.55377e+06	
11100	73.8701	36.8701	0	3.22e-06	3.22e-06	0	4.55377	4.55377e+06	
11200	73.8701	36.8701	0	3.22e-06	3.22e-06	0	4.55377	4.55377e+06	
11300	73.8701	36.8701	0	3.22e-06	3.22e-06	0	4.55377	4.55377e+06	
11400	73.8701	36.8701	0	3.22e-06	3.22e-06	0	4.55377	4.55377e+06	
11500	73.8701	36.8701	0	3.22e-06	3.22e-06	0	4.55377	4.55377e+06	
11600	73.8701	36.8701	0	3.22e-06	3.22e-06	0	4.55377	4.55377e+06	
11700	73.8701	36.8701	0	3.22e-06	3.22e-06	0	4.55377	4.55377e+06	
11800	73.8701	36.8701	0	3.22e-06	3.22e-06	0	4.55377	4.55377e+06	
11900	73.8701	36.8701	0	3.22e-06	3.22e-06	0	4.55377	4.55377e+06	
12000	73.8701	36.8701	0	3.22e-06	3.22e-06	0	4.55377	4.55377e+06	
12100	73.8552	36.8717	0	1.66813e-06	3.22e-06	0	3.62644	3.62644e+06	
12200	73.8552	36.8717	0	1.66813e-06	3.22e-06	0	3.62644	3.62644e+06	
12300	73.8552	36.8717	0	1.66813e-06	3.22e-06	0	3.62644	3.62644e+06	
12400	73.8552	36.8717	0	1.66813e-06	3.22e-06	0	3.62644	3.62644e+06	
12500	73.8552	36.8717	0	1.66813e-06	3.22e-06	0	3.62644	3.62644e+06	
12600	73.8701	36.8701	0	3.22e-06	3.22e-06	0	4.55377	4.55377e+06	
12700	73.8701	36.8701	0	3.22e-06	3.22e-06	0	4.55377	4.55377e+06	
12800	73.8701	36.8701	0	3.22e-06	3.22e-06	0	4.55377	4.55377e+06	
12900	73.8701	36.8701	0	3.22e-06	3.22e-06	0	4.55377	4.55377e+06	
13000	73.8701	36.8701	0	3.22e-06	3.22e-06	0	4.55377	4.55377e+06	
13100	73.8702	36.8694	0	3.22e-06	3.12091e-06	0	4.48425	4.48425e+06	
13200	73.8702	36.8694	0	3.22e-06	3.12091e-06	0	4.48425	4.48425e+06	
13300	73.8702	36.8694	0	3.22e-06	3.12091e-06	0	4.48425	4.48425e+06	
13400	73.8702	36.8694	0	3.22e-06	3.12091e-06	0	4.48425	4.48425e+06	
13500	73.8702	36.8694	0	3.22e-06	3.12091e-06	0	4.48425	4.48425e+06	
13600	73.8715	36.8571	0	3.22e-06	1.80708e-06	0	3.69242	3.69242e+06	
13700	73.8715	36.8571	0	3.22e-06	1.80708e-06	0	3.69242	3.69242e+06	
13800	73.8715	36.8571	0	3.22e-06	1.80708e-06	0	3.69242	3.69242e+06	
13900	73.8715	36.8571	0	3.22e-06	1.80708e-06	0	3.69242	3.69242e+06	
14000	73.8715	36.8571	0	3.22e-06	1.80708e-06	0	3.69242	3.69242e+06	
14100	73.8707	36.8645	0	3.22e-06	2.49658e-06	0	4.07447	4.07447e+06	
14200	73.8707	36.8645	0	3.22e-06	2.49658e-06	0	4.07447	4.07447e+06	
14300	73.8707	36.8645	0	3.22e-06	2.49658e-06	0	4.07447	4.07447e+06	
14400	73.8707	36.8645	0	3.22e-06	2.49658e-06	0	4.07447	4.07447e+06	
14500	73.8707	36.8645	0	3.22e-06	2.49658e-06	0	4.07447	4.07447e+06	
14600	73.8701	36.8701	0	3.22e-06	3.22e-06	0	4.55377	4.55377e+06	
14700	73.8701	36.8701	0	3.22e-06	3.22e-06	0	4.55377	4.55377e+06	
14800	73.8701	36.8701	0	3.22e-06	3.22e-06	0	4.55377	4.55377e+06	
14900	73.8701	36.8701	0	3.22e-06	3.22e-06	0	4.55377	4.55377e+06	
15000	73.8701	36.8701	0	3.22e-06	3.22e-06	0	4.55377	4.55377e+06	
15100	73.8696	36.8701	0	3.15323e-06	3.22e-06	0	4.5068	4.5068e+06	
15200	73.8696	36.8701	0	3.15323e-06	3.22e-06	0	4.5068	4.5068e+06	
15300	73.8696	36.8701	0	3.15323e-06	3.22e-06	0	4.5068	4.5068e+06	
15400	73.8696	36.8701	0	3.15323e-06	3.22e-06	0	4.5068	4.5068e+06	
15500	73.8696	36.8701	0	3.15323e-06	3.22e-06	0	4.5068	4.5068e+06	
15600	73.8447	36.8726	0	1.08915e-06	3.22e-06	0	3.39921	3.39921e+06	
15700	73.8446	36.8727	0	1.08915e-06	3.22e-06	0	3.39921	3.39921e+06	
15800	73.8446	36.8727	0	1.08915e-06	3.22e-06	0	3.39921	3.39921e+06	
15900	73.8446	36.8727	0	1.08915e-06	3.22e-06	0	3.39921	3.39921e+06	
16000	73.8446	36.8727	0	1.08915e-06	3.22e-06	0	3.39921	3.39921e+06	
16100	73.8509	36.8721	0	1.39182e-06	3.22e-06	0	3.50793	3.50793e+06	
16200	73.8509	36.8721	0	1.39182e-06	3.22e-06	0	3.50793	3.50793e+06	
16300	73.8509	36.8721	0	1.39182e-06	3.22e-06	0	3.50793	3.50793e+06	
16400	73.8509	36.8721	0	1.39182e-06	3.22e-06	0	3.50793	3.50793e+06	
16500	73.8509	36.8721	0	1.39182e-06	3.22e-06	0	3.50793	3.50793e+06	
16600	73.8647	36.8662	0	2.45314e-06	2.60602e-06	0	3.579	3.579e+06	
16700	73.8647	36.8662	0	2.45314e-06	2.60602e-06	0	3.579	3.579e+06	
16800	73.8647	36.8662	0	2.45314e-06	2.60602e-06	0	3.579	3.579e+06	
16900	73.8647	36.8662	0	2.45314e-06	2.60602e-06	0	3.579	3.579e+06	
17000	73.8647	36.8662	0	2.45314e-06	2.60602e-06	0	3.579	3.579e+06	
17100	73.8702	36.8687	0	3.22e-06	3.02352e-06	0	4.41702	4.41702e+06	
17200	73.8702	36.8687	0	3.22e-06	3.02352e-06	0	4.41702	4.41702e+06	
17300	73.8702	36.8687	0	3.22e-06	3.02352e-06	0	4.41702	4.41702e+06	
17400	73.8702	36.8687	0	3.22e-06	3.02352e-06	0	4.41702	4.41702e+06	
17500	73.8702	36.8687	0	3.22e-06	3.02352e-06	0	4.41702	4.41702e+06	
17600	73.8089	36.8757	0	2.56014e-07	3.22e-06	0	3.23016	3.23016e+06	
17700	73.7916	36.8774	0	2.56014e-07	3.22e-06	0	3.23016	3.23016e+06	
17800	73.7777	36.8789	0	2.56014e-07	3.22e-06	0	3.23016	3.23016e+06	
17900	73.764	36.8803	0	2.56014e-07	3.22e-06	0	3.23016	3.23016e+06	
18000	73.7492	36.882	0	2.56014e-07	3.22e-06	0	3.23016	3.23016e+06	
18100	73.8487	36.8724	0	1.42896e-06	3.22e-06	0	3.52283	3.52283e+06	
18200	73.8515	36.872	0	1.42896e-06	3.22e-06	0	3.52283	3.52283e+06	
18300	73.8515	36.872	0	1.42896e-06	3.22e-06	0	3.52283	3.52283e+06	
18400	73.8515	36.872	0	1.42896e-06	3.22e-06	0	3.52283	3.52283e+06	
18500	73.8515	36.872	0	1.42896e-06	3.22e-06	0	3.52283	3.52283e+06	
18600	73.8512	36.8721	0	1.41293e-06	3.22e-06	0	3.51636	3.51636e+06	
18700	73.8512	36.8721	0	1.41293e-06	3.22e-06	0	3.51636	3.51636e+06	
18800	73.8512	36.8721	0	1.41293e-06	3.22e-06	0	3.51636	3.51636e+06	
18900	73.8512	36.8721	0	1.41293e-06	3.22e-06	0	3.51636	3.51636e+06	
19000	73.8512	36.8721	0	1.41293e-06	3.22e-06	0	3.51636	3.51636e+06	
19100	73.8459	36.861	0	1.00869e-06	1.83725e-06	0	2.09594	2.09594e+06	
19200	73.8458	36.861	0	1.00869e-06	1.83725e-06	0	2.09594	2.09594e+06	
19300	73.8458	36.861	0	1.00869e-06	1.83725e-06	0	2.09594	2.09594e+06	
19400	73.8458	36.861	0	1.00869e-06	1.83725e-06	0	2.09594	2.09594e+06	
19500	73.8458	36.861	0	1.00869e-06	1.83725e-06	0	2.09594	2.09594e+06	
19600	73.8526	36.8524	0	1.27845e-06	1.26787e-06	0	1.80054	1.80054e+06	
19700	73.8526	36.8524	0	1.27845e-06	1.26787e-06	0	1.80054	1.80054e+06	
19800	73.8526	36.8524	0	1.27845e-06	1.26787e-06	0	1.80054	1.80054e+06	
19900	73.8526	36.8524	0	1.27845e-06	1.26787e-06	0	1.80054	1.80054e+06	
20000	73.8526	36.8524	0	1.27845e-06	1.26787e-06	0	1.80054	1.80054e+06	
20100	73.8816	36.6568	0	1.90594e-06	-1.2782e-06	0	2.29487	2.29487e+06	
20200	73.9019	36.4786	0	1.90594e-06	-1.2782e-06	0	2.29487	2.29487e+06	
20300	73.887	36.352	0	1.90594e-06	-1.2782e-06	0	2.29487	2.29487e+06	
20400	73.8701	36.2267	0	1.90594e-06	-1.2782e-06	0	2.29487	2.29487e+06	
20500	73.8591	36.0863	0	1.90594e-06	-1.2782e-06	0	2.29487	2.29487e+06	
20600	73.8606	35.9201	0	2.18952e-06	-1.34385e-06	0	2.56903	2.56903e+06	
20700	73.8746	35.7327	0	2.18952e-06	-1.34385e-06	0	2.56903	2.56903e+06	
20800	73.9024	35.5328	0	2.18952e-06	-1.34385e-06	0	2.56903	2.56903e+06	
20900	73.8952	35.3878	0	2.18952e-06	-1.34385e-06	0	2.56903	2.56903e+06	
21000	73.8769	35.2624	0	2.18952e-06	-1.34385e-06	0	2.56903	2.56903e+06	
21100	73.8698	34.8775	0	3.22e-06	-3.22e-06	0	4.55377	4.55377e+06	
21200	73.9114	34.4479	0	3.22e-06	-3.22e-06	0	4.55377	4.55377e+06	
21300	73.8706	34.0995	0	3.22e-06	-3.22e-06	0	4.55377	4.55377e+06	
21400	73.8876	33.6828	0	3.22e-06	-3.22e-06	0	4.55377	4.55377e+06	
21500	73.8905	33.2979	0	3.22e-06	-3.22e-06	0	4.55377	4.55377e+06	
21600	73.8959	33.3804	0	2.65777e-06	2.77889e-07	0	2.67225	2.67225e+06	
21700	73.9066	33.4569	0	2.65777e-06	2.77889e-07	0	2.67225	2.67225e+06	
21800	73.9091	33.5038	0	2.65777e-06	2.77889e-07	0	2.67225	2.67225e+06	
21900	73.9083	33.5261	0	2.65777e-06	2.77889e-07	0	2.67225	2.67225e+06	
22000	73.9075	33.5372	0	2.65777e-06	2.77889e-07	0	2.67225	2.67225e+06	
22100	73.8593	33.754	0	8.41973e-07	1.90628e-06	0	2.08394	2.08394e+06	
22200	73.8416	33.983	0	8.41973e-07	1.90628e-06	0	2.08394	2.08394e+06	
22300	73.848	34.2242	0	8.41973e-07	1.90628e-06	0	2.08394	2.08394e+06	
22400	73.8777	34.4706	0	8.41973e-07	1.90628e-06	0	2.08394	2.08394e+06	
22500	73.8674	34.6947	0	8.41973e-07	1.90628e-06	0	2.08394	2.08394e+06	
22600	73.8694	34.9182	0	3.22e-06	2.08687e-06	0	3.83711	3.83711e+06	
22700	73.8742	35.1857	0	3.22e-06	2.08687e-06	0	3.83711	3.83711e+06	
22800	73.912	35.4886	0	3.22e-06	2.08687e-06	0	3.83711	3.83711e+06	
22900	73.8902	35.6976	0	3.22e-06	2.08687e-06	0	3.83711	3.83711e+06	
23000	73.8694	35.918	0	3.22e-06	2.08687e-06	0	3.83711	3.83711e+06	
23100	73.8904	36.3378	0	3.22e-06	3.22e-06	0	4.55377	4.55377e+06	
23200	73.8883	36.7177	0	3.22e-06	3.22e-06	0	4.55377	4.55377e+06	
23300	73.8701	36.8701	0	3.22e-06	3.22e-06	0	4.55377	4.55377e+06	
23400	73.8701	36.8701	0	3.22e-06	3.22e-06	0	4.55377	4.55377e+06	
23500	73.8701	36.8701	0	3.22e-06	3.22e-06	0	4.55377	4.55377e+06	
23600	73.8701	36.8701	0	3.22e-06	3.22e-06	0	4.55377	4.55377e+06	
23700	73.8701	36.8701	0	3.22e-06	3.22e-06	0	4.55377	4.55377e+06	
23800	73.8701	36.8701	0	3.22e-06	3.22e-06	0	4.55377	4.55377e+06	
23900	73.8701	36.8701	0	3.22e-06	3.22e-06	0	4.55377	4.55377e+06	
24000	73.8701	36.8701	0	3.22e-06	3.22e-06	0	4.55377	4.55377e+06	
24100	73.8701	36.8701	0	3.22e-06	3.22e-06	0	4.55377	4.55377e+06	
24200	73.8701	36.8701	0	3.22e-06	3.22e-06	0	4.55377	4.55377e+06	
24300	73.8701	36.8701	0	3.22e-06	3.22e-06	0	4.55377	4.55377e+06	
24400	73.8701	36.8701	0	3.22e-06	3.22e-06	0	4.55377	4.55377e+06	
24500	73.8701	36.8701	0	3.22e-06	3.22e-06	0	4.55377	4.55377e+06	
24600	73.8701	36.8701	0	3.22e-06	3.22e-06	0	4.55377	4.55377e+06	
24700	73.8701	36.8701	0	3.22e-06	3.22e-06	0	4.55377	4.55377e+06	
24800	73.8701	36.8701	0	3.22e-06	3.22e-06	0	4.55377	4.55377e+06	
24900	73.8701	36.8701	0	3.22e-06	3.22e-06	0	4.55377	4.55377e+06	
25000	73.8701	36.8701	0	3.22e-06	3.22e-06	0	4.55377	4.55377e+06	
25100	73.8745	36.8227	0	3.22e-06	4.80512e-07	0	3.25566	3.25566e+06	
25200	73.875	36.8177	0	3.22e-06	4.80512e-07	0	3.25566	3.25566e+06	
25300	73.8752	36.8163	0	3.22e-06	4.80512e-07	0	3.25566	3.25566e+06	
25400	73.8752	36.8158	0	3.22e-06	4.80512e-07	0	3.25566	3.25566e+06	
25500	73.8752	36.8157	0	3.22e-06	4.80512e-07	0	3.25566	3.25566e+06	
25600	73.8701	36.8701	0	3.22e-06	3.22e-06	0	4.55377	4.55377e+06	
25700	73.8701	36.8701	0	3.22e-06	3.22e-06	0	4.55377	4.55377e+06	
25800	73.8701	36.8701	0	3.22e-06	3.22e-06	0	4.55377	4.55377e+06	
25900	73.8701	36.8701	0	3.22e-06	3.22e-06	0	4.55377	4.55377e+06	
26000	73.8701	36.8701	0	3.22e-06	3.22e-06	0	4.55377	4.55377e+06	
26100	73.8699	36.8701	0	3.19482e-06	3.22e-06	0	4.536	4.536e+06	
26200	73.8699	36.8701	0	3.19482e-06	3.22e-06	0	4.536	4.536e+06	
26300	73.8699	36.8701	0	3.19482e-06	3.22e-06	0	4.536	4.536e+06	
26400	73.8699	36.8701	0	3.19482e-06	3.22e-06	0	4.536	4.536e+06	
26500	73.8699	36.8701	0	3.19482e-06	3.22e-06	0	4.536	4.536e+06	
26600	73.8651	36.8648	0	2.46957e-06	2.43886e-06	0	3.47085	3.47085e+06	
26700	73.8651	36.8648	0	2.46957e-06	2.43886e-06	0	3.47085	3.47085e+06	
26800	73.8651	36.8648	0	2.46957e-06	2.43886e-06	0	3.47085	3.47085e+06	
26900	73.8651	36.8648	0	2.46957e-06	2.43886e-06	0	3.47085	3.47085e+06	
27000	73.8651	36.8648	0	2.46957e-06	2.43886e-06	0	3.47085	3.47085e+06	
27100	73.867	36.8704	0	2.80106e-06	3.22e-06	0	4.26782	4.26782e+06	
27200	73.867	36.8704	0	2.80106e-06	3.22e-06	0	4.26782	4.26782e+06	
27300	73.867	36.8704	0	2.80106e-06	3.22e-06	0	4.26782	4.26782e+06	
27400	73.867	36.8704	0	2.80106e-06	3.22e-06	0	4.26782	4.26782e+06	
27500	73.867	36.8704	0	2.80106e-06	3.22e-06	0	4.26782	4.26782e+06	
27600	73.8701	36.8701	0	3.22e-06	3.22e-06	0	4.55377	4.55377e+06	
27700	73.8701	36.8701	0	3.22e-06	3.22e-06	0	4.55377	4.55377e+06	
27800	73.8701	36.8701	0	3.22e-06	3.22e-06	0	4.55377	4.55377e+06	
27900	73.8701	36.8701	0	3.22e-06	3.22e-06	0	4.55377	4.55377e+06	
28000	73.8701	36.8701	0	3.22e-06	3.22e-06	0	4.55377	4.55377e+06	
28100	73.8704	36.8672	0	3.22e-06	2.82126e-06	0	4.28111	4.28111e+06	
28200	73.8704	36.8672	0	3.22e-06	2.82126e-06	0	4.28111	4.28111e+06	
28300	73.8704	36.8672	0	3.22e-06	2.82126e-06	0	4.28111	4.28111e+06	
28400	73.8704	36.8672	0	3.22e-06	2.82126e-06	0	4.28111	4.28111e+06	
28500	73.8704	36.8672	0	3.22e-06	2.82126e-06	0	4.28111	4.28111e+06	
28600	73.8701	36.8701	0	3.22e-06	3.22e-06	0	4.55377	4.55377e+06	
28700	73.8701	36.8701	0	3.22e-06	3.22e-06	0	4.55377	4.55377e+06	
28800	73.8701	36.8701	0	3.22e-06	3.22e-06	0	4.55377	4.55377e+06	
28900	73.8701	36.8701	0	3.22e-06	3.22e-06	0	4.55377	4.55377e+06	
29000	73.8701	36.8701	0	3.22e-06	3.22e-06	0	4.55377	4.55377e+06	
29100	73.8717	36.8552	0	3.22e-06	1.66541e-06	0	3.62519	3.62519e+06	
29200	73.8717	36.8552	0	3.22e-06	1.66541e-06	0	3.62519	3.62519e+06	
29300	73.8717	36.8552	0	3.22e-06	1.66541e-06	0	3.62519	3.62519e+06	
29400	73.8717	36.8552	0	3.22e-06	1.66541e-06	0	3.62519	3.62519e+06	
29500	73.8717	36.8552	0	3.22e-06	1.66541e-06	0	3.62519	3.62519e+06	
29600	73.8701	36.8701	0	3.22e-06	3.22e-06	0	4.55377	4.55377e+06	
29700	73.8701	36.8701	0	3.22e-06	3.22e-06	0	4.55377	4.55377e+06	
29800	73.8701	36.8701	0	3.22e-06	3.22e-06	0	4.55377	4.55377e+06	
29900	73.8701	36.8701	0	3.22e-06	3.22e-06	0	4.55377	4.55377e+06	
30000	73.8701	36.8701	0	3.22e-06	3.22e-06	0	4.55377	4.55377e+06	
30100	73.8719	36.8532	0	3.22e-06	1.52984e-06	0	3.56494	3.56494e+06	
30200	73.8719	36.8532	0	3.22e-06	1.52984e-06	0	3.56494	3.56494e+06	
30300	73.8719	36.8532	0	3.22e-06	1.52984e-06	0	3.56494	3.56494e+06	
30400	73.8719	36.8532	0	3.22e-06	1.52984e-06	0	3.56494	3.56494e+06	
30500	73.8719	36.8532	0	3.22e-06	1.52984e-06	0	3.56494	3.56494e+06	
30600	73.8709	36.8625	0	3.22e-06	2.28197e-06	0	3.94661	3.94661e+06	
30700	73.8709	36.8625	0	3.22e-06	2.28197e-06	0	3.94661	3.94661e+06	
30800	73.8709	36.8625	0	3.22e-06	2.28197e-06	0	3.94661	3.94661e+06	
30900	73.8709	36.8625	0	3.22e-06	2.28197e-06	0	3.94661	3.94661e+06	
31000	73.8709	36.8625	0	3.22e-06	2.28197e-06	0	3.94661	3.94661e+06	
31100	73.8701	36.8701	0	3.22e-06	3.22e-06	0	4.55377	4.55377e+06	
31200	73.8701	36.8701	0	3.22e-06	3.22e-06	0	4.55377	4.55377e+06	
31300	73.8701	36.8701	0	3.22e-06	3.22e-06	0	4.55377	4.55377e+06	
31400	73.8701	36.8701	0	3.22e-06	3.22e-06	0	4.55377	4.55377e+06	
31500	73.8701	36.8701	0	3.22e-06	3.22e-06	0	4.55377	4.55377e+06	
31600	73.8649	36.8707	0	2.53957e-06	3.22e-06	0	4.10095	4.10095e+06	
31700	73.8649	36.8707	0	2.53957e-06	3.22e-06	0	4.10095	4.10095e+06	
31800	73.8649	36.8707	0	2.53957e-06	3.22e-06	0	4.10095	4.10095e+06	
31900	73.8649	36.8707	0	2.53957e-06	3.22e-06	0	4.10095	4.10095e+06	
32000	73.8649	36.8707	0	2.53957e-06	3.22e-06	0	4.10095	4.10095e+06	
32100	73.8149	36.8752	0	3.4918e-07	3.21437e-06	0	3.23328	3.23328e+06	
32200	73.8043	36.8762	0	3.4918e-07	3.21437e-06	0	3.23328	3.23328e+06	
32300	73.7983	36.8768	0	3.4918e-07	3.21437e-06	0	3.23328	3.23328e+06	
32400	73.794	36.8772	0	3.4918e-07	3.21437e-06	0	3.23328	3.23328e+06	
32500	73.7907	36.8776	0	3.4918e-07	3.21437e-06	0	3.23328	3.23328e+06	
32600	73.5725	36.9006	0	-1.43546e-06	2.54486e-06	0	2.92179	2.92179e+06	
32700	73.4057	36.9008	0	-1.43546e-06	2.54486e-06	0	2.92179	2.92179e+06	
32800	73.2764	36.8817	0	-1.43546e-06	2.54486e-06	0	2.92179	2.92179e+06	
32900	73.1299	36.8672	0	-1.43546e-06	2.54486e-06	0	2.92179	2.92179e+06	
33000	72.9587	36.8628	0	-1.43546e-06	2.54486e-06	0	2.92179	2.92179e+06	
33100	72.6974	36.8768	0	-1.95608e-06	2.05897e-06	0	2.84001	2.84001e+06	
33200	72.4398	36.9015	0	-1.95608e-06	2.05897e-06	0	2.84001	2.84001e+06	
33300	72.2362	36.8733	0	-1.95608e-06	2.05897e-06	0	2.84001	2.84001e+06	
33400	72.0093	36.8586	0	-1.95608e-06	2.05897e-06	0	2.84001	2.84001e+06	
33500	71.7535	36.8703	0	-1.95608e-06	2.05897e-06	0	2.84001	2.84001e+06	
33600	71.5588	36.9073	0	-1.17191e-06	3.12465e-06	0	3.33719	3.33719e+06	
33700	71.4259	36.9073	0	-1.17191e-06	3.12465e-06	0	3.33719	3.33719e+06	
33800	71.3402	36.8944	0	-1.17191e-06	3.12465e-06	0	3.33719	3.33719e+06	
33900	71.2488	36.8819	0	-1.17191e-06	3.12465e-06	0	3.33719	3.33719e+06	
34000	71.1399	36.8717	0	-1.17191e-06	3.12465e-06	0	3.33719	3.33719e+06	
34100	71.1309	36.8713	0	-2.77597e-07	3.22e-06	0	3.23194	3.23194e+06	
34200	71.1201	36.8707	0	-2.77597e-07	3.22e-06	0	3.23194	3.23194e+06	
34300	71.107	36.87	0	-2.77597e-07	3.22e-06	0	3.23194	3.23194e+06	
34400	71.0911	36.8693	0	-2.77597e-07	3.22e-06	0	3.23194	3.23194e+06	
34500	71.0721	36.8685	0	-2.77597e-07	3.22e-06	0	3.23194	3.23194e+06	
34600	71.4592	36.9075	0	2.82809e-06	3.05837e-06	0	4.16554	4.16554e+06	
34700	71.7667	36.8809	0	2.82809e-06	3.05837e-06	0	4.16554	4.16554e+06	
34800	72.1041	36.868	0	2.82809e-06	3.05837e-06	0	4.16554	4.16554e+06	
34900	72.4917	36.9106	0	2.82809e-06	3.05837e-06	0	4.16554	4.16554e+06	
35000	72.7936	36.8779	0	2.82809e-06	3.05837e-06	0	4.16554	4.16554e+06	
35100	72.8246	36.8747	0	5.40583e-07	3.22e-06	0	3.26506	3.26506e+06	
35200	72.862	36.8719	0	5.40583e-07	3.22e-06	0	3.26506	3.26506e+06	
35300	72.9071	36.8694	0	5.40583e-07	3.22e-06	0	3.26506	3.26506e+06	
35400	72.9617	36.8677	0	5.40583e-07	3.22e-06	0	3.26506	3.26506e+06	
35500	73.0276	36.8674	0	5.40583e-07	3.22e-06	0	3.26506	3.26506e+06	
35600	73.4618	36.9086	0	3.22e-06	3.22e-06	0	4.55377	4.55377e+06	
35700	73.8141	36.877	0	3.22e-06	3.22e-06	0	4.55377	4.55377e+06	
35800	73.8701	36.8701	0	3.22e-06	3.22e-06	0	4.55377	4.55377e+06	
35900	73.8701	36.8701	0	3.22e-06	3.22e-06	0	4.55377	4.55377e+06	
36000	73.8701	36.8701	0	3.22e-06	3.22e-06	0	4.55377	4.55377e+06	
36100	73.8701	36.8701	0	3.22e-06	3.22e-06	0	4.55377	4.55377e+06	
36200	73.8701	36.8701	0	3.22e-06	3.22e-06	0	4.55377	4.55377e+06	
36300	73.8701	36.8701	0	3.22e-06	3.22e-06	0	4.55377	4.55377e+06	
36400	73.8701	36.8701	0	3.22e-06	3.22e-06	0	4.55377	4.55377e+06	
36500	73.8701	36.8701	0	3.22e-06	3.22e-06	0	4.55377	4.55377e+06	
36600	73.8701	36.8701	0	3.22e-06	3.22e-06	0	4.55377	4.55377e+06	
36700	73.8701	36.8701	0	3.22e-06	3.22e-06	0	4.55377	4.55377e+06	
36800	73.8701	36.8701	0	3.22e-06	3.22e-06	0	4.55377	4.55377e+06	
36900	73.8701	36.8701	0	3.22e-06	3.22e-06	0	4.55377	4.55377e+06	
37000	73.8701	36.8701	0	3.22e-06	3.22e-06	0	4.55377	4.55377e+06	
37100	73.8701	36.8701	0	3.22e-06	3.22e-06	0	4.55377	4.55377e+06	
37200	73.8701	36.8701	0	3.22e-06	3.22e-06	0	4.55377	4.55377e+06	
37300	73.8701	36.8701	0	3.22e-06	3.22e-06	0	4.55377	4.55377e+06	
37400	73.8701	36.8701	0	3.22e-06	3.22e-06	0	4.55377	4.55377e+06	
37500	73.8701	36.8701	0	3.22e-06	3.22e-06	0	4.55377	4.55377e+06	
37600	73.8701	36.8701	0	3.22e-06	3.22e-06	0	4.55377	4.55377e+06	
37700	73.8701	36.8701	0	3.22e-06	3.22e-06	0	4.55377	4.55377e+06	
37800	73.8701	36.8701	0	3.22e-06	3.22e-06	0	4.55377	4.55377e+06	
37900	73.8701	36.8701	0	3.22e-06	3.22e-06	0	4.55377	4.55377e+06	
38000	73.8701	36.8701	0	3.22e-06	3.22e-06	0	4.55377	4.55377e+06	
38100	73.8701	36.8701	0	3.22e-06	3.22e-06	0	4.55377	4.55377e+06	
38200	73.8701	36.8701	0	3.22e-06	3.22e-06	0	4.55377	4.55377e+06	
38300	73.8701	36.8701	0	3.22e-06	3.22e-06	0	4.55377	4.55377e+06	
38400	73.8701	36.8701	0	3.22e-06	3.22e-06	0	4.55377	4.55377e+06	
38500	73.8701	36.8701	0	3.22e-06	3.22e-06	0	4.55377	4.55377e+06	
38600	73.8701	36.8701	0	3.22e-06	3.22e-06	0	4.55377	4.55377e+06	
38700	73.8701	36.8701	0	3.22e-06	3.22e-06	0	4.55377	4.55377e+06	
38800	73.8701	36.8701	0	3.22e-06	3.22e-06	0	4.55377	4.55377e+06	
38900	73.8701	36.8701	0	3.22e-06	3.22e-06	0	4.55377	4.55377e+06	
39000	73.8701	36.8701	0	3.22e-06	3.22e-06	0	4.55377	4.55377e+06	
39100	73.8701	36.8701	0	3.22e-06	3.22e-06	0	4.55377	4.55377e+06	
39200	73.8701	36.8701	0	3.22e-06	3.22e-06	0	4.55377	4.55377e+06	
39300	73.8701	36.8701	0	3.22e-06	3.22e-06	0	4.55377	4.55377e+06	
39400	73.8701	36.8701	0	3.22e-06	3.22e-06	0	4.55377	4.55377e+06	
39500	73.8701	36.8701	0	3.22e-06	3.22e-06	0	4.55377	4.55377e+06	
39600	73.8701	36.8701	0	3.22e-06	3.22e-06	0	4.55377	4.55377e+06	
39700	73.8701	36.8701	0	3.22e-06	3.22e-06	0	4.55377	4.55377e+06	
39800	73.8701	36.8701	0	3.22e-06	3.22e-06	0	4.55377	4.55377e+06	
39900	73.8701	36.8701	0	3.22e-06	3.22e-06	0	4.55377	4.55377e+06	
40000	73.8701	36.8701	0	3.22e-06	3.22e-06	0	4.55377	4.55377e+06	
40100	73.8701	36.8701	0	3.22e-06	3.22e-06	0	4.55377	4.55377e+06	
40200	73.8701	36.8701	0	3.22e-06	3.22e-06	0	4.55377	4.55377e+06	
40300	73.8701	36.8701	0	3.22e-06	3.22e-06	0	4.55377	4.55377e+06	
40400	73.8701	36.8701	0	3.22e-06	3.22e-06	0	4.55377	4.55377e+06	
40500	73.8701	36.8701	0	3.22e-06	3.22e-06	0	4.55377	4.55377e+06	
40600	73.8701	36.8701	0	3.22e-06	3.22e-06	0	4.55377	4.55377e+06	
40700	73.8701	36.8701	0	3.22e-06	3.22e-06	0	4.55377	4.55377e+06	
40800	73.8701	36.8701	0	3.22e-06	3.22e-06	0	4.55377	4.55377e+06	
40900	73.8701	36.8701	0	3.22e-06	3.22e-06	0	4.55377	4.55377e+06	
41000	73.8701	36.8701	0	3.22e-06	3.22e-06	0	4.55377	4.55377e+06	
41100	73.8701	36.8701	0	3.22e-06	3.22e-06	0	4.55377	4.55377e+06	
41200	73.8701	36.8701	0	3.22e-06	3.22e-06	0	4.55377	4.55377e+06	
41300	73.8701	36.8701	0	3.22e-06	3.22e-06	0	4.55377	4.55377e+06	
41400	73.8701	36.8701	0	3.22e-06	3.22e-06	0	4.55377	4.55377e+06	
41500	73.8701	36.8701	0	3.22e-06	3.22e-06	0	4.55377	4.55377e+06	
41600	73.8701	36.8701	0	3.22e-06	3.22e-06	0	4.55377	4.55377e+06	
41700	73.8701	36.8701	0	3.22e-06	3.22e-06	0	4.55377	4.55377e+06	
41800	73.8701	36.8701	0	3.22e-06	3.22e-06	0	4.55377	4.55377e+06	
41900	73.8701	36.8701	0	3.22e-06	3.22e-06	0	4.55377	4.55377e+06	
42000	73.8701	36.8701	0	3.22e-06	3.22e-06	0	4.55377	4.55377e+06	
42100	73.8701	36.8701	0	3.22e-06	3.22e-06	0	4.55377	4.55377e+06	
42200	73.8701	36.8701	0	3.22e-06	3.22e-06	0	4.55377	4.55377e+06	
42300	73.8701	36.8701	0	3.22e-06	3.22e-06	0	4.55377	4.55377e+06	
42400	73.8701	36.8701	0	3.22e-06	3.22e-06	0	4.55377	4.55377e+06	
42500	73.8701	36.8701	0	3.22e-06	3.22e-06	0	4.55377	4.55377e+06	
42600	73.8701	36.8701	0	3.22e-06	3.22e-06	0	4.55377	4.55377e+06	
42700	73.8701	36.8701	0	3.22e-06	3.22e-06	0	4.55377	4.55377e+06	
42800	73.8701	36.8701	0	3.22e-06	3.22e-06	0	4.55377	4.55377e+06	
42900	73.8701	36.8701	0	3.22e-06	3.22e-06	0	4.55377	4.55377e+06	
43000	73.8701	36.8701	0	3.22e-06	3.22e-06	0	4.55377	4.55377e+06	
43100	73.8701	36.8701	0	3.22e-06	3.22e-06	0	4.55377	4.55377e+06	
43200	73.8701	36.8701	0	3.22e-06	3.22e-06	0	4.55377	4.55377e+06	
43300	73.8701	36.8701	0	3.22e-06	3.22e-06	0	4.55377	4.55377e+06	
43400	73.8701	36.8701	0	3.22e-06	3.22e-06	0	4.55377	4.55377e+06	
43500	73.8701	36.8701	0	3.22e-06	3.22e-06	0	4.55377	4.55377e+06	
43600	73.8701	36.8701	0	3.22e-06	3.22e-06	0	4.55377	4.55377e+06	
43700	73.8701	36.8701	0	3.22e-06	3.22e-06	0	4.55377	4.55377e+06	
43800	73.8701	36.8701	0	3.22e-06	3.22e-06	0	4.55377	4.55377e+06	
43900	73.8701	36.8701	0	3.22e-06	3.22e-06	0	4.55377	4.55377e+06	
44000	73.8701	36.8701	0	3.22e-06	3.22e-06	0	4.55377	4.55377e+06	
44100	73.8701	36.8701	0	3.22e-06	3.22e-06	0	4.55377	4.55377e+06	
44200	73.8701	36.8701	0	3.22e-06	3.22e-06	0	4.55377	4.55377e+06	
44300	73.8701	36.8701	0	3.22e-06	3.22e-06	0	4.55377	4.55377e+06	
44400	73.8701	36.8701	0	3.22e-06	3.22e-06	0	4.55377	4.55377e+06	
44500	73.8701	36.8701	0	3.22e-06	3.22e-06	0	4.55377	4.55377e+06	
44600	73.8701	36.8701	0	3.22e-06	3.22e-06	0	4.55377	4.55377e+06	
44700	73.8701	36.8701	0	3.22e-06	3.22e-06	0	4.55377	4.55377e+06	
44800	73.8701	36.8701	0	3.22e-06	3.22e-06	0	4.55377	4.55377e+06	
44900	73.8701	36.8701	0	3.22e-06	3.22e-06	0	4.55377	4.55377e+06	
45000	73.8701	36.8701	0	3.22e-06	3.22e-06	0	4.55377	4.55377e+06	
45100	73.8701	36.8701	0	3.22e-06	3.22e-06	0	4.55377	4.55377e+06	
45200	73.8701	36.8701	0	3.22e-06	3.22e-06	0	4.55377	4.55377e+06	
45300	73.8701	36.8701	0	3.22e-06	3.22e-06	0	4.55377	4.55377e+06	
45400	73.8701	36.8701	0	3.22e-06	3.22e-06	0	4.55377	4.55377e+06	
45500	73.8701	36.8701	0	3.22e-06	3.22e-06	0	4.55377	4.55377e+06	
45600	73.8701	36.8701	0	3.22e-06	3.22e-06	0	4.55377	4.55377e+06	
45700	73.8701	36.8701	0	3.22e-06	3.22e-06	0	4.55377	4.55377e+06	
45800	73.8701	36.8701	0	3.22e-06	3.22e-06	0	4.55377	4.55377e+06	
45900	73.8701	36.8701	0	3.22e-06	3.22e-06	0	4.55377	4.55377e+06	
46000	73.8701	36.8701	0	3.22e-06	3.22e-06	0	4.55377	4.55377e+06	
46100	73.8701	36.8701	0	3.22e-06	3.22e-06	0	4.55377	4.55377e+06	
46200	73.8701	36.8701	0	3.22e-06	3.22e-06	0	4.55377	4.55377e+06	
46300	73.8701	36.8701	0	3.22e-06	3.22e-06	0	4.55377	4.55377e+06	
46400	73.8701	36.8701	0	3.22e-06	3.22e-06	0	4.55377	4.55377e+06	
46500	73.8701	36.8701	0	3.22e-06	3.22e-06	0	4.55377	4.55377e+06	
46600	73.8307	36.8739	0	6.4982e-07	3.22e-06	0	3.28491	3.28491e+06	
46700	73.8291	36.874	0	6.4982e-07	3.22e-06	0	3.28491	3.28491e+06	
46800	73.8289	36.874	0	6.4982e-07	3.22e-06	0	3.28491	3.28491e+06	
46900	73.8289	36.874	0	6.4982e-07	3.22e-06	0	3.28491	3.28491e+06	
47000	73.8289	36.874	0	6.4982e-07	3.22e-06	0	3.28491	3.28491e+06	
47100	73.7778	36.8787	0	1.22829e-08	3.22e-06	0	3.22002	3.22002e+06	
47200	73.7328	36.8838	0	1.22829e-08	3.22e-06	0	3.22002	3.22002e+06	
47300	73.6814	36.8907	0	1.22829e-08	3.22e-06	0	3.22002	3.22002e+06	
47400	73.6239	36.8994	0	1.22829e-08	3.22e-06	0	3.22002	3.22002e+06	
47500	73.5688	36.9077	0	1.22829e-08	3.22e-06	0	3.22002	3.22002e+06	
47600	73.5282	36.912	0	-2.33437e-08	3.22e-06	0	3.22008	3.22008e+06	
47700	73.5094	36.9129	0	-2.33437e-08	3.22e-06	0	3.22008	3.22008e+06	
47800	73.5018	36.913	0	-2.33437e-08	3.22e-06	0	3.22008	3.22008e+06	
47900	73.4988	36.913	0	-2.33437e-08	3.22e-06	0	3.22008	3.22008e+06	
48000	73.4976	36.913	0	-2.33437e-08	3.22e-06	0	3.22008	3.22008e+06	
48100	73.5436	36.911	0	5.3897e-07	3.22e-06	0	3.2648	3.2648e+06	
48200	73.5662	36.9085	0	5.3897e-07	3.22e-06	0	3.2648	3.2648e+06	
48300	73.5803	36.9066	0	5.3897e-07	3.22e-06	0	3.2648	3.2648e+06	
48400	73.5906	36.9051	0	5.3897e-07	3.22e-06	0	3.2648	3.2648e+06	
48500	73.5988	36.9038	0	5.3897e-07	3.22e-06	0	3.2648	3.2648e+06	
48600	73.4837	36.9128	0	-7.22795e-07	3.22e-06	0	3.30013	3.30013e+06	
48700	73.4312	36.9083	0	-7.22795e-07	3.22e-06	0	3.30013	3.30013e+06	
48800	73.3982	36.9036	0	-7.22795e-07	3.22e-06	0	3.30013	3.30013e+06	
48900	73.3702	36.8992	0	-7.22795e-07	3.22e-06	0	3.30013	3.30013e+06	
49000	73.3423	36.8949	0	-7.22795e-07	3.22e-06	0	3.30013	3.30013e+06	
49100	73.4871	36.9126	0	7.97222e-07	3.22e-06	0	3.31722	3.31722e+06	
49200	73.5616	36.9092	0	7.97222e-07	3.22e-06	0	3.31722	3.31722e+06	
49300	73.6044	36.9032	0	7.97222e-07	3.22e-06	0	3.31722	3.31722e+06	
49400	73.6412	36.8975	0	7.97222e-07	3.22e-06	0	3.31722	3.31722e+06	
49500	73.6794	36.8917	0	7.97222e-07	3.22e-06	0	3.31722	3.31722e+06	
49600	73.8682	36.8685	0	2.91993e-06	2.96405e-06	0	4.16072	4.16072e+06	
49700	73.8682	36.8685	0	2.91993e-06	2.96405e-06	0	4.16072	4.16072e+06	
49800	73.8682	36.8685	0	2.91993e-06	2.96405e-06	0	4.16072	4.16072e+06	
49900	73.8682	36.8685	0	2.91993e-06	2.96405e-06	0	4.16072	4.16072e+06	
50000	73.8682	36.8685	0	2.91993e-06	2.96405e-06	0	4.16072	4.16072e+06	
