0	47	61	0	9.66516e-07	2.24526e-06	0	2.44445	2.44445e+06	
100	46.6	60.6	0	-3.22e-06	-3.22e-06	0	4.55377	4.55377e+06	
200	46.2	60.2	0	-3.22e-06	-3.22e-06	0	4.55377	4.55377e+06	
300	45.8	59.8	0	-3.22e-06	-3.22e-06	0	4.55377	4.55377e+06	
400	45.4	59.4	0	-3.22e-06	-3.22e-06	0	4.55377	4.55377e+06	
500	45	59	0	-3.22e-06	-3.22e-06	0	4.55377	4.55377e+06	
600	44.6403	58.6	0	-2.89596e-06	-3.22e-06	0	4.3307	4.3307e+06	
700	44.2805	58.2	0	-2.89596e-06	-3.22e-06	0	4.3307	4.3307e+06	
800	43.9208	57.8	0	-2.89596e-06	-3.22e-06	0	4.3307	4.3307e+06	
900	43.561	57.4	0	-2.89596e-06	-3.22e-06	0	4.3307	4.3307e+06	
1000	43.2013	57	0	-2.89596e-06	-3.22e-06	0	4.3307	4.3307e+06	
1100	42.8013	56.6	0	-3.22e-06	-3.22e-06	0	4.55377	4.55377e+06	
1200	42.4013	56.2	0	-3.22e-06	-3.22e-06	0	4.55377	4.55377e+06	
1300	42.0013	55.8	0	-3.22e-06	-3.22e-06	0	4.55377	4.55377e+06	
1400	41.6013	55.4	0	-3.22e-06	-3.22e-06	0	4.55377	4.55377e+06	
1500	41.2013	55	0	-3.22e-06	-3.22e-06	0	4.55377	4.55377e+06	
1600	40.8013	54.8313	0	-3.22e-06	-1.358e-06	0	3.49465	3.49465e+06	
1700	40.4013	54.6626	0	-3.22e-06	-1.358e-06	0	3.49465	3.49465e+06	
1800	40.0013	54.4939	0	-3.22e-06	-1.358e-06	0	3.49465	3.49465e+06	
1900	39.6013	54.3252	0	-3.22e-06	-1.358e-06	0	3.49465	3.49465e+06	
2000	39.2013	54.1565	0	-3.22e-06	-1.358e-06	0	3.49465	3.49465e+06	
2100	38.8013	53.9453	0	-3.22e-06	-1.70063e-06	0	3.6415	3.6415e+06	
2200	38.4013	53.734	0	-3.22e-06	-1.70063e-06	0	3.6415	3.6415e+06	
2300	38.0013	53.5227	0	-3.22e-06	-1.70063e-06	0	3.6415	3.6415e+06	
2400	37.6013	53.3115	0	-3.22e-06	-1.70063e-06	0	3.6415	3.6415e+06	
2500	37.2013	53.1002	0	-3.22e-06	-1.70063e-06	0	3.6415	3.6415e+06	
2600	36.8295	52.7002	0	-2.99287e-06	-3.22e-06	0	4.3961	4.3961e+06	
2700	36.4577	52.3002	0	-2.99287e-06	-3.22e-06	0	4.3961	4.3961e+06	
2800	36.0859	51.9002	0	-2.99287e-06	-3.22e-06	0	4.3961	4.3961e+06	
2900	35.7141	51.5002	0	-2.99287e-06	-3.22e-06	0	4.3961	4.3961e+06	
3000	35.3423	51.1002	0	-2.99287e-06	-3.22e-06	0	4.3961	4.3961e+06	
3100	35.3675	50.802	0	2.02541e-07	-2.40089e-06	0	2.40941	2.40941e+06	
3200	35.3927	50.5037	0	2.02541e-07	-2.40089e-06	0	2.40941	2.40941e+06	
3300	35.4178	50.2055	0	2.02541e-07	-2.40089e-06	0	2.40941	2.40941e+06	
3400	35.443	49.9072	0	2.02541e-07	-2.40089e-06	0	2.40941	2.40941e+06	
3500	35.4681	49.609	0	2.02541e-07	-2.40089e-06	0	2.40941	2.40941e+06	
3600	35.4708	49.209	0	2.17593e-08	-3.22e-06	0	3.22007	3.22007e+06	
3700	35.4735	48.809	0	2.17593e-08	-3.22e-06	0	3.22007	3.22007e+06	
3800	35.4763	48.409	0	2.17593e-08	-3.22e-06	0	3.22007	3.22007e+06	
3900	35.479	48.009	0	2.17593e-08	-3.22e-06	0	3.22007	3.22007e+06	
4000	35.4817	47.609	0	2.17593e-08	-3.22e-06	0	3.22007	3.22007e+06	
4100	35.8817	47.209	0	3.22e-06	-3.22e-06	0	4.55377	4.55377e+06	
4200	36.2817	46.809	0	3.22e-06	-3.22e-06	0	4.55377	4.55377e+06	
4300	36.6817	46.409	0	3.22e-06	-3.22e-06	0	4.55377	4.55377e+06	
4400	37.0817	46.009	0	3.22e-06	-3.22e-06	0	4.55377	4.55377e+06	
4500	37.4817	45.609	0	3.22e-06	-3.22e-06	0	4.55377	4.55377e+06	
4600	37.8703	45.445	0	3.12824e-06	-1.31981e-06	0	3.39526	3.39526e+06	
4700	38.2589	45.2811	0	3.12824e-06	-1.31981e-06	0	3.39526	3.39526e+06	
4800	38.6475	45.1171	0	3.12824e-06	-1.31981e-06	0	3.39526	3.39526e+06	
4900	39.0361	44.9532	0	3.12824e-06	-1.31981e-06	0	3.39526	3.39526e+06	
5000	39.4247	44.7892	0	3.12824e-06	-1.31981e-06	0	3.39526	3.39526e+06	
5100	39.6064	44.3892	0	1.46301e-06	-3.22e-06	0	3.53678	3.53678e+06	
5200	39.7881	43.9892	0	1.46301e-06	-3.22e-06	0	3.53678	3.53678e+06	
5300	39.9699	43.5892	0	1.46301e-06	-3.22e-06	0	3.53678	3.53678e+06	
5400	40.1516	43.1892	0	1.46301e-06	-3.22e-06	0	3.53678	3.53678e+06	
5500	40.3334	42.7892	0	1.46301e-06	-3.22e-06	0	3.53678	3.53678e+06	
5600	40.4885	42.6721	0	1.24872e-06	-9.43318e-07	0	1.56498	1.56498e+06	
5700	40.6436	42.5549	0	1.24872e-06	-9.43318e-07	0	1.56498	1.56498e+06	
5800	40.7987	42.4377	0	1.24872e-06	-9.43318e-07	0	1.56498	1.56498e+06	
5900	40.9538	42.3205	0	1.24872e-06	-9.43318e-07	0	1.56498	1.56498e+06	
6000	41.109	42.2033	0	1.24872e-06	-9.43318e-07	0	1.56498	1.56498e+06	
6100	41.1735	42.1958	0	5.1937e-07	-6.02297e-08	0	0.52285	522850	
6200	41.238	42.1884	0	5.1937e-07	-6.02297e-08	0	0.52285	522850	
6300	41.3025	42.1809	0	5.1937e-07	-6.02297e-08	0	0.52285	522850	
6400	41.367	42.1734	0	5.1937e-07	-6.02297e-08	0	0.52285	522850	
6500	41.4316	42.1659	0	5.1937e-07	-6.02297e-08	0	0.52285	522850	
6600	41.4404	42.3328	0	7.14536e-08	1.34351e-06	0	1.34541	1.34541e+06	
6700	41.4493	42.4997	0	7.14536e-08	1.34351e-06	0	1.34541	1.34541e+06	
6800	41.4582	42.6666	0	7.14536e-08	1.34351e-06	0	1.34541	1.34541e+06	
6900	41.4671	42.8335	0	7.14536e-08	1.34351e-06	0	1.34541	1.34541e+06	
7000	41.4759	43.0004	0	7.14536e-08	1.34351e-06	0	1.34541	1.34541e+06	
7100	41.6317	42.9576	0	1.25417e-06	-3.44067e-07	0	1.30051	1.30051e+06	
7200	41.7875	42.9149	0	1.25417e-06	-3.44067e-07	0	1.30051	1.30051e+06	
7300	41.9433	42.8722	0	1.25417e-06	-3.44067e-07	0	1.30051	1.30051e+06	
7400	42.0991	42.8294	0	1.25417e-06	-3.44067e-07	0	1.30051	1.30051e+06	
7500	42.2549	42.7867	0	1.25417e-06	-3.44067e-07	0	1.30051	1.30051e+06	
7600	42.5796	42.6893	0	2.61334e-06	-7.83565e-07	0	2.72828	2.72828e+06	
7700	42.9042	42.592	0	2.61334e-06	-7.83565e-07	0	2.72828	2.72828e+06	
7800	43.2288	42.4947	0	2.61334e-06	-7.83565e-07	0	2.72828	2.72828e+06	
7900	43.5535	42.3973	0	2.61334e-06	-7.83565e-07	0	2.72828	2.72828e+06	
8000	43.8781	42.3	0	2.61334e-06	-7.83565e-07	0	2.72828	2.72828e+06	
8100	44.2781	41.9797	0	3.22e-06	-2.57834e-06	0	4.12508	4.12508e+06	
8200	44.6781	41.6594	0	3.22e-06	-2.57834e-06	0	4.12508	4.12508e+06	
8300	45.0781	41.3391	0	3.22e-06	-2.57834e-06	0	4.12508	4.12508e+06	
8400	45.4781	41.0188	0	3.22e-06	-2.57834e-06	0	4.12508	4.12508e+06	
8500	45.8781	40.6985	0	3.22e-06	-2.57834e-06	0	4.12508	4.12508e+06	
8600	46.2781	40.2985	0	3.22e-06	-3.22e-06	0	4.55377	4.55377e+06	
8700	46.6781	39.8985	0	3.22e-06	-3.22e-06	0	4.55377	4.55377e+06	
8800	47.0781	39.4985	0	3.22e-06	-3.22e-06	0	4.55377	4.55377e+06	
8900	47.4781	39.0985	0	3.22e-06	-3.22e-06	0	4.55377	4.55377e+06	
9000	47.8781	38.6985	0	3.22e-06	-3.22e-06	0	4.55377	4.55377e+06	
9100	48.2781	38.2985	0	3.22e-06	-3.22e-06	0	4.55377	4.55377e+06	
9200	48.6781	37.8985	0	3.22e-06	-3.22e-06	0	4.55377	4.55377e+06	
9300	49.0781	37.4985	0	3.22e-06	-3.22e-06	0	4.55377	4.55377e+06	
9400	49.4781	37.0985	0	3.22e-06	-3.22e-06	0	4.55377	4.55377e+06	
9500	49.8781	36.6985	0	3.22e-06	-3.22e-06	0	4.55377	4.55377e+06	
9600	50.2781	37.0773	0	3.22e-06	3.04926e-06	0	4.43468	4.43468e+06	
9700	50.6781	37.4561	0	3.22e-06	3.04926e-06	0	4.43468	4.43468e+06	
9800	51.0781	37.8349	0	3.22e-06	3.04926e-06	0	4.43468	4.43468e+06	
9900	51.4781	38.2137	0	3.22e-06	3.04926e-06	0	4.43468	4.43468e+06	
10000	51.8781	38.5925	0	3.22e-06	3.04926e-06	0	4.43468	4.43468e+06	
10100	52.2681	38.9925	0	3.13922e-06	3.22e-06	0	4.49701	4.49701e+06	
10200	52.6581	39.3925	0	3.13922e-06	3.22e-06	0	4.49701	4.49701e+06	
10300	53.048	39.7925	0	3.13922e-06	3.22e-06	0	4.49701	4.49701e+06	
10400	53.438	40.1925	0	3.13922e-06	3.22e-06	0	4.49701	4.49701e+06	
10500	53.8279	40.5925	0	3.13922e-06	3.22e-06	0	4.49701	4.49701e+06	
10600	53.5532	40.9421	0	-2.32351e-06	3.22e-06	0	3.97078	3.97078e+06	
10700	53.3629	40.9005	0	-2.32351e-06	3.22e-06	0	3.97078	3.97078e+06	
10800	53.1251	40.8718	0	-2.32351e-06	3.22e-06	0	3.97078	3.97078e+06	
10900	52.8343	40.8726	0	-2.32351e-06	3.22e-06	0	3.97078	3.97078e+06	
11000	52.504	40.9123	0	-2.32351e-06	3.22e-06	0	3.97078	3.97078e+06	
11100	52.4881	40.9129	0	-1.66219e-07	3.22e-06	0	3.22429	3.22429e+06	
11200	52.4818	40.9126	0	-1.66219e-07	3.22e-06	0	3.22429	3.22429e+06	
11300	52.4792	40.9125	0	-1.66219e-07	3.22e-06	0	3.22429	3.22429e+06	
11400	52.4781	40.9125	0	-1.66219e-07	3.22e-06	0	3.22429	3.22429e+06	
11500	52.4776	40.9124	0	-1.66219e-07	3.22e-06	0	3.22429	3.22429e+06	
11600	52.7045	40.8893	0	2.21373e-06	3.22e-06	0	3.90756	3.90756e+06	
11700	52.9437	40.8684	0	2.21373e-06	3.22e-06	0	3.90756	3.90756e+06	
11800	53.2335	40.8785	0	2.21373e-06	3.22e-06	0	3.90756	3.90756e+06	
11900	53.5718	40.9404	0	2.21373e-06	3.22e-06	0	3.90756	3.90756e+06	
12000	53.945	41.077	0	2.21373e-06	3.22e-06	0	3.90756	3.90756e+06	
12100	53.7485	41.0084	0	-3.22e-06	3.22e-06	0	4.55377	4.55377e+06	
12200	53.4971	40.9299	0	-3.22e-06	3.22e-06	0	4.55377	4.55377e+06	
12300	53.1719	40.8758	0	-3.22e-06	3.22e-06	0	4.55377	4.55377e+06	
12400	52.7691	40.8776	0	-3.22e-06	3.22e-06	0	4.55377	4.55377e+06	
12500	52.3628	40.9003	0	-3.22e-06	3.22e-06	0	4.55377	4.55377e+06	
12600	52.317	40.8912	0	-8.62494e-07	3.22e-06	0	3.33351	3.33351e+06	
12700	52.2644	40.8841	0	-8.62494e-07	3.22e-06	0	3.33351	3.33351e+06	
12800	52.2018	40.8772	0	-8.62494e-07	3.22e-06	0	3.33351	3.33351e+06	
12900	52.1262	40.8713	0	-8.62494e-07	3.22e-06	0	3.33351	3.33351e+06	
13000	52.0347	40.8676	0	-8.62494e-07	3.22e-06	0	3.33351	3.33351e+06	
13100	52.0733	40.8613	0	2.54034e-07	2.25017e-06	0	2.26446	2.26446e+06	
13200	52.1172	40.8632	0	2.54034e-07	2.25017e-06	0	2.26446	2.26446e+06	
13300	52.167	40.8664	0	2.54034e-07	2.25017e-06	0	2.26446	2.26446e+06	
13400	52.2234	40.8714	0	2.54034e-07	2.25017e-06	0	2.26446	2.26446e+06	
13500	52.287	40.8788	0	2.54034e-07	2.25017e-06	0	2.26446	2.26446e+06	
13600	52.3679	40.8979	0	2.05483e-07	3.22e-06	0	3.22655	3.22655e+06	
13700	52.4476	40.9096	0	2.05483e-07	3.22e-06	0	3.22655	3.22655e+06	
13800	52.4953	40.913	0	2.05483e-07	3.22e-06	0	3.22655	3.22655e+06	
13900	52.5148	40.9128	0	2.05483e-07	3.22e-06	0	3.22655	3.22655e+06	
14000	52.5227	40.9124	0	2.05483e-07	3.22e-06	0	3.22655	3.22655e+06	
14100	52.185	40.8769	0	-3.11348e-06	3.22e-06	0	4.47908	4.47908e+06	
14200	51.7992	40.8749	0	-3.11348e-06	3.22e-06	0	4.47908	4.47908e+06	
14300	51.3512	40.9602	0	-3.11348e-06	3.22e-06	0	4.47908	4.47908e+06	
14400	50.8781	41.1639	0	-3.11348e-06	3.22e-06	0	4.47908	4.47908e+06	
14500	50.4332	41.4873	0	-3.11348e-06	3.22e-06	0	4.47908	4.47908e+06	
14600	50.2286	41.782	0	-6.00601e-07	3.22e-06	0	3.27553	3.27553e+06	
14700	50.1067	41.8698	0	-6.00601e-07	3.22e-06	0	3.27553	3.27553e+06	
14800	50.0431	41.8678	0	-6.00601e-07	3.22e-06	0	3.27553	3.27553e+06	
14900	49.9697	41.8674	0	-6.00601e-07	3.22e-06	0	3.27553	3.27553e+06	
15000	49.8816	41.8703	0	-6.00601e-07	3.22e-06	0	3.27553	3.27553e+06	
15100	49.4513	41.9116	0	-3.22e-06	3.22e-06	0	4.55377	4.55377e+06	
15200	49.1031	41.8708	0	-3.22e-06	3.22e-06	0	4.55377	4.55377e+06	
15300	48.687	41.8872	0	-3.22e-06	3.22e-06	0	4.55377	4.55377e+06	
15400	48.2149	42.0056	0	-3.22e-06	3.22e-06	0	4.55377	4.55377e+06	
15500	47.7342	42.2517	0	-3.22e-06	3.22e-06	0	4.55377	4.55377e+06	
15600	47.2967	42.6088	0	-3.22e-06	3.22e-06	0	4.55377	4.55377e+06	
15700	46.8923	42.8691	0	-3.22e-06	3.22e-06	0	4.55377	4.55377e+06	
15800	46.4423	42.9347	0	-3.22e-06	3.22e-06	0	4.55377	4.55377e+06	
15900	45.9584	43.1194	0	-3.22e-06	3.22e-06	0	4.55377	4.55377e+06	
16000	45.4961	43.4301	0	-3.22e-06	3.22e-06	0	4.55377	4.55377e+06	
16100	45.2796	43.6759	0	-1.33572e-06	2.34491e-06	0	2.69866	2.69866e+06	
16200	45.0892	43.8628	0	-1.33572e-06	2.34491e-06	0	2.69866	2.69866e+06	
16300	44.9241	43.8619	0	-1.33572e-06	2.34491e-06	0	2.69866	2.69866e+06	
16400	44.7367	43.8756	0	-1.33572e-06	2.34491e-06	0	2.69866	2.69866e+06	
16500	44.5351	43.9037	0	-1.33572e-06	2.34491e-06	0	2.69866	2.69866e+06	
16600	44.1753	43.8731	0	-3.22e-06	2.73515e-06	0	4.22486	4.22486e+06	
16700	43.7735	43.8736	0	-3.22e-06	2.73515e-06	0	4.22486	4.22486e+06	
16800	43.3219	43.9639	0	-3.22e-06	2.73515e-06	0	4.22486	4.22486e+06	
16900	42.8595	44.1647	0	-3.22e-06	2.73515e-06	0	4.22486	4.22486e+06	
17000	42.4282	44.4628	0	-3.22e-06	2.73515e-06	0	4.22486	4.22486e+06	
17100	42.2289	44.7522	0	-1.22643e-06	2.63636e-06	0	2.90766	2.90766e+06	
17200	42.0304	45.0491	0	-1.22643e-06	2.63636e-06	0	2.90766	2.90766e+06	
17300	41.786	45.2282	0	-1.22643e-06	2.63636e-06	0	2.90766	2.90766e+06	
17400	41.5306	45.4258	0	-1.22643e-06	2.63636e-06	0	2.90766	2.90766e+06	
17500	41.2923	45.6737	0	-1.22643e-06	2.63636e-06	0	2.90766	2.90766e+06	
17600	41.1893	45.8234	0	-1.2332e-07	1.70792e-06	0	1.71236	1.71236e+06	
17700	41.0899	45.9859	0	-1.2332e-07	1.70792e-06	0	1.71236	1.71236e+06	
17800	41.0012	46.1631	0	-1.2332e-07	1.70792e-06	0	1.71236	1.71236e+06	
17900	40.926	46.3533	0	-1.2332e-07	1.70792e-06	0	1.71236	1.71236e+06	
18000	40.8661	46.5537	0	-1.2332e-07	1.70792e-06	0	1.71236	1.71236e+06	
18100	40.6883	46.6656	0	-1.39365e-06	9.0888e-07	0	1.66383	1.66383e+06	
18200	40.5152	46.7785	0	-1.39365e-06	9.0888e-07	0	1.66383	1.66383e+06	
18300	40.3421	46.8914	0	-1.39365e-06	9.0888e-07	0	1.66383	1.66383e+06	
18400	40.169	47.0043	0	-1.39365e-06	9.0888e-07	0	1.66383	1.66383e+06	
18500	39.9958	47.1173	0	-1.39365e-06	9.0888e-07	0	1.66383	1.66383e+06	
18600	39.6356	47.1394	0	-2.89998e-06	1.77905e-07	0	2.90544	2.90544e+06	
18700	39.2754	47.1615	0	-2.89998e-06	1.77905e-07	0	2.90544	2.90544e+06	
18800	38.9151	47.1836	0	-2.89998e-06	1.77905e-07	0	2.90544	2.90544e+06	
18900	38.5549	47.2057	0	-2.89998e-06	1.77905e-07	0	2.90544	2.90544e+06	
19000	38.1946	47.2278	0	-2.89998e-06	1.77905e-07	0	2.90544	2.90544e+06	
19100	37.7946	47.2327	0	-3.22e-06	3.98012e-08	0	3.22025	3.22025e+06	
19200	37.3946	47.2376	0	-3.22e-06	3.98012e-08	0	3.22025	3.22025e+06	
19300	36.9946	47.2426	0	-3.22e-06	3.98012e-08	0	3.22025	3.22025e+06	
19400	36.5946	47.2475	0	-3.22e-06	3.98012e-08	0	3.22025	3.22025e+06	
19500	36.1946	47.2525	0	-3.22e-06	3.98012e-08	0	3.22025	3.22025e+06	
19600	35.7946	47.4104	0	-3.22e-06	1.27106e-06	0	3.46179	3.46179e+06	
19700	35.3946	47.5683	0	-3.22e-06	1.27106e-06	0	3.46179	3.46179e+06	
19800	34.9946	47.7262	0	-3.22e-06	1.27106e-06	0	3.46179	3.46179e+06	
19900	34.5946	47.8841	0	-3.22e-06	1.27106e-06	0	3.46179	3.46179e+06	
20000	34.1946	48.042	0	-3.22e-06	1.27106e-06	0	3.46179	3.46179e+06	
20100	33.7946	48.1826	0	-3.22e-06	1.13191e-06	0	3.41316	3.41316e+06	
20200	33.3946	48.3232	0	-3.22e-06	1.13191e-06	0	3.41316	3.41316e+06	
20300	32.9946	48.4638	0	-3.22e-06	1.13191e-06	0	3.41316	3.41316e+06	
20400	32.5946	48.6044	0	-3.22e-06	1.13191e-06	0	3.41316	3.41316e+06	
20500	32.1946	48.745	0	-3.22e-06	1.13191e-06	0	3.41316	3.41316e+06	
20600	31.7946	48.3554	0	-3.22e-06	-3.13646e-06	0	4.49509	4.49509e+06	
20700	31.3946	47.9658	0	-3.22e-06	-3.13646e-06	0	4.49509	4.49509e+06	
20800	30.9946	47.5761	0	-3.22e-06	-3.13646e-06	0	4.49509	4.49509e+06	
20900	30.5946	47.1865	0	-3.22e-06	-3.13646e-06	0	4.49509	4.49509e+06	
21000	30.1946	46.7969	0	-3.22e-06	-3.13646e-06	0	4.49509	4.49509e+06	
21100	29.7946	46.7694	0	-3.22e-06	-2.21121e-07	0	3.22758	3.22758e+06	
21200	29.3946	46.742	0	-3.22e-06	-2.21121e-07	0	3.22758	3.22758e+06	
21300	29.112	46.6989	0	-3.22e-06	-2.21121e-07	0	3.22758	3.22758e+06	
21400	29.0992	46.6138	0	-3.22e-06	-2.21121e-07	0	3.22758	3.22758e+06	
21500	29.0889	46.5374	0	-3.22e-06	-2.21121e-07	0	3.22758	3.22758e+06	
21600	29.1	46.6271	0	-3.22e-06	1.16427e-06	0	3.42402	3.42402e+06	
21700	29.1125	46.7112	0	-3.22e-06	1.16427e-06	0	3.42402	3.42402e+06	
21800	29.1237	46.8095	0	-3.22e-06	1.16427e-06	0	3.42402	3.42402e+06	
21900	29.1313	46.9286	0	-3.22e-06	1.16427e-06	0	3.42402	3.42402e+06	
22000	29.1317	47.0727	0	-3.22e-06	1.16427e-06	0	3.42402	3.42402e+06	
22100	29.1448	47.4111	0	-5.52721e-07	2.66932e-06	0	2.72594	2.72594e+06	
22200	29.0915	47.7465	0	-5.52721e-07	2.66932e-06	0	2.72594	2.72594e+06	
22300	29.0242	48.0787	0	-5.52721e-07	2.66932e-06	0	2.72594	2.72594e+06	
22400	28.9556	48.4103	0	-5.52721e-07	2.66932e-06	0	2.72594	2.72594e+06	
22500	28.8869	48.7419	0	-5.52721e-07	2.66932e-06	0	2.72594	2.72594e+06	
22600	28.6115	48.5663	0	-2.21792e-06	-1.41378e-06	0	2.6302	2.6302e+06	
22700	28.4827	48.5395	0	-2.21792e-06	-1.41378e-06	0	2.6302	2.6302e+06	
22800	28.4223	48.5957	0	-2.21792e-06	-1.41378e-06	0	2.6302	2.6302e+06	
22900	28.3497	48.6579	0	-2.21792e-06	-1.41378e-06	0	2.6302	2.6302e+06	
23000	28.2625	48.7257	0	-2.21792e-06	-1.41378e-06	0	2.6302	2.6302e+06	
23100	28.027	48.8852	0	-2.86082e-06	-2.21132e-07	0	2.86936	2.86936e+06	
23200	27.7455	49.0185	0	-2.86082e-06	-2.21132e-07	0	2.86936	2.86936e+06	
23300	27.4266	49.1167	0	-2.86082e-06	-2.21132e-07	0	2.86936	2.86936e+06	
23400	27.0816	49.1702	0	-2.86082e-06	-2.21132e-07	0	2.86936	2.86936e+06	
23500	26.7253	49.1785	0	-2.86082e-06	-2.21132e-07	0	2.86936	2.86936e+06	
23600	26.4388	49.2774	0	-2.30368e-06	7.75835e-07	0	2.43081	2.43081e+06	
23700	26.1526	49.3738	0	-2.30368e-06	7.75835e-07	0	2.43081	2.43081e+06	
23800	25.8664	49.4701	0	-2.30368e-06	7.75835e-07	0	2.43081	2.43081e+06	
23900	25.5803	49.5665	0	-2.30368e-06	7.75835e-07	0	2.43081	2.43081e+06	
24000	25.2941	49.6629	0	-2.30368e-06	7.75835e-07	0	2.43081	2.43081e+06	
24100	25.1017	49.7646	0	-1.5483e-06	8.18478e-07	0	1.75132	1.75132e+06	
24200	24.9094	49.8662	0	-1.5483e-06	8.18478e-07	0	1.75132	1.75132e+06	
24300	24.7171	49.9679	0	-1.5483e-06	8.18478e-07	0	1.75132	1.75132e+06	
24400	24.5247	50.0696	0	-1.5483e-06	8.18478e-07	0	1.75132	1.75132e+06	
24500	24.3324	50.1713	0	-1.5483e-06	8.18478e-07	0	1.75132	1.75132e+06	
24600	23.9324	50.1876	0	-3.22e-06	1.31176e-07	0	3.22267	3.22267e+06	
24700	23.5324	50.2039	0	-3.22e-06	1.31176e-07	0	3.22267	3.22267e+06	
24800	23.1324	50.2202	0	-3.22e-06	1.31176e-07	0	3.22267	3.22267e+06	
24900	22.7324	50.2364	0	-3.22e-06	1.31176e-07	0	3.22267	3.22267e+06	
25000	22.3324	50.2527	0	-3.22e-06	1.31176e-07	0	3.22267	3.22267e+06	
25100	21.9324	50.0287	0	-3.22e-06	-1.80316e-06	0	3.6905	3.6905e+06	
25200	21.5324	49.8048	0	-3.22e-06	-1.80316e-06	0	3.6905	3.6905e+06	
25300	21.1324	49.5808	0	-3.22e-06	-1.80316e-06	0	3.6905	3.6905e+06	
25400	20.7324	49.3568	0	-3.22e-06	-1.80316e-06	0	3.6905	3.6905e+06	
25500	20.3333	49.1392	0	-3.22e-06	-1.80316e-06	0	3.6905	3.6905e+06	
25600	19.9343	49.4039	0	-3.22e-06	2.07451e-06	0	3.8304	3.8304e+06	
25700	19.5343	49.6616	0	-3.22e-06	2.07451e-06	0	3.8304	3.8304e+06	
25800	19.1343	49.9193	0	-3.22e-06	2.07451e-06	0	3.8304	3.8304e+06	
25900	18.7343	50.177	0	-3.22e-06	2.07451e-06	0	3.8304	3.8304e+06	
26000	18.3343	50.4347	0	-3.22e-06	2.07451e-06	0	3.8304	3.8304e+06	
26100	18.172	50.4835	0	-1.30591e-06	3.92662e-07	0	1.36367	1.36367e+06	
26200	18.0098	50.5323	0	-1.30591e-06	3.92662e-07	0	1.36367	1.36367e+06	
26300	17.8476	50.581	0	-1.30591e-06	3.92662e-07	0	1.36367	1.36367e+06	
26400	17.6854	50.6298	0	-1.30591e-06	3.92662e-07	0	1.36367	1.36367e+06	
26500	17.5231	50.6786	0	-1.30591e-06	3.92662e-07	0	1.36367	1.36367e+06	
26600	17.4873	50.3879	0	-2.88724e-07	-2.34036e-06	0	2.35811	2.35811e+06	
26700	17.4514	50.0971	0	-2.88724e-07	-2.34036e-06	0	2.35811	2.35811e+06	
26800	17.4155	49.8064	0	-2.88724e-07	-2.34036e-06	0	2.35811	2.35811e+06	
26900	17.3797	49.5157	0	-2.88724e-07	-2.34036e-06	0	2.35811	2.35811e+06	
27000	17.3438	49.225	0	-2.88724e-07	-2.34036e-06	0	2.35811	2.35811e+06	
27100	17.2959	49.0947	0	-3.85723e-07	-1.04895e-06	0	1.11762	1.11762e+06	
27200	17.248	48.9643	0	-3.85723e-07	-1.04895e-06	0	1.11762	1.11762e+06	
27300	17.2	48.834	0	-3.85723e-07	-1.04895e-06	0	1.11762	1.11762e+06	
27400	17.1521	48.7037	0	-3.85723e-07	-1.04895e-06	0	1.11762	1.11762e+06	
27500	17.1042	48.5734	0	-3.85723e-07	-1.04895e-06	0	1.11762	1.11762e+06	
27600	17.2006	48.4813	0	7.75928e-07	-7.41767e-07	0	1.07344	1.07344e+06	
27700	17.2953	48.3905	0	7.75928e-07	-7.41767e-07	0	1.07344	1.07344e+06	
27800	17.3234	48.3538	0	7.75928e-07	-7.41767e-07	0	1.07344	1.07344e+06	
27900	17.3163	48.3447	0	7.75928e-07	-7.41767e-07	0	1.07344	1.07344e+06	
28000	17.3087	48.3352	0	7.75928e-07	-7.41767e-07	0	1.07344	1.07344e+06	
28100	17.2934	48.3106	0	8.40143e-07	-9.47566e-07	0	1.26638	1.26638e+06	
28200	17.2748	48.286	0	8.40143e-07	-9.47566e-07	0	1.26638	1.26638e+06	
28300	17.2551	48.2593	0	8.40143e-07	-9.47566e-07	0	1.26638	1.26638e+06	
28400	17.2344	48.2303	0	8.40143e-07	-9.47566e-07	0	1.26638	1.26638e+06	
28500	17.2128	48.1988	0	8.40143e-07	-9.47566e-07	0	1.26638	1.26638e+06	
28600	17.0376	47.8838	0	-1.89957e-07	-3.22e-06	0	3.2256	3.2256e+06	
28700	16.9014	47.5241	0	-1.89957e-07	-3.22e-06	0	3.2256	3.2256e+06	
28800	16.8202	47.1339	0	-1.89957e-07	-3.22e-06	0	3.2256	3.2256e+06	
28900	16.7829	46.7339	0	-1.89957e-07	-3.22e-06	0	3.2256	3.2256e+06	
29000	16.7585	46.3339	0	-1.89957e-07	-3.22e-06	0	3.2256	3.2256e+06	
29100	16.8583	45.9382	0	2.0209e-06	-3.22e-06	0	3.80163	3.80163e+06	
29200	16.8994	45.5173	0	2.0209e-06	-3.22e-06	0	3.80163	3.80163e+06	
29300	16.8655	45.1491	0	2.0209e-06	-3.22e-06	0	3.80163	3.80163e+06	
29400	16.8695	44.7449	0	2.0209e-06	-3.22e-06	0	3.80163	3.80163e+06	
29500	16.8896	44.345	0	2.0209e-06	-3.22e-06	0	3.80163	3.80163e+06	
29600	16.8932	44.3322	0	3.22e-06	-5.81157e-07	0	3.27202	3.27202e+06	
29700	16.8913	44.3188	0	3.22e-06	-5.81157e-07	0	3.27202	3.27202e+06	
29800	16.8891	44.3036	0	3.22e-06	-5.81157e-07	0	3.27202	3.27202e+06	
29900	16.8867	44.286	0	3.22e-06	-5.81157e-07	0	3.27202	3.27202e+06	
30000	16.884	44.2653	0	3.22e-06	-5.81157e-07	0	3.27202	3.27202e+06	
30100	16.8901	44.3142	0	3.22e-06	-2.78995e-08	0	3.22012	3.22012e+06	
30200	16.8984	44.3693	0	3.22e-06	-2.78995e-08	0	3.22012	3.22012e+06	
30300	16.9067	44.4238	0	3.22e-06	-2.78995e-08	0	3.22012	3.22012e+06	
30400	16.9113	44.463	0	3.22e-06	-2.78995e-08	0	3.22012	3.22012e+06	
30500	16.9126	44.4827	0	3.22e-06	-2.78995e-08	0	3.22012	3.22012e+06	
30600	16.9094	44.4408	0	3.22e-06	-6.13023e-07	0	3.27783	3.27783e+06	
30700	16.9062	44.4168	0	3.22e-06	-6.13023e-07	0	3.27783	3.27783e+06	
30800	16.9036	44.399	0	3.22e-06	-6.13023e-07	0	3.27783	3.27783e+06	
30900	16.9012	44.3839	0	3.22e-06	-6.13023e-07	0	3.27783	3.27783e+06	
31000	16.899	44.3696	0	3.22e-06	-6.13023e-07	0	3.27783	3.27783e+06	
31100	16.9075	44.4298	0	3.22e-06	2.4363e-08	0	3.22009	3.22009e+06	
31200	16.9119	44.4711	0	3.22e-06	2.4363e-08	0	3.22009	3.22009e+06	
31300	16.9129	44.4905	0	3.22e-06	2.4363e-08	0	3.22009	3.22009e+06	
31400	16.913	44.4982	0	3.22e-06	2.4363e-08	0	3.22009	3.22009e+06	
31500	16.913	44.5013	0	3.22e-06	2.4363e-08	0	3.22009	3.22009e+06	
31600	16.9121	44.4706	0	3.22e-06	-3.66327e-07	0	3.24077	3.24077e+06	
31700	16.911	44.4571	0	3.22e-06	-3.66327e-07	0	3.24077	3.24077e+06	
31800	16.9103	44.4504	0	3.22e-06	-3.66327e-07	0	3.24077	3.24077e+06	
31900	16.9099	44.4468	0	3.22e-06	-3.66327e-07	0	3.24077	3.24077e+06	
32000	16.9097	44.4448	0	3.22e-06	-3.66327e-07	0	3.24077	3.24077e+06	
32100	16.8809	44.7757	0	3.22e-06	3.01119e-06	0	4.40859	4.40859e+06	
32200	16.8707	45.1392	0	3.22e-06	3.01119e-06	0	4.40859	4.40859e+06	
32300	16.9118	45.5449	0	3.22e-06	3.01119e-06	0	4.40859	4.40859e+06	
32400	16.8727	45.8651	0	3.22e-06	3.01119e-06	0	4.40859	4.40859e+06	
32500	16.8794	46.2471	0	3.22e-06	3.01119e-06	0	4.40859	4.40859e+06	
32600	16.8744	46.2092	0	2.70674e-06	-5.98212e-07	0	2.77205	2.77205e+06	
32700	16.8704	46.1648	0	2.70674e-06	-5.98212e-07	0	2.77205	2.77205e+06	
32800	16.867	46.1127	0	2.70674e-06	-5.98212e-07	0	2.77205	2.77205e+06	
32900	16.8645	46.0516	0	2.70674e-06	-5.98212e-07	0	2.77205	2.77205e+06	
33000	16.8638	45.98	0	2.70674e-06	-5.98212e-07	0	2.77205	2.77205e+06	
33100	16.8171	46.1001	0	1.73526e-07	9.62494e-07	0	0.978011	978011	
33200	16.8161	46.2213	0	1.73526e-07	9.62494e-07	0	0.978011	978011	
33300	16.8232	46.3426	0	1.73526e-07	9.62494e-07	0	0.978011	978011	
33400	16.8346	46.4635	0	1.73526e-07	9.62494e-07	0	0.978011	978011	
33500	16.8435	46.5824	0	1.73526e-07	9.62494e-07	0	0.978011	978011	
33600	16.6162	46.4404	0	-1.8172e-06	-1.14177e-06	0	2.14612	2.14612e+06	
33700	16.3905	46.2986	0	-1.8172e-06	-1.14177e-06	0	2.14612	2.14612e+06	
33800	16.1647	46.1567	0	-1.8172e-06	-1.14177e-06	0	2.14612	2.14612e+06	
33900	15.939	46.0149	0	-1.8172e-06	-1.14177e-06	0	2.14612	2.14612e+06	
34000	15.7132	45.873	0	-1.8172e-06	-1.14177e-06	0	2.14612	2.14612e+06	
34100	15.8311	45.8171	0	9.4878e-07	-4.50291e-07	0	1.05021	1.05021e+06	
34200	15.949	45.7612	0	9.4878e-07	-4.50291e-07	0	1.05021	1.05021e+06	
34300	16.0668	45.7052	0	9.4878e-07	-4.50291e-07	0	1.05021	1.05021e+06	
34400	16.1847	45.6493	0	9.4878e-07	-4.50291e-07	0	1.05021	1.05021e+06	
34500	16.3026	45.5934	0	9.4878e-07	-4.50291e-07	0	1.05021	1.05021e+06	
34600	16.4125	45.7273	0	8.8548e-07	1.0782e-06	0	1.3952	1.3952e+06	
34700	16.5225	45.8612	0	8.8548e-07	1.0782e-06	0	1.3952	1.3952e+06	
34800	16.6325	45.9952	0	8.8548e-07	1.0782e-06	0	1.3952	1.3952e+06	
34900	16.7424	46.1291	0	8.8548e-07	1.0782e-06	0	1.3952	1.3952e+06	
35000	16.8399	46.2644	0	8.8548e-07	1.0782e-06	0	1.3952	1.3952e+06	
35100	16.8794	46.2823	0	2.33889e-06	-1.09949e-07	0	2.34147	2.34147e+06	
35200	16.8828	46.3073	0	2.33889e-06	-1.09949e-07	0	2.34147	2.34147e+06	
35300	16.8868	46.335	0	2.33889e-06	-1.09949e-07	0	2.34147	2.34147e+06	
35400	16.8913	46.3646	0	2.33889e-06	-1.09949e-07	0	2.34147	2.34147e+06	
35500	16.8959	46.3946	0	2.33889e-06	-1.09949e-07	0	2.34147	2.34147e+06	
35600	16.8981	46.363	0	3.22e-06	-7.45966e-07	0	3.30528	3.30528e+06	
35700	16.8933	46.3317	0	3.22e-06	-7.45966e-07	0	3.30528	3.30528e+06	
35800	16.8883	46.2968	0	3.22e-06	-7.45966e-07	0	3.30528	3.30528e+06	
35900	16.883	46.2562	0	3.22e-06	-7.45966e-07	0	3.30528	3.30528e+06	
36000	16.8777	46.2076	0	3.22e-06	-7.45966e-07	0	3.30528	3.30528e+06	
36100	16.8758	46.1893	0	3.22e-06	-4.49006e-07	0	3.25115	3.25115e+06	
36200	16.874	46.1671	0	3.22e-06	-4.49006e-07	0	3.25115	3.25115e+06	
36300	16.872	46.1405	0	3.22e-06	-4.49006e-07	0	3.25115	3.25115e+06	
36400	16.8701	46.1082	0	3.22e-06	-4.49006e-07	0	3.25115	3.25115e+06	
36500	16.8685	46.0693	0	3.22e-06	-4.49006e-07	0	3.25115	3.25115e+06	
36600	16.8841	45.7134	0	3.22e-06	-2.72466e-06	0	4.21808	4.21808e+06	
36700	16.9013	45.3718	0	3.22e-06	-2.72466e-06	0	4.21808	4.21808e+06	
36800	16.8694	45.0793	0	3.22e-06	-2.72466e-06	0	4.21808	4.21808e+06	
36900	16.8826	44.7252	0	3.22e-06	-2.72466e-06	0	4.21808	4.21808e+06	
37000	16.9026	44.3801	0	3.22e-06	-2.72466e-06	0	4.21808	4.21808e+06	
37100	16.9129	44.5126	0	3.22e-06	8.1134e-07	0	3.32064	3.32064e+06	
37200	16.9075	44.5753	0	3.22e-06	8.1134e-07	0	3.32064	3.32064e+06	
37300	16.9013	44.6168	0	3.22e-06	8.1134e-07	0	3.32064	3.32064e+06	
37400	16.8953	44.6552	0	3.22e-06	8.1134e-07	0	3.32064	3.32064e+06	
37500	16.8892	44.6968	0	3.22e-06	8.1134e-07	0	3.32064	3.32064e+06	
37600	16.8908	44.623	0	2.13767e-06	-2.79789e-07	0	2.1559	2.1559e+06	
37700	16.9009	44.5532	0	2.13767e-06	-2.79789e-07	0	2.1559	2.1559e+06	
37800	16.9045	44.5035	0	2.13767e-06	-2.79789e-07	0	2.1559	2.1559e+06	
37900	16.904	44.4758	0	2.13767e-06	-2.79789e-07	0	2.1559	2.1559e+06	
38000	16.9029	44.46	0	2.13767e-06	-2.79789e-07	0	2.1559	2.1559e+06	
38100	16.8973	44.3621	0	3.03392e-06	-1.21253e-06	0	3.26725	3.26725e+06	
38200	16.8836	44.2669	0	3.03392e-06	-1.21253e-06	0	3.26725	3.26725e+06	
38300	16.8722	44.155	0	3.03392e-06	-1.21253e-06	0	3.26725	3.26725e+06	
38400	16.8663	44.0206	0	3.03392e-06	-1.21253e-06	0	3.26725	3.26725e+06	
38500	16.8701	43.8602	0	3.03392e-06	-1.21253e-06	0	3.26725	3.26725e+06	
38600	16.8642	43.7948	0	1.73716e-06	-3.84267e-07	0	1.77915	1.77915e+06	
38700	16.8719	43.724	0	1.73716e-06	-3.84267e-07	0	1.77915	1.77915e+06	
38800	16.8826	43.6474	0	1.73716e-06	-3.84267e-07	0	1.77915	1.77915e+06	
38900	16.8943	43.5698	0	1.73716e-06	-3.84267e-07	0	1.77915	1.77915e+06	
39000	16.9001	43.5065	0	1.73716e-06	-3.84267e-07	0	1.77915	1.77915e+06	
39100	16.9084	43.4962	0	2.57681e-06	-7.83995e-08	0	2.57801	2.57801e+06	
39200	16.9083	43.4913	0	2.57681e-06	-7.83995e-08	0	2.57801	2.57801e+06	
39300	16.9083	43.489	0	2.57681e-06	-7.83995e-08	0	2.57801	2.57801e+06	
39400	16.9083	43.4878	0	2.57681e-06	-7.83995e-08	0	2.57801	2.57801e+06	
39500	16.9082	43.4873	0	2.57681e-06	-7.83995e-08	0	2.57801	2.57801e+06	
39600	16.8764	43.2237	0	2.57818e-06	-2.48345e-06	0	3.57974	3.57974e+06	
39700	16.8635	42.9283	0	2.57818e-06	-2.48345e-06	0	3.57974	3.57974e+06	
39800	16.8968	42.5903	0	2.57818e-06	-2.48345e-06	0	3.57974	3.57974e+06	
39900	16.8871	42.3066	0	2.57818e-06	-2.48345e-06	0	3.57974	3.57974e+06	
40000	16.8633	42.0259	0	2.57818e-06	-2.48345e-06	0	3.57974	3.57974e+06	
40100	16.8678	41.9482	0	3.22e-06	-6.08206e-07	0	3.27694	3.27694e+06	
40200	16.8719	41.8547	0	3.22e-06	-6.08206e-07	0	3.27694	3.27694e+06	
40300	16.8822	41.7429	0	3.22e-06	-6.08206e-07	0	3.27694	3.27694e+06	
40400	16.9005	41.6132	0	3.22e-06	-6.08206e-07	0	3.27694	3.27694e+06	
40500	16.913	41.5015	0	3.22e-06	-6.08206e-07	0	3.27694	3.27694e+06	
40600	16.9128	41.4854	0	3.22e-06	-1.86697e-07	0	3.22541	3.22541e+06	
40700	16.9125	41.479	0	3.22e-06	-1.86697e-07	0	3.22541	3.22541e+06	
40800	16.9124	41.4763	0	3.22e-06	-1.86697e-07	0	3.22541	3.22541e+06	
40900	16.9123	41.4751	0	3.22e-06	-1.86697e-07	0	3.22541	3.22541e+06	
41000	16.9123	41.4746	0	3.22e-06	-1.86697e-07	0	3.22541	3.22541e+06	
41100	16.9054	41.592	0	3.22e-06	1.19018e-06	0	3.43292	3.43292e+06	
41200	16.8924	41.6774	0	3.22e-06	1.19018e-06	0	3.43292	3.43292e+06	
41300	16.8801	41.7726	0	3.22e-06	1.19018e-06	0	3.43292	3.43292e+06	
41400	16.8706	41.8873	0	3.22e-06	1.19018e-06	0	3.43292	3.43292e+06	
41500	16.8674	42.0264	0	3.22e-06	1.19018e-06	0	3.43292	3.43292e+06	
41600	16.8764	42.216	0	3.08876e-06	1.36146e-06	0	3.3755	3.3755e+06	
41700	16.9058	42.4331	0	3.08876e-06	1.36146e-06	0	3.3755	3.3755e+06	
41800	16.9054	42.5877	0	3.08876e-06	1.36146e-06	0	3.3755	3.3755e+06	
41900	16.8889	42.697	0	3.08876e-06	1.36146e-06	0	3.3755	3.3755e+06	
42000	16.8746	42.8211	0	3.08876e-06	1.36146e-06	0	3.3755	3.3755e+06	
42100	16.8655	43.2211	0	1.95367e-06	3.22e-06	0	3.76633	3.76633e+06	
42200	16.8933	43.6264	0	1.95367e-06	3.22e-06	0	3.76633	3.76633e+06	
42300	16.8577	44.0013	0	1.95367e-06	3.22e-06	0	3.76633	3.76633e+06	
42400	16.8901	44.4192	0	1.95367e-06	3.22e-06	0	3.76633	3.76633e+06	
42500	16.8703	44.7946	0	1.95367e-06	3.22e-06	0	3.76633	3.76633e+06	
42600	16.8658	45.192	0	2.19111e-06	3.22e-06	0	3.89478	3.89478e+06	
42700	16.8986	45.603	0	2.19111e-06	3.22e-06	0	3.89478	3.89478e+06	
42800	16.8605	45.972	0	2.19111e-06	3.22e-06	0	3.89478	3.89478e+06	
42900	16.8887	46.3901	0	2.19111e-06	3.22e-06	0	3.89478	3.89478e+06	
43000	16.8753	46.7672	0	2.19111e-06	3.22e-06	0	3.89478	3.89478e+06	
43100	16.7779	47.164	0	-4.20836e-07	3.22e-06	0	3.24738	3.24738e+06	
43200	16.725	47.564	0	-4.20836e-07	3.22e-06	0	3.24738	3.24738e+06	
43300	16.6727	47.964	0	-4.20836e-07	3.22e-06	0	3.24738	3.24738e+06	
43400	16.6204	48.364	0	-4.20836e-07	3.22e-06	0	3.24738	3.24738e+06	
43500	16.5681	48.764	0	-4.20836e-07	3.22e-06	0	3.24738	3.24738e+06	
43600	16.6691	49.0331	0	8.13161e-07	2.16577e-06	0	2.3134	2.3134e+06	
43700	16.7701	49.3021	0	8.13161e-07	2.16577e-06	0	2.3134	2.3134e+06	
43800	16.8712	49.5712	0	8.13161e-07	2.16577e-06	0	2.3134	2.3134e+06	
43900	16.9722	49.8402	0	8.13161e-07	2.16577e-06	0	2.3134	2.3134e+06	
44000	17.0732	50.1092	0	8.13161e-07	2.16577e-06	0	2.3134	2.3134e+06	
44100	17.1161	50.0352	0	3.45059e-07	-5.9575e-07	0	0.688465	688465	
44200	17.1589	49.9612	0	3.45059e-07	-5.9575e-07	0	0.688465	688465	
44300	17.2018	49.8872	0	3.45059e-07	-5.9575e-07	0	0.688465	688465	
44400	17.2446	49.8132	0	3.45059e-07	-5.9575e-07	0	0.688465	688465	
44500	17.2875	49.7392	0	3.45059e-07	-5.9575e-07	0	0.688465	688465	
44600	17.2649	49.5622	0	-1.81971e-07	-1.42484e-06	0	1.43641	1.43641e+06	
44700	17.2423	49.3852	0	-1.81971e-07	-1.42484e-06	0	1.43641	1.43641e+06	
44800	17.2197	49.2082	0	-1.81971e-07	-1.42484e-06	0	1.43641	1.43641e+06	
44900	17.1971	49.0312	0	-1.81971e-07	-1.42484e-06	0	1.43641	1.43641e+06	
45000	17.1745	48.8542	0	-1.81971e-07	-1.42484e-06	0	1.43641	1.43641e+06	
45100	17.3763	48.4553	0	1.63431e-06	-3.22e-06	0	3.611	3.611e+06	
45200	17.2984	48.2854	0	1.63431e-06	-3.22e-06	0	3.611	3.611e+06	
45300	17.1762	48.1074	0	1.63431e-06	-3.22e-06	0	3.611	3.611e+06	
45400	17.0544	47.8799	0	1.63431e-06	-3.22e-06	0	3.611	3.611e+06	
45500	16.9469	47.596	0	1.63431e-06	-3.22e-06	0	3.611	3.611e+06	
45600	16.8755	47.2582	0	1.81358e-06	-3.22e-06	0	3.6956	3.6956e+06	
45700	16.8582	46.867	0	1.81358e-06	-3.22e-06	0	3.6956	3.6956e+06	
45800	16.8996	46.4513	0	1.81358e-06	-3.22e-06	0	3.6956	3.6956e+06	
45900	16.859	46.0813	0	1.81358e-06	-3.22e-06	0	3.6956	3.6956e+06	
46000	16.8754	45.671	0	1.81358e-06	-3.22e-06	0	3.6956	3.6956e+06	
46100	16.8894	45.2906	0	3.22e-06	-3.22e-06	0	4.55377	4.55377e+06	
46200	16.8684	44.9131	0	3.22e-06	-3.22e-06	0	4.55377	4.55377e+06	
46300	16.9126	44.4792	0	3.22e-06	-3.22e-06	0	4.55377	4.55377e+06	
46400	16.8726	44.1315	0	3.22e-06	-3.22e-06	0	4.55377	4.55377e+06	
46500	16.8828	43.7208	0	3.22e-06	-3.22e-06	0	4.55377	4.55377e+06	
46600	16.8947	43.3265	0	3.22e-06	-3.22e-06	0	4.55377	4.55377e+06	
46700	16.8675	42.9571	0	3.22e-06	-3.22e-06	0	4.55377	4.55377e+06	
46800	16.9103	42.5221	0	3.22e-06	-3.22e-06	0	4.55377	4.55377e+06	
46900	16.8757	42.1709	0	3.22e-06	-3.22e-06	0	4.55377	4.55377e+06	
47000	16.8777	41.768	0	3.22e-06	-3.22e-06	0	4.55377	4.55377e+06	
47100	16.9001	41.3619	0	3.22e-06	-3.22e-06	0	4.55377	4.55377e+06	
47200	16.8674	41.0002	0	3.22e-06	-3.22e-06	0	4.55377	4.55377e+06	
47300	16.9071	40.5661	0	3.22e-06	-3.22e-06	0	4.55377	4.55377e+06	
47400	17.0579	40.0862	0	3.22e-06	-3.22e-06	0	4.55377	4.55377e+06	
47500	17.3375	39.613	0	3.22e-06	-3.22e-06	0	4.55377	4.55377e+06	
47600	17.6964	39.2407	0	3.22e-06	-2.66267e-06	0	4.1783	4.1783e+06	
47700	18.0927	38.9043	0	3.22e-06	-2.66267e-06	0	4.1783	4.1783e+06	
47800	18.4927	38.5735	0	3.22e-06	-2.66267e-06	0	4.1783	4.1783e+06	
47900	18.8927	38.2427	0	3.22e-06	-2.66267e-06	0	4.1783	4.1783e+06	
48000	19.2927	37.912	0	3.22e-06	-2.66267e-06	0	4.1783	4.1783e+06	
48100	19.6927	37.512	0	3.22e-06	-3.22e-06	0	4.55377	4.55377e+06	
48200	20.0927	37.112	0	3.22e-06	-3.22e-06	0	4.55377	4.55377e+06	
48300	20.4927	36.712	0	3.22e-06	-3.22e-06	0	4.55377	4.55377e+06	
48400	20.8927	36.312	0	3.22e-06	-3.22e-06	0	4.55377	4.55377e+06	
48500	21.2927	35.912	0	3.22e-06	-3.22e-06	0	4.55377	4.55377e+06	
48600	21.6927	35.571	0	3.22e-06	-2.74508e-06	0	4.23129	4.23129e+06	
48700	22.0927	35.23	0	3.22e-06	-2.74508e-06	0	4.23129	4.23129e+06	
48800	22.4927	34.889	0	3.22e-06	-2.74508e-06	0	4.23129	4.23129e+06	
48900	22.8927	34.548	0	3.22e-06	-2.74508e-06	0	4.23129	4.23129e+06	
49000	23.2927	34.207	0	3.22e-06	-2.74508e-06	0	4.23129	4.23129e+06	
49100	23.6927	33.807	0	3.22e-06	-3.22e-06	0	4.55377	4.55377e+06	
49200	24.0927	33.407	0	3.22e-06	-3.22e-06	0	4.55377	4.55377e+06	
49300	24.4927	33.007	0	3.22e-06	-3.22e-06	0	4.55377	4.55377e+06	
49400	24.8927	32.607	0	3.22e-06	-3.22e-06	0	4.55377	4.55377e+06	
49500	25.2927	32.207	0	3.22e-06	-3.22e-06	0	4.55377	4.55377e+06	
49600	25.4335	31.899	0	1.1338e-06	-2.47942e-06	0	2.72636	2.72636e+06	
49700	25.5744	31.591	0	1.1338e-06	-2.47942e-06	0	2.72636	2.72636e+06	
49800	25.7152	31.283	0	1.1338e-06	-2.47942e-06	0	2.72636	2.72636e+06	
49900	25.8561	30.975	0	1.1338e-06	-2.47942e-06	0	2.72636	2.72636e+06	
50000	25.9969	30.667	0	1.1338e-06	-2.47942e-06	0	2.72636	2.72636e+06	
