0	11	54	0	-3.22e-06	3.22e-06	0	4.55377	4.55377e+06	
100	11.0902	54.4	0	7.2626e-07	3.22e-06	0	3.30089	3.30089e+06	
200	11.1804	54.8	0	7.2626e-07	3.22e-06	0	3.30089	3.30089e+06	
300	11.2707	55.2	0	7.2626e-07	3.22e-06	0	3.30089	3.30089e+06	
400	11.3609	55.6	0	7.2626e-07	3.22e-06	0	3.30089	3.30089e+06	
500	11.4511	56	0	7.2626e-07	3.22e-06	0	3.30089	3.30089e+06	
600	11.1584	56.4	0	-2.35633e-06	3.22e-06	0	3.99008	3.99008e+06	
700	10.8657	56.8	0	-2.35633e-06	3.22e-06	0	3.99008	3.99008e+06	
800	10.573	57.2	0	-2.35633e-06	3.22e-06	0	3.99008	3.99008e+06	
900	10.2802	57.6	0	-2.35633e-06	3.22e-06	0	3.99008	3.99008e+06	
1000	9.98753	58	0	-2.35633e-06	3.22e-06	0	3.99008	3.99008e+06	
1100	9.58753	58.4	0	-3.22e-06	3.22e-06	0	4.55377	4.55377e+06	
1200	9.18753	58.8	0	-3.22e-06	3.22e-06	0	4.55377	4.55377e+06	
1300	8.78753	59.2	0	-3.22e-06	3.22e-06	0	4.55377	4.55377e+06	
1400	8.38753	59.6	0	-3.22e-06	3.22e-06	0	4.55377	4.55377e+06	
1500	7.98753	60	0	-3.22e-06	3.22e-06	0	4.55377	4.55377e+06	
1600	7.58753	60.4	0	-3.22e-06	3.22e-06	0	4.55377	4.55377e+06	
1700	7.18753	60.8	0	-3.22e-06	3.22e-06	0	4.55377	4.55377e+06	
1800	6.78753	61.2	0	-3.22e-06	3.22e-06	0	4.55377	4.55377e+06	
1900	6.38753	61.6	0	-3.22e-06	3.22e-06	0	4.55377	4.55377e+06	
2000	5.98753	62	0	-3.22e-06	3.22e-06	0	4.55377	4.55377e+06	
2100	5.82516	62.4	0	-1.30709e-06	3.22e-06	0	3.47518	3.47518e+06	
2200	5.66279	62.8	0	-1.30709e-06	3.22e-06	0	3.47518	3.47518e+06	
2300	5.50042	63.2	0	-1.30709e-06	3.22e-06	0	3.47518	3.47518e+06	
2400	5.33805	63.6	0	-1.30709e-06	3.22e-06	0	3.47518	3.47518e+06	
2500	5.17568	64	0	-1.30709e-06	3.22e-06	0	3.47518	3.47518e+06	
2600	5.53796	64.367	0	2.9164e-06	2.95456e-06	0	4.15149	4.15149e+06	
2700	5.90025	64.7341	0	2.9164e-06	2.95456e-06	0	4.15149	4.15149e+06	
2800	6.26253	65.1011	0	2.9164e-06	2.95456e-06	0	4.15149	4.15149e+06	
2900	6.62482	65.4681	0	2.9164e-06	2.95456e-06	0	4.15149	4.15149e+06	
3000	6.98705	65.8315	0	2.9164e-06	2.95456e-06	0	4.15149	4.15149e+06	
3100	7.41708	65.9023	0	3.22e-06	3.22e-06	0	4.55377	4.55377e+06	
3200	7.77891	65.8807	0	3.22e-06	3.22e-06	0	4.55377	4.55377e+06	
3300	8.17151	65.8726	0	3.22e-06	3.22e-06	0	4.55377	4.55377e+06	
3400	8.59181	65.907	0	3.22e-06	3.22e-06	0	4.55377	4.55377e+06	
3500	8.94484	65.8686	0	3.22e-06	3.22e-06	0	4.55377	4.55377e+06	
3600	9.20242	65.8643	0	2.01733e-06	1.89645e-06	0	2.76878	2.76878e+06	
3700	9.47813	65.8993	0	2.01733e-06	1.89645e-06	0	2.76878	2.76878e+06	
3800	9.70002	65.8802	0	2.01733e-06	1.89645e-06	0	2.76878	2.76878e+06	
3900	9.9278	65.8587	0	2.01733e-06	1.89645e-06	0	2.76878	2.76878e+06	
4000	10.1837	65.8628	0	2.01733e-06	1.89645e-06	0	2.76878	2.76878e+06	
4100	10.0264	65.7619	0	-1.28412e-06	-5.69269e-07	0	1.40464	1.40464e+06	
4200	9.86686	65.6906	0	-1.28412e-06	-5.69269e-07	0	1.40464	1.40464e+06	
4300	9.70735	65.6199	0	-1.28412e-06	-5.69269e-07	0	1.40464	1.40464e+06	
4400	9.54783	65.5492	0	-1.28412e-06	-5.69269e-07	0	1.40464	1.40464e+06	
4500	9.38831	65.4785	0	-1.28412e-06	-5.69269e-07	0	1.40464	1.40464e+06	
4600	9.33749	65.3822	0	-4.09143e-07	-7.75375e-07	0	0.876701	876701	
4700	9.28666	65.2858	0	-4.09143e-07	-7.75375e-07	0	0.876701	876701	
4800	9.23583	65.1895	0	-4.09143e-07	-7.75375e-07	0	0.876701	876701	
4900	9.18501	65.0932	0	-4.09143e-07	-7.75375e-07	0	0.876701	876701	
5000	9.13418	64.9969	0	-4.09143e-07	-7.75375e-07	0	0.876701	876701	
5100	9.16886	64.8069	0	2.79115e-07	-1.52965e-06	0	1.5549	1.5549e+06	
5200	9.20353	64.6168	0	2.79115e-07	-1.52965e-06	0	1.5549	1.5549e+06	
5300	9.2382	64.4268	0	2.79115e-07	-1.52965e-06	0	1.5549	1.5549e+06	
5400	9.27287	64.2368	0	2.79115e-07	-1.52965e-06	0	1.5549	1.5549e+06	
5500	9.30755	64.0468	0	2.79115e-07	-1.52965e-06	0	1.5549	1.5549e+06	
5600	9.0832	63.8855	0	-1.80597e-06	-1.29816e-06	0	2.22413	2.22413e+06	
5700	8.85886	63.7243	0	-1.80597e-06	-1.29816e-06	0	2.22413	2.22413e+06	
5800	8.63451	63.563	0	-1.80597e-06	-1.29816e-06	0	2.22413	2.22413e+06	
5900	8.41017	63.4017	0	-1.80597e-06	-1.29816e-06	0	2.22413	2.22413e+06	
6000	8.18582	63.2405	0	-1.80597e-06	-1.29816e-06	0	2.22413	2.22413e+06	
6100	7.9383	62.9061	0	-1.99261e-06	-2.69179e-06	0	3.34907	3.34907e+06	
6200	7.69077	62.5717	0	-1.99261e-06	-2.69179e-06	0	3.34907	3.34907e+06	
6300	7.44324	62.2373	0	-1.99261e-06	-2.69179e-06	0	3.34907	3.34907e+06	
6400	7.19571	61.9029	0	-1.99261e-06	-2.69179e-06	0	3.34907	3.34907e+06	
6500	6.94818	61.5686	0	-1.99261e-06	-2.69179e-06	0	3.34907	3.34907e+06	
6600	6.54818	61.5265	0	-3.22e-06	-3.38541e-07	0	3.23775	3.23775e+06	
6700	6.14818	61.4844	0	-3.22e-06	-3.38541e-07	0	3.23775	3.23775e+06	
6800	5.74818	61.4424	0	-3.22e-06	-3.38541e-07	0	3.23775	3.23775e+06	
6900	5.34818	61.4003	0	-3.22e-06	-3.38541e-07	0	3.23775	3.23775e+06	
7000	4.94818	61.3583	0	-3.22e-06	-3.38541e-07	0	3.23775	3.23775e+06	
7100	4.54818	61.5819	0	-3.22e-06	1.79993e-06	0	3.68892	3.68892e+06	
7200	4.14818	61.8055	0	-3.22e-06	1.79993e-06	0	3.68892	3.68892e+06	
7300	3.74818	62.0291	0	-3.22e-06	1.79993e-06	0	3.68892	3.68892e+06	
7400	3.34818	62.2527	0	-3.22e-06	1.79993e-06	0	3.68892	3.68892e+06	
7500	2.94818	62.4763	0	-3.22e-06	1.79993e-06	0	3.68892	3.68892e+06	
7600	2.63429	62.7714	0	-2.52683e-06	2.37619e-06	0	3.4686	3.4686e+06	
7700	2.32039	63.0666	0	-2.52683e-06	2.37619e-06	0	3.4686	3.4686e+06	
7800	2.0065	63.3618	0	-2.52683e-06	2.37619e-06	0	3.4686	3.4686e+06	
7900	1.69261	63.657	0	-2.52683e-06	2.37619e-06	0	3.4686	3.4686e+06	
8000	1.37872	63.9521	0	-2.52683e-06	2.37619e-06	0	3.4686	3.4686e+06	
8100	1.22076	63.9869	0	-1.27638e-06	2.79508e-07	0	1.30662	1.30662e+06	
8200	1.15136	64.022	0	-1.27638e-06	2.79508e-07	0	1.30662	1.30662e+06	
8300	1.15054	64.0597	0	-1.27638e-06	2.79508e-07	0	1.30662	1.30662e+06	
8400	1.14913	64.1002	0	-1.27638e-06	2.79508e-07	0	1.30662	1.30662e+06	
8500	1.14677	64.1438	0	-1.27638e-06	2.79508e-07	0	1.30662	1.30662e+06	
8600	1.15992	64.1721	0	-5.9497e-07	1.77703e-07	0	0.620941	620941	
8700	1.15786	64.2004	0	-5.9497e-07	1.77703e-07	0	0.620941	620941	
8800	1.15509	64.2295	0	-5.9497e-07	1.77703e-07	0	0.620941	620941	
8900	1.15184	64.2595	0	-5.9497e-07	1.77703e-07	0	0.620941	620941	
9000	1.14808	64.2903	0	-5.9497e-07	1.77703e-07	0	0.620941	620941	
9100	1.12834	64.3525	0	-1.03912e-06	3.749e-07	0	1.10468	1.10468e+06	
9200	1.11857	64.4167	0	-1.03912e-06	3.749e-07	0	1.10468	1.10468e+06	
9300	1.11158	64.4756	0	-1.03912e-06	3.749e-07	0	1.10468	1.10468e+06	
9400	1.11058	64.5222	0	-1.03912e-06	3.749e-07	0	1.10468	1.10468e+06	
9500	1.11327	64.5578	0	-1.03912e-06	3.749e-07	0	1.10468	1.10468e+06	
9600	1.10693	64.5806	0	-1.65348e-06	3.86168e-07	0	1.69798	1.69798e+06	
9700	1.1096	64.599	0	-1.65348e-06	3.86168e-07	0	1.69798	1.69798e+06	
9800	1.11216	64.6158	0	-1.65348e-06	3.86168e-07	0	1.69798	1.69798e+06	
9900	1.11468	64.6321	0	-1.65348e-06	3.86168e-07	0	1.69798	1.69798e+06	
10000	1.11719	64.6484	0	-1.65348e-06	3.86168e-07	0	1.69798	1.69798e+06	
10100	1.15153	64.5534	0	-1.25401e-07	-7.06667e-07	0	0.717708	717708	
10200	1.15312	64.4653	0	-1.25401e-07	-7.06667e-07	0	0.717708	717708	
10300	1.15749	64.3799	0	-1.25401e-07	-7.06667e-07	0	0.717708	717708	
10400	1.16708	64.2958	0	-1.25401e-07	-7.06667e-07	0	0.717708	717708	
10500	1.1776	64.211	0	-1.25401e-07	-7.06667e-07	0	0.717708	717708	
10600	1.14106	64.1895	0	-1.38116e-06	-2.72069e-07	0	1.4077	1.4077e+06	
10700	1.14268	64.1703	0	-1.38116e-06	-2.72069e-07	0	1.4077	1.4077e+06	
10800	1.14425	64.1494	0	-1.38116e-06	-2.72069e-07	0	1.4077	1.4077e+06	
10900	1.14574	64.1267	0	-1.38116e-06	-2.72069e-07	0	1.4077	1.4077e+06	
11000	1.14708	64.1021	0	-1.38116e-06	-2.72069e-07	0	1.4077	1.4077e+06	
11100	1.14303	64.1194	0	-1.63559e-06	5.65601e-08	0	1.63657	1.63657e+06	
11200	1.1419	64.1386	0	-1.63559e-06	5.65601e-08	0	1.63657	1.63657e+06	
11300	1.14046	64.1596	0	-1.63559e-06	5.65601e-08	0	1.63657	1.63657e+06	
11400	1.13865	64.1826	0	-1.63559e-06	5.65601e-08	0	1.63657	1.63657e+06	
11500	1.13638	64.2079	0	-1.63559e-06	5.65601e-08	0	1.63657	1.63657e+06	
11600	1.15507	63.9257	0	-1.02186e-06	-2.31452e-06	0	2.53006	2.53006e+06	
11700	1.13201	63.6282	0	-1.02186e-06	-2.31452e-06	0	2.53006	2.53006e+06	
11800	1.12271	63.3462	0	-1.02186e-06	-2.31452e-06	0	2.53006	2.53006e+06	
11900	1.15223	63.0742	0	-1.02186e-06	-2.31452e-06	0	2.53006	2.53006e+06	
12000	1.14868	62.7832	0	-1.02186e-06	-2.31452e-06	0	2.53006	2.53006e+06	
12100	1.20786	62.5488	0	3.28147e-07	-1.87014e-06	0	1.89871	1.89871e+06	
12200	1.24922	62.3165	0	3.28147e-07	-1.87014e-06	0	1.89871	1.89871e+06	
12300	1.29025	62.0842	0	3.28147e-07	-1.87014e-06	0	1.89871	1.89871e+06	
12400	1.33108	61.8519	0	3.28147e-07	-1.87014e-06	0	1.89871	1.89871e+06	
12500	1.37185	61.6196	0	3.28147e-07	-1.87014e-06	0	1.89871	1.89871e+06	
12600	1.11534	61.2554	0	-3.22e-06	-3.09265e-06	0	4.46463	4.46463e+06	
12700	1.13066	60.8875	0	-3.22e-06	-3.09265e-06	0	4.46463	4.46463e+06	
12800	1.08751	60.4697	0	-3.22e-06	-3.09265e-06	0	4.46463	4.46463e+06	
12900	1.12692	60.1389	0	-3.22e-06	-3.09265e-06	0	4.46463	4.46463e+06	
13000	1.12005	59.7468	0	-3.22e-06	-3.09265e-06	0	4.46463	4.46463e+06	
13100	1.09484	59.3975	0	-3.22e-06	-2.70326e-06	0	4.20429	4.20429e+06	
13200	1.12884	59.1126	0	-3.22e-06	-2.70326e-06	0	4.20429	4.20429e+06	
13300	1.12196	58.7677	0	-3.22e-06	-2.70326e-06	0	4.20429	4.20429e+06	
13400	1.09271	58.4126	0	-3.22e-06	-2.70326e-06	0	4.20429	4.20429e+06	
13500	1.12773	58.1299	0	-3.22e-06	-2.70326e-06	0	4.20429	4.20429e+06	
13600	1.12834	57.8488	0	-3.22e-06	-2.25874e-06	0	3.93323	3.93323e+06	
13700	1.08916	57.5251	0	-3.22e-06	-2.25874e-06	0	3.93323	3.93323e+06	
13800	1.1111	57.2922	0	-3.22e-06	-2.25874e-06	0	3.93323	3.93323e+06	
13900	1.13187	57.0461	0	-3.22e-06	-2.25874e-06	0	3.93323	3.93323e+06	
14000	1.11966	56.7485	0	-3.22e-06	-2.25874e-06	0	3.93323	3.93323e+06	
14100	1.13255	56.9875	0	-3.22e-06	2.13821e-06	0	3.86528	3.86528e+06	
14200	1.11684	57.2753	0	-3.22e-06	2.13821e-06	0	3.86528	3.86528e+06	
14300	1.09024	57.5646	0	-3.22e-06	2.13821e-06	0	3.86528	3.86528e+06	
14400	1.1191	57.7707	0	-3.22e-06	2.13821e-06	0	3.86528	3.86528e+06	
14500	1.13271	58.0142	0	-3.22e-06	2.13821e-06	0	3.86528	3.86528e+06	
14600	1.09704	58.4195	0	-3.22e-06	2.99892e-06	0	4.40022	4.40022e+06	
14700	1.11659	58.7543	0	-3.22e-06	2.99892e-06	0	4.40022	4.40022e+06	
14800	1.13068	59.1115	0	-3.22e-06	2.99892e-06	0	4.40022	4.40022e+06	
14900	1.08737	59.5194	0	-3.22e-06	2.99892e-06	0	4.40022	4.40022e+06	
15000	1.12518	59.8382	0	-3.22e-06	2.99892e-06	0	4.40022	4.40022e+06	
15100	1.13262	60.0307	0	-3.22e-06	1.65811e-06	0	3.62184	3.62184e+06	
15200	1.11805	60.262	0	-3.22e-06	1.65811e-06	0	3.62184	3.62184e+06	
15300	1.0871	60.5097	0	-3.22e-06	1.65811e-06	0	3.62184	3.62184e+06	
15400	1.10507	60.663	0	-3.22e-06	1.65811e-06	0	3.62184	3.62184e+06	
15500	1.12417	60.8182	0	-3.22e-06	1.65811e-06	0	3.62184	3.62184e+06	
15600	1.08735	60.4748	0	-3.22e-06	-2.46533e-06	0	4.0554	4.0554e+06	
15700	1.11932	60.2254	0	-3.22e-06	-2.46533e-06	0	4.0554	4.0554e+06	
15800	1.13215	59.9364	0	-3.22e-06	-2.46533e-06	0	4.0554	4.0554e+06	
15900	1.09837	59.5932	0	-3.22e-06	-2.46533e-06	0	4.0554	4.0554e+06	
16000	1.10748	59.3162	0	-3.22e-06	-2.46533e-06	0	4.0554	4.0554e+06	
16100	1.11433	59.2771	0	-3.22e-06	-7.62129e-07	0	3.30896	3.30896e+06	
16200	1.11989	59.2305	0	-3.22e-06	-7.62129e-07	0	3.30896	3.30896e+06	
16300	1.12528	59.1745	0	-3.22e-06	-7.62129e-07	0	3.30896	3.30896e+06	
16400	1.12985	59.1068	0	-3.22e-06	-7.62129e-07	0	3.30896	3.30896e+06	
16500	1.13253	59.0249	0	-3.22e-06	-7.62129e-07	0	3.30896	3.30896e+06	
16600	1.09967	58.5961	0	-3.22e-06	-3.22e-06	0	4.55377	4.55377e+06	
16700	1.11812	58.2315	0	-3.22e-06	-3.22e-06	0	4.55377	4.55377e+06	
16800	1.12821	57.8411	0	-3.22e-06	-3.22e-06	0	4.55377	4.55377e+06	
16900	1.09165	57.4182	0	-3.22e-06	-3.22e-06	0	4.55377	4.55377e+06	
17000	1.13095	57.0666	0	-3.22e-06	-3.22e-06	0	4.55377	4.55377e+06	
17100	1.13027	56.8883	0	-3.22e-06	-1.40763e-06	0	3.51423	3.51423e+06	
17200	1.1098	56.6759	0	-3.22e-06	-1.40763e-06	0	3.51423	3.51423e+06	
17300	1.08766	56.4693	0	-3.22e-06	-1.40763e-06	0	3.51423	3.51423e+06	
17400	1.10325	56.3503	0	-3.22e-06	-1.40763e-06	0	3.51423	3.51423e+06	
17500	1.11939	56.2311	0	-3.22e-06	-1.40763e-06	0	3.51423	3.51423e+06	
17600	1.12427	56.1868	0	-3.22e-06	-6.77265e-07	0	3.29045	3.29045e+06	
17700	1.12836	56.1332	0	-3.22e-06	-6.77265e-07	0	3.29045	3.29045e+06	
17800	1.13152	56.0683	0	-3.22e-06	-6.77265e-07	0	3.29045	3.29045e+06	
17900	1.13273	55.99	0	-3.22e-06	-6.77265e-07	0	3.29045	3.29045e+06	
18000	1.1304	55.8956	0	-3.22e-06	-6.77265e-07	0	3.29045	3.29045e+06	
18100	1.13232	56.0497	0	-3.22e-06	1.28718e-06	0	3.46774	3.46774e+06	
18200	1.12081	56.2346	0	-3.22e-06	1.28718e-06	0	3.46774	3.46774e+06	
18300	1.0916	56.4455	0	-3.22e-06	1.28718e-06	0	3.46774	3.46774e+06	
18400	1.09367	56.5864	0	-3.22e-06	1.28718e-06	0	3.46774	3.46774e+06	
18500	1.10851	56.6839	0	-3.22e-06	1.28718e-06	0	3.46774	3.46774e+06	
18600	1.13266	57.0267	0	-3.22e-06	3.00593e-06	0	4.405	4.405e+06	
18700	1.09486	57.4343	0	-3.22e-06	3.00593e-06	0	4.405	4.405e+06	
18800	1.11805	57.7666	0	-3.22e-06	3.00593e-06	0	4.405	4.405e+06	
18900	1.12994	58.1274	0	-3.22e-06	3.00593e-06	0	4.405	4.405e+06	
19000	1.08763	58.5343	0	-3.22e-06	3.00593e-06	0	4.405	4.405e+06	
19100	1.12829	58.882	0	-3.22e-06	3.22e-06	0	4.55377	4.55377e+06	
19200	1.11526	59.2952	0	-3.22e-06	3.22e-06	0	4.55377	4.55377e+06	
19300	1.10712	59.6855	0	-3.22e-06	3.22e-06	0	4.55377	4.55377e+06	
19400	1.13233	60.0576	0	-3.22e-06	3.22e-06	0	4.55377	4.55377e+06	
19500	1.08843	60.4927	0	-3.22e-06	3.22e-06	0	4.55377	4.55377e+06	
19600	1.09899	60.6222	0	-3.22e-06	1.38995e-06	0	3.50719	3.50719e+06	
19700	1.1154	60.7351	0	-3.22e-06	1.38995e-06	0	3.50719	3.50719e+06	
19800	1.12821	60.869	0	-3.22e-06	1.38995e-06	0	3.50719	3.50719e+06	
19900	1.1326	61.0315	0	-3.22e-06	1.38995e-06	0	3.50719	3.50719e+06	
20000	1.12168	61.2269	0	-3.22e-06	1.38995e-06	0	3.50719	3.50719e+06	
20100	1.10642	61.3415	0	-3.22e-06	5.21596e-07	0	3.26197	3.26197e+06	
20200	1.08942	61.459	0	-3.22e-06	5.21596e-07	0	3.26197	3.26197e+06	
20300	1.08766	61.526	0	-3.22e-06	5.21596e-07	0	3.26197	3.26197e+06	
20400	1.09021	61.5552	0	-3.22e-06	5.21596e-07	0	3.26197	3.26197e+06	
20500	1.09222	61.5714	0	-3.22e-06	5.21596e-07	0	3.26197	3.26197e+06	
20600	1.08926	61.4512	0	-3.22e-06	-9.53203e-07	0	3.35812	3.35812e+06	
20700	1.09781	61.3879	0	-3.22e-06	-9.53203e-07	0	3.35812	3.35812e+06	
20800	1.10648	61.3319	0	-3.22e-06	-9.53203e-07	0	3.35812	3.35812e+06	
20900	1.11511	61.2698	0	-3.22e-06	-9.53203e-07	0	3.35812	3.35812e+06	
21000	1.12326	61.1961	0	-3.22e-06	-9.53203e-07	0	3.35812	3.35812e+06	
21100	1.10323	61.3653	0	-3.22e-06	9.75491e-07	0	3.36452	3.36452e+06	
21200	1.0872	61.518	0	-3.22e-06	9.75491e-07	0	3.36452	3.36452e+06	
21300	1.0951	61.5944	0	-3.22e-06	9.75491e-07	0	3.36452	3.36452e+06	
21400	1.1042	61.6532	0	-3.22e-06	9.75491e-07	0	3.36452	3.36452e+06	
21500	1.11325	61.7159	0	-3.22e-06	9.75491e-07	0	3.36452	3.36452e+06	
21600	1.0898	61.44	0	-3.22e-06	-2.02058e-06	0	3.80147	3.80147e+06	
21700	1.11686	61.2492	0	-3.22e-06	-2.02058e-06	0	3.80147	3.80147e+06	
21800	1.13237	61.0262	0	-3.22e-06	-2.02058e-06	0	3.80147	3.80147e+06	
21900	1.12039	60.7568	0	-3.22e-06	-2.02058e-06	0	3.80147	3.80147e+06	
22000	1.08753	60.4696	0	-3.22e-06	-2.02058e-06	0	3.80147	3.80147e+06	
22100	1.08844	60.5378	0	-3.22e-06	6.09469e-07	0	3.27717	3.27717e+06	
22200	1.09192	60.5696	0	-3.22e-06	6.09469e-07	0	3.27717	3.27717e+06	
22300	1.0948	60.5902	0	-3.22e-06	6.09469e-07	0	3.27717	3.27717e+06	
22400	1.09724	60.6063	0	-3.22e-06	6.09469e-07	0	3.27717	3.27717e+06	
22500	1.09947	60.6206	0	-3.22e-06	6.09469e-07	0	3.27717	3.27717e+06	
22600	1.10102	60.6303	0	-3.22e-06	5.7647e-07	0	3.2712	3.2712e+06	
22700	1.10254	60.6401	0	-3.22e-06	5.7647e-07	0	3.2712	3.2712e+06	
22800	1.10411	60.6503	0	-3.22e-06	5.7647e-07	0	3.2712	3.2712e+06	
22900	1.10577	60.6611	0	-3.22e-06	5.7647e-07	0	3.2712	3.2712e+06	
23000	1.10756	60.6731	0	-3.22e-06	5.7647e-07	0	3.2712	3.2712e+06	
23100	1.11357	60.7174	0	-3.22e-06	8.12042e-07	0	3.32081	3.32081e+06	
23200	1.11987	60.7696	0	-3.22e-06	8.12042e-07	0	3.32081	3.32081e+06	
23300	1.12581	60.8323	0	-3.22e-06	8.12042e-07	0	3.32081	3.32081e+06	
23400	1.13056	60.9083	0	-3.22e-06	8.12042e-07	0	3.32081	3.32081e+06	
23500	1.13273	61.0002	0	-3.22e-06	8.12042e-07	0	3.32081	3.32081e+06	
23600	1.13268	60.9837	0	-3.22e-06	-1.20499e-07	0	3.22225	3.22225e+06	
23700	1.13245	60.964	0	-3.22e-06	-1.20499e-07	0	3.22225	3.22225e+06	
23800	1.13193	60.9401	0	-3.22e-06	-1.20499e-07	0	3.22225	3.22225e+06	
23900	1.13094	60.9113	0	-3.22e-06	-1.20499e-07	0	3.22225	3.22225e+06	
24000	1.12925	60.8767	0	-3.22e-06	-1.20499e-07	0	3.22225	3.22225e+06	
24100	1.11997	60.7614	0	-3.22e-06	-6.65346e-07	0	3.28802	3.28802e+06	
24200	1.10166	60.6266	0	-3.22e-06	-6.65346e-07	0	3.28802	3.28802e+06	
24300	1.08711	60.5044	0	-3.22e-06	-6.65346e-07	0	3.28802	3.28802e+06	
24400	1.08995	60.4463	0	-3.22e-06	-6.65346e-07	0	3.28802	3.28802e+06	
24500	1.09399	60.4151	0	-3.22e-06	-6.65346e-07	0	3.28802	3.28802e+06	
24600	1.09273	60.5803	0	-3.22e-06	1.38706e-06	0	3.50604	3.50604e+06	
24700	1.10936	60.6904	0	-3.22e-06	1.38706e-06	0	3.50604	3.50604e+06	
24800	1.12399	60.8145	0	-3.22e-06	1.38706e-06	0	3.50604	3.50604e+06	
24900	1.13229	60.965	0	-3.22e-06	1.38706e-06	0	3.50604	3.50604e+06	
25000	1.12829	61.1469	0	-3.22e-06	1.38706e-06	0	3.50604	3.50604e+06	
25100	1.092	61.4481	0	-3.22e-06	2.06812e-06	0	3.82695	3.82695e+06	
25200	1.10539	61.6675	0	-3.22e-06	2.06812e-06	0	3.82695	3.82695e+06	
25300	1.12857	61.8789	0	-3.22e-06	2.06812e-06	0	3.82695	3.82695e+06	
25400	1.1292	62.1359	0	-3.22e-06	2.06812e-06	0	3.82695	3.82695e+06	
25500	1.09356	62.4365	0	-3.22e-06	2.06812e-06	0	3.82695	3.82695e+06	
25600	1.09938	62.6269	0	-3.22e-06	1.75272e-06	0	3.66612	3.66612e+06	
25700	1.12125	62.7883	0	-3.22e-06	1.75272e-06	0	3.66612	3.66612e+06	
25800	1.13254	62.9831	0	-3.22e-06	1.75272e-06	0	3.66612	3.66612e+06	
25900	1.12276	63.2181	0	-3.22e-06	1.75272e-06	0	3.66612	3.66612e+06	
26000	1.08822	63.482	0	-3.22e-06	1.75272e-06	0	3.66612	3.66612e+06	
26100	1.08838	63.5366	0	-3.22e-06	5.34158e-07	0	3.264	3.264e+06	
26200	1.09099	63.5618	0	-3.22e-06	5.34158e-07	0	3.264	3.264e+06	
26300	1.09297	63.5769	0	-3.22e-06	5.34158e-07	0	3.264	3.264e+06	
26400	1.09448	63.5875	0	-3.22e-06	5.34158e-07	0	3.264	3.264e+06	
26500	1.0957	63.5957	0	-3.22e-06	5.34158e-07	0	3.264	3.264e+06	
26600	1.26139	63.848	0	1.05953e-06	2.07092e-06	0	2.32622	2.32622e+06	
26700	1.3931	64.1053	0	1.05953e-06	2.07092e-06	0	2.32622	2.32622e+06	
26800	1.52472	64.3625	0	1.05953e-06	2.07092e-06	0	2.32622	2.32622e+06	
26900	1.65634	64.6198	0	1.05953e-06	2.07092e-06	0	2.32622	2.32622e+06	
27000	1.78795	64.877	0	1.05953e-06	2.07092e-06	0	2.32622	2.32622e+06	
27100	1.7483	65.0712	0	-3.19206e-07	1.56345e-06	0	1.59571	1.59571e+06	
27200	1.70865	65.2655	0	-3.19206e-07	1.56345e-06	0	1.59571	1.59571e+06	
27300	1.66899	65.4597	0	-3.19206e-07	1.56345e-06	0	1.59571	1.59571e+06	
27400	1.62934	65.6539	0	-3.19206e-07	1.56345e-06	0	1.59571	1.59571e+06	
27500	1.58936	65.8457	0	-3.19206e-07	1.56345e-06	0	1.59571	1.59571e+06	
27600	1.51909	65.9	0	-4.39886e-07	1.77896e-06	0	1.83254	1.83254e+06	
27700	1.46848	65.8999	0	-4.39886e-07	1.77896e-06	0	1.83254	1.83254e+06	
27800	1.43581	65.8968	0	-4.39886e-07	1.77896e-06	0	1.83254	1.83254e+06	
27900	1.41092	65.8934	0	-4.39886e-07	1.77896e-06	0	1.83254	1.83254e+06	
28000	1.38928	65.8902	0	-4.39886e-07	1.77896e-06	0	1.83254	1.83254e+06	
28100	1.49787	65.913	0	5.9531e-07	3.22e-06	0	3.27457	3.27457e+06	
28200	1.54858	65.9106	0	5.9531e-07	3.22e-06	0	3.27457	3.27457e+06	
28300	1.57461	65.9074	0	5.9531e-07	3.22e-06	0	3.27457	3.27457e+06	
28400	1.59233	65.9049	0	5.9531e-07	3.22e-06	0	3.27457	3.27457e+06	
28500	1.60654	65.9027	0	5.9531e-07	3.22e-06	0	3.27457	3.27457e+06	
28600	1.71223	65.8759	0	1.1406e-06	1.75281e-06	0	2.09124	2.09124e+06	
28700	1.82919	65.8629	0	1.1406e-06	1.75281e-06	0	2.09124	2.09124e+06	
28800	1.95957	65.8558	0	1.1406e-06	1.75281e-06	0	2.09124	2.09124e+06	
28900	2.10423	65.8571	0	1.1406e-06	1.75281e-06	0	2.09124	2.09124e+06	
29000	2.26319	65.8695	0	1.1406e-06	1.75281e-06	0	2.09124	2.09124e+06	
29100	2.62236	65.8743	0	2.86465e-06	6.86093e-07	0	2.94566	2.94566e+06	
29200	2.9667	65.8399	0	2.86465e-06	6.86093e-07	0	2.94566	2.94566e+06	
29300	3.3268	65.8502	0	2.86465e-06	6.86093e-07	0	2.94566	2.94566e+06	
29400	3.67928	65.868	0	2.86465e-06	6.86093e-07	0	2.94566	2.94566e+06	
29500	4.02665	65.838	0	2.86465e-06	6.86093e-07	0	2.94566	2.94566e+06	
29600	4.46004	65.9084	0	3.22e-06	3.22e-06	0	4.55377	4.55377e+06	
29700	4.81385	65.8771	0	3.22e-06	3.22e-06	0	4.55377	4.55377e+06	
29800	5.21374	65.876	0	3.22e-06	3.22e-06	0	4.55377	4.55377e+06	
29900	5.62426	65.9023	0	3.22e-06	3.22e-06	0	4.55377	4.55377e+06	
30000	5.98317	65.8676	0	3.22e-06	3.22e-06	0	4.55377	4.55377e+06	
30100	6.23222	65.4521	0	2.00528e-06	-3.22e-06	0	3.79335	3.79335e+06	
30200	6.48132	65.0521	0	2.00528e-06	-3.22e-06	0	3.79335	3.79335e+06	
30300	6.73042	64.6521	0	2.00528e-06	-3.22e-06	0	3.79335	3.79335e+06	
30400	6.97953	64.2521	0	2.00528e-06	-3.22e-06	0	3.79335	3.79335e+06	
30500	7.22863	63.8521	0	2.00528e-06	-3.22e-06	0	3.79335	3.79335e+06	
30600	7.34072	64.0165	0	9.02335e-07	1.3235e-06	0	1.60183	1.60183e+06	
30700	7.45281	64.1809	0	9.02335e-07	1.3235e-06	0	1.60183	1.60183e+06	
30800	7.5649	64.3453	0	9.02335e-07	1.3235e-06	0	1.60183	1.60183e+06	
30900	7.67699	64.5097	0	9.02335e-07	1.3235e-06	0	1.60183	1.60183e+06	
31000	7.78909	64.6742	0	9.02335e-07	1.3235e-06	0	1.60183	1.60183e+06	
31100	7.80276	64.4488	0	1.1012e-07	-1.81422e-06	0	1.81756	1.81756e+06	
31200	7.81644	64.2234	0	1.1012e-07	-1.81422e-06	0	1.81756	1.81756e+06	
31300	7.83012	63.998	0	1.1012e-07	-1.81422e-06	0	1.81756	1.81756e+06	
31400	7.8438	63.7727	0	1.1012e-07	-1.81422e-06	0	1.81756	1.81756e+06	
31500	7.85748	63.5473	0	1.1012e-07	-1.81422e-06	0	1.81756	1.81756e+06	
31600	7.54347	63.5981	0	-2.52781e-06	4.08555e-07	0	2.56062	2.56062e+06	
31700	7.22946	63.6488	0	-2.52781e-06	4.08555e-07	0	2.56062	2.56062e+06	
31800	6.91544	63.6996	0	-2.52781e-06	4.08555e-07	0	2.56062	2.56062e+06	
31900	6.60143	63.7503	0	-2.52781e-06	4.08555e-07	0	2.56062	2.56062e+06	
32000	6.28741	63.8011	0	-2.52781e-06	4.08555e-07	0	2.56062	2.56062e+06	
32100	6.05299	63.8361	0	-1.88713e-06	2.8231e-07	0	1.90813	1.90813e+06	
32200	5.81856	63.8712	0	-1.88713e-06	2.8231e-07	0	1.90813	1.90813e+06	
32300	5.58414	63.9063	0	-1.88713e-06	2.8231e-07	0	1.90813	1.90813e+06	
32400	5.34971	63.9413	0	-1.88713e-06	2.8231e-07	0	1.90813	1.90813e+06	
32500	5.11528	63.9764	0	-1.88713e-06	2.8231e-07	0	1.90813	1.90813e+06	
32600	4.88659	64.0771	0	-1.84095e-06	8.10558e-07	0	2.01149	2.01149e+06	
32700	4.6579	64.1778	0	-1.84095e-06	8.10558e-07	0	2.01149	2.01149e+06	
32800	4.42921	64.2785	0	-1.84095e-06	8.10558e-07	0	2.01149	2.01149e+06	
32900	4.20052	64.3792	0	-1.84095e-06	8.10558e-07	0	2.01149	2.01149e+06	
33000	3.97184	64.4799	0	-1.84095e-06	8.10558e-07	0	2.01149	2.01149e+06	
33100	3.57184	64.8531	0	-3.22e-06	3.00451e-06	0	4.40403	4.40403e+06	
33200	3.17184	65.2263	0	-3.22e-06	3.00451e-06	0	4.40403	4.40403e+06	
33300	2.77184	65.5996	0	-3.22e-06	3.00451e-06	0	4.40403	4.40403e+06	
33400	2.38095	65.9015	0	-3.22e-06	3.00451e-06	0	4.40403	4.40403e+06	
33500	2.02013	65.8664	0	-3.22e-06	3.00451e-06	0	4.40403	4.40403e+06	
33600	1.59075	65.9012	0	-3.22e-06	3.22e-06	0	4.55377	4.55377e+06	
33700	1.22743	65.8814	0	-3.22e-06	3.22e-06	0	4.55377	4.55377e+06	
33800	1.12993	65.8701	0	-3.22e-06	3.22e-06	0	4.55377	4.55377e+06	
33900	1.12993	65.8701	0	-3.22e-06	3.22e-06	0	4.55377	4.55377e+06	
34000	1.12993	65.8701	0	-3.22e-06	3.22e-06	0	4.55377	4.55377e+06	
34100	1.1343	65.8464	0	-2.31249e-06	1.07895e-06	0	2.55181	2.55181e+06	
34200	1.13429	65.8464	0	-2.31249e-06	1.07895e-06	0	2.55181	2.55181e+06	
34300	1.13429	65.8464	0	-2.31249e-06	1.07895e-06	0	2.55181	2.55181e+06	
34400	1.13429	65.8464	0	-2.31249e-06	1.07895e-06	0	2.55181	2.55181e+06	
34500	1.13429	65.8464	0	-2.31249e-06	1.07895e-06	0	2.55181	2.55181e+06	
34600	1.16391	65.8721	0	-7.72184e-07	3.0244e-06	0	3.12142	3.12142e+06	
34700	1.16457	65.8722	0	-7.72184e-07	3.0244e-06	0	3.12142	3.12142e+06	
34800	1.1646	65.8722	0	-7.72184e-07	3.0244e-06	0	3.12142	3.12142e+06	
34900	1.1646	65.8722	0	-7.72184e-07	3.0244e-06	0	3.12142	3.12142e+06	
35000	1.1646	65.8722	0	-7.72184e-07	3.0244e-06	0	3.12142	3.12142e+06	
35100	1.1315	65.853	0	-2.73255e-06	1.46862e-06	0	3.10221	3.10221e+06	
35200	1.1315	65.853	0	-2.73255e-06	1.46862e-06	0	3.10221	3.10221e+06	
35300	1.1315	65.853	0	-2.73255e-06	1.46862e-06	0	3.10221	3.10221e+06	
35400	1.1315	65.853	0	-2.73255e-06	1.46862e-06	0	3.10221	3.10221e+06	
35500	1.1315	65.853	0	-2.73255e-06	1.46862e-06	0	3.10221	3.10221e+06	
35600	1.12725	65.8436	0	-3.22e-06	1.04519e-06	0	3.38538	3.38538e+06	
35700	1.12724	65.8435	0	-3.22e-06	1.04519e-06	0	3.38538	3.38538e+06	
35800	1.12724	65.8435	0	-3.22e-06	1.04519e-06	0	3.38538	3.38538e+06	
35900	1.12724	65.8435	0	-3.22e-06	1.04519e-06	0	3.38538	3.38538e+06	
36000	1.12724	65.8435	0	-3.22e-06	1.04519e-06	0	3.38538	3.38538e+06	
36100	1.16688	65.8531	0	-5.126e-07	1.18271e-06	0	1.28901	1.28901e+06	
36200	1.16826	65.8534	0	-5.126e-07	1.18271e-06	0	1.28901	1.28901e+06	
36300	1.16837	65.8534	0	-5.126e-07	1.18271e-06	0	1.28901	1.28901e+06	
36400	1.16837	65.8534	0	-5.126e-07	1.18271e-06	0	1.28901	1.28901e+06	
36500	1.16837	65.8534	0	-5.126e-07	1.18271e-06	0	1.28901	1.28901e+06	
36600	1.44658	65.8781	0	2.11379e-06	9.81215e-07	0	2.33043	2.33043e+06	
36700	1.69625	65.87	0	2.11379e-06	9.81215e-07	0	2.33043	2.33043e+06	
36800	1.94636	65.8459	0	2.11379e-06	9.81215e-07	0	2.33043	2.33043e+06	
36900	2.21281	65.8504	0	2.11379e-06	9.81215e-07	0	2.33043	2.33043e+06	
37000	2.48633	65.883	0	2.11379e-06	9.81215e-07	0	2.33043	2.33043e+06	
37100	2.87959	65.8304	0	3.22e-06	1.09016e-07	0	3.22184	3.22184e+06	
37200	3.28	65.8134	0	3.22e-06	1.09016e-07	0	3.22184	3.22184e+06	
37300	3.68006	65.8205	0	3.22e-06	1.09016e-07	0	3.22184	3.22184e+06	
37400	4.07893	65.8106	0	3.22e-06	1.09016e-07	0	3.22184	3.22184e+06	
37500	4.47985	65.8137	0	3.22e-06	1.09016e-07	0	3.22184	3.22184e+06	
37600	4.83689	65.4855	0	2.87416e-06	-2.63988e-06	0	3.90254	3.90254e+06	
37700	5.19393	65.1576	0	2.87416e-06	-2.63988e-06	0	3.90254	3.90254e+06	
37800	5.55097	64.8297	0	2.87416e-06	-2.63988e-06	0	3.90254	3.90254e+06	
37900	5.90801	64.5017	0	2.87416e-06	-2.63988e-06	0	3.90254	3.90254e+06	
38000	6.26505	64.1738	0	2.87416e-06	-2.63988e-06	0	3.90254	3.90254e+06	
38100	6.12179	63.7738	0	-1.15324e-06	-3.22e-06	0	3.42029	3.42029e+06	
38200	5.97853	63.3738	0	-1.15324e-06	-3.22e-06	0	3.42029	3.42029e+06	
38300	5.83527	62.9738	0	-1.15324e-06	-3.22e-06	0	3.42029	3.42029e+06	
38400	5.69201	62.5738	0	-1.15324e-06	-3.22e-06	0	3.42029	3.42029e+06	
38500	5.54875	62.1738	0	-1.15324e-06	-3.22e-06	0	3.42029	3.42029e+06	
38600	5.17383	61.8148	0	-3.0181e-06	-2.89003e-06	0	4.17866	4.17866e+06	
38700	4.79891	61.4558	0	-3.0181e-06	-2.89003e-06	0	4.17866	4.17866e+06	
38800	4.42399	61.0968	0	-3.0181e-06	-2.89003e-06	0	4.17866	4.17866e+06	
38900	4.04907	60.7377	0	-3.0181e-06	-2.89003e-06	0	4.17866	4.17866e+06	
39000	3.67415	60.3787	0	-3.0181e-06	-2.89003e-06	0	4.17866	4.17866e+06	
39100	3.38036	60.1896	0	-2.36498e-06	-1.52278e-06	0	2.81283	2.81283e+06	
39200	3.08658	60.0004	0	-2.36498e-06	-1.52278e-06	0	2.81283	2.81283e+06	
39300	2.79279	59.8112	0	-2.36498e-06	-1.52278e-06	0	2.81283	2.81283e+06	
39400	2.499	59.6221	0	-2.36498e-06	-1.52278e-06	0	2.81283	2.81283e+06	
39500	2.20522	59.4329	0	-2.36498e-06	-1.52278e-06	0	2.81283	2.81283e+06	
39600	1.80522	59.5878	0	-3.22e-06	1.24659e-06	0	3.45288	3.45288e+06	
39700	1.40522	59.7426	0	-3.22e-06	1.24659e-06	0	3.45288	3.45288e+06	
39800	1.12952	59.8898	0	-3.22e-06	1.24659e-06	0	3.45288	3.45288e+06	
39900	1.13253	60.0371	0	-3.22e-06	1.24659e-06	0	3.45288	3.45288e+06	
40000	1.12284	60.2142	0	-3.22e-06	1.24659e-06	0	3.45288	3.45288e+06	
40100	1.09763	60.4023	0	-3.22e-06	1.10827e-06	0	3.40539	3.40539e+06	
40200	1.08921	60.5492	0	-3.22e-06	1.10827e-06	0	3.40539	3.40539e+06	
40300	1.10041	60.6296	0	-3.22e-06	1.10827e-06	0	3.40539	3.40539e+06	
40400	1.11189	60.7067	0	-3.22e-06	1.10827e-06	0	3.40539	3.40539e+06	
40500	1.12247	60.7966	0	-3.22e-06	1.10827e-06	0	3.40539	3.40539e+06	
40600	1.14907	60.9248	0	-1.28548e-06	1.13468e-06	0	1.71463	1.71463e+06	
40700	1.15052	61.0652	0	-1.28548e-06	1.13468e-06	0	1.71463	1.71463e+06	
40800	1.14204	61.2158	0	-1.28548e-06	1.13468e-06	0	1.71463	1.71463e+06	
40900	1.1223	61.3751	0	-1.28548e-06	1.13468e-06	0	1.71463	1.71463e+06	
41000	1.10633	61.5265	0	-1.28548e-06	1.13468e-06	0	1.71463	1.71463e+06	
41100	1.10661	61.6003	0	-1.87929e-06	8.16021e-07	0	2.04881	2.04881e+06	
41200	1.1165	61.6649	0	-1.87929e-06	8.16021e-07	0	2.04881	2.04881e+06	
41300	1.12598	61.7329	0	-1.87929e-06	8.16021e-07	0	2.04881	2.04881e+06	
41400	1.13424	61.8084	0	-1.87929e-06	8.16021e-07	0	2.04881	2.04881e+06	
41500	1.14041	61.8929	0	-1.87929e-06	8.16021e-07	0	2.04881	2.04881e+06	
41600	1.33015	62.2923	0	1.37426e-06	3.22e-06	0	3.501	3.501e+06	
41700	1.50087	62.6923	0	1.37426e-06	3.22e-06	0	3.501	3.501e+06	
41800	1.67158	63.0923	0	1.37426e-06	3.22e-06	0	3.501	3.501e+06	
41900	1.8423	63.4923	0	1.37426e-06	3.22e-06	0	3.501	3.501e+06	
42000	2.01301	63.8923	0	1.37426e-06	3.22e-06	0	3.501	3.501e+06	
42100	2.41301	64.2923	0	3.22e-06	3.22e-06	0	4.55377	4.55377e+06	
42200	2.81301	64.6923	0	3.22e-06	3.22e-06	0	4.55377	4.55377e+06	
42300	3.21301	65.0923	0	3.22e-06	3.22e-06	0	4.55377	4.55377e+06	
42400	3.61301	65.4923	0	3.22e-06	3.22e-06	0	4.55377	4.55377e+06	
42500	4.01279	65.863	0	3.22e-06	3.22e-06	0	4.55377	4.55377e+06	
42600	4.4458	65.9065	0	3.22e-06	3.22e-06	0	4.55377	4.55377e+06	
42700	4.80204	65.8783	0	3.22e-06	3.22e-06	0	4.55377	4.55377e+06	
42800	5.1995	65.8748	0	3.22e-06	3.22e-06	0	4.55377	4.55377e+06	
42900	5.61342	65.9039	0	3.22e-06	3.22e-06	0	4.55377	4.55377e+06	
43000	5.97022	65.8679	0	3.22e-06	3.22e-06	0	4.55377	4.55377e+06	
43100	6.37011	65.4523	0	3.22e-06	-3.22e-06	0	4.55377	4.55377e+06	
43200	6.77011	65.0523	0	3.22e-06	-3.22e-06	0	4.55377	4.55377e+06	
43300	7.17011	64.6523	0	3.22e-06	-3.22e-06	0	4.55377	4.55377e+06	
43400	7.57011	64.2523	0	3.22e-06	-3.22e-06	0	4.55377	4.55377e+06	
43500	7.97011	63.8523	0	3.22e-06	-3.22e-06	0	4.55377	4.55377e+06	
43600	8.18482	63.7993	0	1.7284e-06	-4.26758e-07	0	1.7803	1.7803e+06	
43700	8.39952	63.7462	0	1.7284e-06	-4.26758e-07	0	1.7803	1.7803e+06	
43800	8.61423	63.6932	0	1.7284e-06	-4.26758e-07	0	1.7803	1.7803e+06	
43900	8.82894	63.6402	0	1.7284e-06	-4.26758e-07	0	1.7803	1.7803e+06	
44000	9.04365	63.5872	0	1.7284e-06	-4.26758e-07	0	1.7803	1.7803e+06	
44100	9.32333	63.7194	0	2.25148e-06	1.06453e-06	0	2.49046	2.49046e+06	
44200	9.60302	63.8517	0	2.25148e-06	1.06453e-06	0	2.49046	2.49046e+06	
44300	9.88271	63.9839	0	2.25148e-06	1.06453e-06	0	2.49046	2.49046e+06	
44400	10.1624	64.1162	0	2.25148e-06	1.06453e-06	0	2.49046	2.49046e+06	
44500	10.4421	64.2484	0	2.25148e-06	1.06453e-06	0	2.49046	2.49046e+06	
44600	10.5443	64.052	0	8.22622e-07	-1.58071e-06	0	1.78195	1.78195e+06	
44700	10.6465	63.8557	0	8.22622e-07	-1.58071e-06	0	1.78195	1.78195e+06	
44800	10.7486	63.6593	0	8.22622e-07	-1.58071e-06	0	1.78195	1.78195e+06	
44900	10.8508	63.463	0	8.22622e-07	-1.58071e-06	0	1.78195	1.78195e+06	
45000	10.953	63.2666	0	8.22622e-07	-1.58071e-06	0	1.78195	1.78195e+06	
45100	10.7999	63.0982	0	-1.23281e-06	-1.35532e-06	0	1.83213	1.83213e+06	
45200	10.6467	62.9299	0	-1.23281e-06	-1.35532e-06	0	1.83213	1.83213e+06	
45300	10.4936	62.7615	0	-1.23281e-06	-1.35532e-06	0	1.83213	1.83213e+06	
45400	10.3405	62.5931	0	-1.23281e-06	-1.35532e-06	0	1.83213	1.83213e+06	
45500	10.1873	62.4248	0	-1.23281e-06	-1.35532e-06	0	1.83213	1.83213e+06	
45600	9.99173	62.4431	0	-1.57442e-06	1.47165e-07	0	1.58128	1.58128e+06	
45700	9.79615	62.4613	0	-1.57442e-06	1.47165e-07	0	1.58128	1.58128e+06	
45800	9.60057	62.4796	0	-1.57442e-06	1.47165e-07	0	1.58128	1.58128e+06	
45900	9.40499	62.4979	0	-1.57442e-06	1.47165e-07	0	1.58128	1.58128e+06	
46000	9.20941	62.5162	0	-1.57442e-06	1.47165e-07	0	1.58128	1.58128e+06	
46100	8.93437	62.4211	0	-2.21404e-06	-7.65218e-07	0	2.34255	2.34255e+06	
46200	8.65934	62.3261	0	-2.21404e-06	-7.65218e-07	0	2.34255	2.34255e+06	
46300	8.3843	62.231	0	-2.21404e-06	-7.65218e-07	0	2.34255	2.34255e+06	
46400	8.10927	62.136	0	-2.21404e-06	-7.65218e-07	0	2.34255	2.34255e+06	
46500	7.83423	62.0409	0	-2.21404e-06	-7.65218e-07	0	2.34255	2.34255e+06	
46600	7.74631	62.0275	0	-7.0778e-07	-1.08101e-07	0	0.715988	715988	
46700	7.65838	62.014	0	-7.0778e-07	-1.08101e-07	0	0.715988	715988	
46800	7.57046	62.0006	0	-7.0778e-07	-1.08101e-07	0	0.715988	715988	
46900	7.48254	61.9872	0	-7.0778e-07	-1.08101e-07	0	0.715988	715988	
47000	7.39462	61.9737	0	-7.0778e-07	-1.08101e-07	0	0.715988	715988	
47100	7.36227	62.0942	0	-2.60388e-07	9.69726e-07	0	1.00408	1.00408e+06	
47200	7.32992	62.2147	0	-2.60388e-07	9.69726e-07	0	1.00408	1.00408e+06	
47300	7.29758	62.3351	0	-2.60388e-07	9.69726e-07	0	1.00408	1.00408e+06	
47400	7.26523	62.4556	0	-2.60388e-07	9.69726e-07	0	1.00408	1.00408e+06	
47500	7.23288	62.5761	0	-2.60388e-07	9.69726e-07	0	1.00408	1.00408e+06	
47600	7.00541	62.4605	0	-1.83116e-06	-9.30141e-07	0	2.05385	2.05385e+06	
47700	6.77794	62.345	0	-1.83116e-06	-9.30141e-07	0	2.05385	2.05385e+06	
47800	6.55047	62.2294	0	-1.83116e-06	-9.30141e-07	0	2.05385	2.05385e+06	
47900	6.32299	62.1139	0	-1.83116e-06	-9.30141e-07	0	2.05385	2.05385e+06	
48000	6.09552	61.9983	0	-1.83116e-06	-9.30141e-07	0	2.05385	2.05385e+06	
48100	5.99151	62.3983	0	-8.37313e-07	3.22e-06	0	3.32708	3.32708e+06	
48200	5.88749	62.7983	0	-8.37313e-07	3.22e-06	0	3.32708	3.32708e+06	
48300	5.78348	63.1983	0	-8.37313e-07	3.22e-06	0	3.32708	3.32708e+06	
48400	5.67946	63.5983	0	-8.37313e-07	3.22e-06	0	3.32708	3.32708e+06	
48500	5.57545	63.9983	0	-8.37313e-07	3.22e-06	0	3.32708	3.32708e+06	
48600	5.6276	64.0109	0	4.19832e-07	1.01467e-07	0	0.43192	431920	
48700	5.67976	64.0235	0	4.19832e-07	1.01467e-07	0	0.43192	431920	
48800	5.73191	64.0361	0	4.19832e-07	1.01467e-07	0	0.43192	431920	
48900	5.78406	64.0488	0	4.19832e-07	1.01467e-07	0	0.43192	431920	
49000	5.83622	64.0614	0	4.19832e-07	1.01467e-07	0	0.43192	431920	
49100	6.08784	63.7646	0	2.02562e-06	-2.38875e-06	0	3.13198	3.13198e+06	
49200	6.33947	63.4679	0	2.02562e-06	-2.38875e-06	0	3.13198	3.13198e+06	
49300	6.5911	63.1711	0	2.02562e-06	-2.38875e-06	0	3.13198	3.13198e+06	
49400	6.84273	62.8744	0	2.02562e-06	-2.38875e-06	0	3.13198	3.13198e+06	
49500	7.09436	62.5777	0	2.02562e-06	-2.38875e-06	0	3.13198	3.13198e+06	
49600	7.02688	62.7381	0	-5.4325e-07	1.29135e-06	0	1.40096	1.40096e+06	
49700	6.9594	62.8985	0	-5.4325e-07	1.29135e-06	0	1.40096	1.40096e+06	
49800	6.89191	63.0589	0	-5.4325e-07	1.29135e-06	0	1.40096	1.40096e+06	
49900	6.82443	63.2193	0	-5.4325e-07	1.29135e-06	0	1.40096	1.40096e+06	
50000	6.75694	63.3797	0	-5.4325e-07	1.29135e-06	0	1.40096	1.40096e+06	
