0	40	43	0	1.15881e-06	3.22e-06	0	3.42217	3.42217e+06	
100	40.0576	43.3933	0	4.63663e-07	3.1658e-06	0	3.19958	3.19958e+06	
200	40.1152	43.7865	0	4.63663e-07	3.1658e-06	0	3.19958	3.19958e+06	
300	40.1728	44.1798	0	4.63663e-07	3.1658e-06	0	3.19958	3.19958e+06	
400	40.2304	44.5731	0	4.63663e-07	3.1658e-06	0	3.19958	3.19958e+06	
500	40.288	44.9663	0	4.63663e-07	3.1658e-06	0	3.19958	3.19958e+06	
600	40.105	44.9326	0	-1.47268e-06	-2.71914e-07	0	1.49758	1.49758e+06	
700	39.9221	44.8988	0	-1.47268e-06	-2.71914e-07	0	1.49758	1.49758e+06	
800	39.7392	44.865	0	-1.47268e-06	-2.71914e-07	0	1.49758	1.49758e+06	
900	39.5562	44.8312	0	-1.47268e-06	-2.71914e-07	0	1.49758	1.49758e+06	
1000	39.3733	44.7974	0	-1.47268e-06	-2.71914e-07	0	1.49758	1.49758e+06	
1100	38.9733	45.1306	0	-3.22e-06	2.68167e-06	0	4.19043	4.19043e+06	
1200	38.5733	45.4637	0	-3.22e-06	2.68167e-06	0	4.19043	4.19043e+06	
1300	38.1733	45.7968	0	-3.22e-06	2.68167e-06	0	4.19043	4.19043e+06	
1400	37.7733	46.13	0	-3.22e-06	2.68167e-06	0	4.19043	4.19043e+06	
1500	37.3733	46.4631	0	-3.22e-06	2.68167e-06	0	4.19043	4.19043e+06	
1600	36.9733	46.3575	0	-3.22e-06	-8.49753e-07	0	3.33024	3.33024e+06	
1700	36.5733	46.252	0	-3.22e-06	-8.49753e-07	0	3.33024	3.33024e+06	
1800	36.1733	46.1464	0	-3.22e-06	-8.49753e-07	0	3.33024	3.33024e+06	
1900	35.7733	46.0408	0	-3.22e-06	-8.49753e-07	0	3.33024	3.33024e+06	
2000	35.3733	45.9353	0	-3.22e-06	-8.49753e-07	0	3.33024	3.33024e+06	
2100	34.9733	45.9423	0	-3.22e-06	5.61866e-08	0	3.22049	3.22049e+06	
2200	34.5733	45.9492	0	-3.22e-06	5.61866e-08	0	3.22049	3.22049e+06	
2300	34.1733	45.9562	0	-3.22e-06	5.61866e-08	0	3.22049	3.22049e+06	
2400	33.7733	45.9632	0	-3.22e-06	5.61866e-08	0	3.22049	3.22049e+06	
2500	33.3733	45.9702	0	-3.22e-06	5.61866e-08	0	3.22049	3.22049e+06	
2600	33.1367	45.7821	0	-1.90439e-06	-1.51395e-06	0	2.43285	2.43285e+06	
2700	32.9001	45.594	0	-1.90439e-06	-1.51395e-06	0	2.43285	2.43285e+06	
2800	32.6636	45.406	0	-1.90439e-06	-1.51395e-06	0	2.43285	2.43285e+06	
2900	32.427	45.2179	0	-1.90439e-06	-1.51395e-06	0	2.43285	2.43285e+06	
3000	32.1904	45.0298	0	-1.90439e-06	-1.51395e-06	0	2.43285	2.43285e+06	
3100	32.1886	45.0539	0	-1.49102e-08	1.93853e-07	0	0.194425	194425	
3200	32.1867	45.078	0	-1.49102e-08	1.93853e-07	0	0.194425	194425	
3300	32.1849	45.1021	0	-1.49102e-08	1.93853e-07	0	0.194425	194425	
3400	32.183	45.1262	0	-1.49102e-08	1.93853e-07	0	0.194425	194425	
3500	32.1812	45.1502	0	-1.49102e-08	1.93853e-07	0	0.194425	194425	
3600	32.0576	44.8934	0	-9.94374e-07	-2.0672e-06	0	2.29393	2.29393e+06	
3700	31.9341	44.6366	0	-9.94374e-07	-2.0672e-06	0	2.29393	2.29393e+06	
3800	31.8106	44.3799	0	-9.94374e-07	-2.0672e-06	0	2.29393	2.29393e+06	
3900	31.6871	44.1231	0	-9.94374e-07	-2.0672e-06	0	2.29393	2.29393e+06	
4000	31.5635	43.8663	0	-9.94374e-07	-2.0672e-06	0	2.29393	2.29393e+06	
4100	31.6128	43.6415	0	3.96413e-07	-1.8092e-06	0	1.85212	1.85212e+06	
4200	31.662	43.4168	0	3.96413e-07	-1.8092e-06	0	1.85212	1.85212e+06	
4300	31.7113	43.192	0	3.96413e-07	-1.8092e-06	0	1.85212	1.85212e+06	
4400	31.7605	42.9673	0	3.96413e-07	-1.8092e-06	0	1.85212	1.85212e+06	
4500	31.8098	42.7425	0	3.96413e-07	-1.8092e-06	0	1.85212	1.85212e+06	
4600	31.7641	42.4684	0	-3.67615e-07	-2.20643e-06	0	2.23684	2.23684e+06	
4700	31.7184	42.1944	0	-3.67615e-07	-2.20643e-06	0	2.23684	2.23684e+06	
4800	31.6728	41.9203	0	-3.67615e-07	-2.20643e-06	0	2.23684	2.23684e+06	
4900	31.6271	41.6462	0	-3.67615e-07	-2.20643e-06	0	2.23684	2.23684e+06	
5000	31.5814	41.3721	0	-3.67615e-07	-2.20643e-06	0	2.23684	2.23684e+06	
5100	31.5596	41.0419	0	-1.75697e-07	-2.65832e-06	0	2.66412	2.66412e+06	
5200	31.5378	40.7116	0	-1.75697e-07	-2.65832e-06	0	2.66412	2.66412e+06	
5300	31.516	40.3814	0	-1.75697e-07	-2.65832e-06	0	2.66412	2.66412e+06	
5400	31.4941	40.0512	0	-1.75697e-07	-2.65832e-06	0	2.66412	2.66412e+06	
5500	31.4723	39.721	0	-1.75697e-07	-2.65832e-06	0	2.66412	2.66412e+06	
5600	31.3457	39.321	0	-1.01882e-06	-3.22e-06	0	3.37734	3.37734e+06	
5700	31.2192	38.921	0	-1.01882e-06	-3.22e-06	0	3.37734	3.37734e+06	
5800	31.0926	38.521	0	-1.01882e-06	-3.22e-06	0	3.37734	3.37734e+06	
5900	30.9661	38.121	0	-1.01882e-06	-3.22e-06	0	3.37734	3.37734e+06	
6000	30.8395	37.721	0	-1.01882e-06	-3.22e-06	0	3.37734	3.37734e+06	
6100	30.8825	37.414	0	3.46006e-07	-2.47096e-06	0	2.49507	2.49507e+06	
6200	30.9255	37.1071	0	3.46006e-07	-2.47096e-06	0	2.49507	2.49507e+06	
6300	30.9684	36.8001	0	3.46006e-07	-2.47096e-06	0	2.49507	2.49507e+06	
6400	31.0114	36.4931	0	3.46006e-07	-2.47096e-06	0	2.49507	2.49507e+06	
6500	31.0544	36.1862	0	3.46006e-07	-2.47096e-06	0	2.49507	2.49507e+06	
6600	30.6544	35.7862	0	-3.22e-06	-3.22e-06	0	4.55377	4.55377e+06	
6700	30.2544	35.3862	0	-3.22e-06	-3.22e-06	0	4.55377	4.55377e+06	
6800	29.8544	34.9862	0	-3.22e-06	-3.22e-06	0	4.55377	4.55377e+06	
6900	29.4544	34.5862	0	-3.22e-06	-3.22e-06	0	4.55377	4.55377e+06	
7000	29.0544	34.1862	0	-3.22e-06	-3.22e-06	0	4.55377	4.55377e+06	
7100	28.8468	33.7862	0	-1.67079e-06	-3.22e-06	0	3.62766	3.62766e+06	
7200	28.6393	33.3862	0	-1.67079e-06	-3.22e-06	0	3.62766	3.62766e+06	
7300	28.4317	32.9862	0	-1.67079e-06	-3.22e-06	0	3.62766	3.62766e+06	
7400	28.2242	32.5862	0	-1.67079e-06	-3.22e-06	0	3.62766	3.62766e+06	
7500	28.0166	32.1862	0	-1.67079e-06	-3.22e-06	0	3.62766	3.62766e+06	
7600	27.8716	31.7862	0	-1.16789e-06	-3.22e-06	0	3.42526	3.42526e+06	
7700	27.7265	31.3862	0	-1.16789e-06	-3.22e-06	0	3.42526	3.42526e+06	
7800	27.5814	30.9862	0	-1.16789e-06	-3.22e-06	0	3.42526	3.42526e+06	
7900	27.4363	30.5862	0	-1.16789e-06	-3.22e-06	0	3.42526	3.42526e+06	
8000	27.2912	30.1862	0	-1.16789e-06	-3.22e-06	0	3.42526	3.42526e+06	
8100	27.0186	30.0693	0	-2.19477e-06	-9.4126e-07	0	2.38809	2.38809e+06	
8200	26.746	29.9523	0	-2.19477e-06	-9.4126e-07	0	2.38809	2.38809e+06	
8300	26.4733	29.8354	0	-2.19477e-06	-9.4126e-07	0	2.38809	2.38809e+06	
8400	26.2007	29.7185	0	-2.19477e-06	-9.4126e-07	0	2.38809	2.38809e+06	
8500	25.928	29.6016	0	-2.19477e-06	-9.4126e-07	0	2.38809	2.38809e+06	
8600	25.6612	29.6845	0	-2.14768e-06	6.67806e-07	0	2.24911	2.24911e+06	
8700	25.3944	29.7675	0	-2.14768e-06	6.67806e-07	0	2.24911	2.24911e+06	
8800	25.1277	29.8504	0	-2.14768e-06	6.67806e-07	0	2.24911	2.24911e+06	
8900	24.8609	29.9334	0	-2.14768e-06	6.67806e-07	0	2.24911	2.24911e+06	
9000	24.5941	30.0163	0	-2.14768e-06	6.67806e-07	0	2.24911	2.24911e+06	
9100	24.7925	30.2469	0	1.59761e-06	1.85572e-06	0	2.44868	2.44868e+06	
9200	24.991	30.4774	0	1.59761e-06	1.85572e-06	0	2.44868	2.44868e+06	
9300	25.1895	30.7079	0	1.59761e-06	1.85572e-06	0	2.44868	2.44868e+06	
9400	25.3879	30.9384	0	1.59761e-06	1.85572e-06	0	2.44868	2.44868e+06	
9500	25.5864	31.169	0	1.59761e-06	1.85572e-06	0	2.44868	2.44868e+06	
9600	25.754	30.9148	0	1.34909e-06	-2.04643e-06	0	2.45111	2.45111e+06	
9700	25.9216	30.6605	0	1.34909e-06	-2.04643e-06	0	2.45111	2.45111e+06	
9800	26.0891	30.4063	0	1.34909e-06	-2.04643e-06	0	2.45111	2.45111e+06	
9900	26.2567	30.1521	0	1.34909e-06	-2.04643e-06	0	2.45111	2.45111e+06	
10000	26.4243	29.8979	0	1.34909e-06	-2.04643e-06	0	2.45111	2.45111e+06	
10100	26.5021	29.7495	0	6.25841e-07	-1.19445e-06	0	1.34847	1.34847e+06	
10200	26.5798	29.6011	0	6.25841e-07	-1.19445e-06	0	1.34847	1.34847e+06	
10300	26.6576	29.4528	0	6.25841e-07	-1.19445e-06	0	1.34847	1.34847e+06	
10400	26.7353	29.3044	0	6.25841e-07	-1.19445e-06	0	1.34847	1.34847e+06	
10500	26.813	29.156	0	6.25841e-07	-1.19445e-06	0	1.34847	1.34847e+06	
10600	27.213	29.0133	0	3.22e-06	-1.14844e-06	0	3.41867	3.41867e+06	
10700	27.613	28.8707	0	3.22e-06	-1.14844e-06	0	3.41867	3.41867e+06	
10800	28.013	28.728	0	3.22e-06	-1.14844e-06	0	3.41867	3.41867e+06	
10900	28.413	28.5854	0	3.22e-06	-1.14844e-06	0	3.41867	3.41867e+06	
11000	28.813	28.4427	0	3.22e-06	-1.14844e-06	0	3.41867	3.41867e+06	
11100	28.8551	28.4118	0	3.38935e-07	-2.48781e-07	0	0.420439	420439	
11200	28.8973	28.3809	0	3.38935e-07	-2.48781e-07	0	0.420439	420439	
11300	28.9394	28.35	0	3.38935e-07	-2.48781e-07	0	0.420439	420439	
11400	28.9815	28.3191	0	3.38935e-07	-2.48781e-07	0	0.420439	420439	
11500	29.0236	28.2882	0	3.38935e-07	-2.48781e-07	0	0.420439	420439	
11600	29.1803	28.0742	0	1.26189e-06	-1.7226e-06	0	2.13535	2.13535e+06	
11700	29.3371	27.8602	0	1.26189e-06	-1.7226e-06	0	2.13535	2.13535e+06	
11800	29.4938	27.6462	0	1.26189e-06	-1.7226e-06	0	2.13535	2.13535e+06	
11900	29.6506	27.4322	0	1.26189e-06	-1.7226e-06	0	2.13535	2.13535e+06	
12000	29.8073	27.2182	0	1.26189e-06	-1.7226e-06	0	2.13535	2.13535e+06	
12100	29.7595	26.9158	0	-3.85347e-07	-2.43456e-06	0	2.46487	2.46487e+06	
12200	29.7116	26.6134	0	-3.85347e-07	-2.43456e-06	0	2.46487	2.46487e+06	
12300	29.6637	26.3109	0	-3.85347e-07	-2.43456e-06	0	2.46487	2.46487e+06	
12400	29.6159	26.0085	0	-3.85347e-07	-2.43456e-06	0	2.46487	2.46487e+06	
12500	29.568	25.7061	0	-3.85347e-07	-2.43456e-06	0	2.46487	2.46487e+06	
12600	29.168	25.8555	0	-3.22e-06	1.20263e-06	0	3.43725	3.43725e+06	
12700	28.768	26.0049	0	-3.22e-06	1.20263e-06	0	3.43725	3.43725e+06	
12800	28.368	26.1543	0	-3.22e-06	1.20263e-06	0	3.43725	3.43725e+06	
12900	27.968	26.3037	0	-3.22e-06	1.20263e-06	0	3.43725	3.43725e+06	
13000	27.568	26.4531	0	-3.22e-06	1.20263e-06	0	3.43725	3.43725e+06	
13100	27.3054	26.5711	0	-2.11429e-06	9.50042e-07	0	2.31793	2.31793e+06	
13200	27.0427	26.6891	0	-2.11429e-06	9.50042e-07	0	2.31793	2.31793e+06	
13300	26.7801	26.8071	0	-2.11429e-06	9.50042e-07	0	2.31793	2.31793e+06	
13400	26.5174	26.9251	0	-2.11429e-06	9.50042e-07	0	2.31793	2.31793e+06	
13500	26.2548	27.0431	0	-2.11429e-06	9.50042e-07	0	2.31793	2.31793e+06	
13600	26.1433	27.4187	0	-8.97092e-07	3.02364e-06	0	3.15391	3.15391e+06	
13700	26.0319	27.7944	0	-8.97092e-07	3.02364e-06	0	3.15391	3.15391e+06	
13800	25.9205	28.17	0	-8.97092e-07	3.02364e-06	0	3.15391	3.15391e+06	
13900	25.809	28.5456	0	-8.97092e-07	3.02364e-06	0	3.15391	3.15391e+06	
14000	25.6976	28.9212	0	-8.97092e-07	3.02364e-06	0	3.15391	3.15391e+06	
14100	25.5152	29.1731	0	-1.46812e-06	2.02782e-06	0	2.50348	2.50348e+06	
14200	25.3328	29.425	0	-1.46812e-06	2.02782e-06	0	2.50348	2.50348e+06	
14300	25.1504	29.6769	0	-1.46812e-06	2.02782e-06	0	2.50348	2.50348e+06	
14400	24.9681	29.9288	0	-1.46812e-06	2.02782e-06	0	2.50348	2.50348e+06	
14500	24.7857	30.1807	0	-1.46812e-06	2.02782e-06	0	2.50348	2.50348e+06	
14600	24.8815	30.5807	0	7.71401e-07	3.22e-06	0	3.31111	3.31111e+06	
14700	24.9774	30.9807	0	7.71401e-07	3.22e-06	0	3.31111	3.31111e+06	
14800	25.0732	31.3807	0	7.71401e-07	3.22e-06	0	3.31111	3.31111e+06	
14900	25.169	31.7807	0	7.71401e-07	3.22e-06	0	3.31111	3.31111e+06	
15000	25.2648	32.1807	0	7.71401e-07	3.22e-06	0	3.31111	3.31111e+06	
15100	25.3819	31.7863	0	9.42364e-07	-3.17506e-06	0	3.31195	3.31195e+06	
15200	25.499	31.3919	0	9.42364e-07	-3.17506e-06	0	3.31195	3.31195e+06	
15300	25.616	30.9974	0	9.42364e-07	-3.17506e-06	0	3.31195	3.31195e+06	
15400	25.7331	30.603	0	9.42364e-07	-3.17506e-06	0	3.31195	3.31195e+06	
15500	25.8501	30.2086	0	9.42364e-07	-3.17506e-06	0	3.31195	3.31195e+06	
15600	25.8978	30.2404	0	3.83582e-07	2.55963e-07	0	0.461142	461142	
15700	25.9454	30.2722	0	3.83582e-07	2.55963e-07	0	0.461142	461142	
15800	25.9931	30.304	0	3.83582e-07	2.55963e-07	0	0.461142	461142	
15900	26.0407	30.3358	0	3.83582e-07	2.55963e-07	0	0.461142	461142	
16000	26.0884	30.3676	0	3.83582e-07	2.55963e-07	0	0.461142	461142	
16100	26.2637	30.1058	0	1.41148e-06	-2.10718e-06	0	2.53623	2.53623e+06	
16200	26.4391	29.8441	0	1.41148e-06	-2.10718e-06	0	2.53623	2.53623e+06	
16300	26.6144	29.5823	0	1.41148e-06	-2.10718e-06	0	2.53623	2.53623e+06	
16400	26.7898	29.3205	0	1.41148e-06	-2.10718e-06	0	2.53623	2.53623e+06	
16500	26.9651	29.0588	0	1.41148e-06	-2.10718e-06	0	2.53623	2.53623e+06	
16600	26.8079	28.6588	0	-1.26544e-06	-3.22e-06	0	3.45973	3.45973e+06	
16700	26.6507	28.2588	0	-1.26544e-06	-3.22e-06	0	3.45973	3.45973e+06	
16800	26.4935	27.8588	0	-1.26544e-06	-3.22e-06	0	3.45973	3.45973e+06	
16900	26.3363	27.4588	0	-1.26544e-06	-3.22e-06	0	3.45973	3.45973e+06	
17000	26.1791	27.0588	0	-1.26544e-06	-3.22e-06	0	3.45973	3.45973e+06	
17100	26.1576	26.6588	0	-1.73422e-07	-3.22e-06	0	3.22467	3.22467e+06	
17200	26.136	26.2588	0	-1.73422e-07	-3.22e-06	0	3.22467	3.22467e+06	
17300	26.1145	25.8588	0	-1.73422e-07	-3.22e-06	0	3.22467	3.22467e+06	
17400	26.0929	25.4588	0	-1.73422e-07	-3.22e-06	0	3.22467	3.22467e+06	
17500	26.0714	25.0588	0	-1.73422e-07	-3.22e-06	0	3.22467	3.22467e+06	
17600	26.0174	24.6855	0	-4.34965e-07	-3.0048e-06	0	3.03612	3.03612e+06	
17700	25.9633	24.3122	0	-4.34965e-07	-3.0048e-06	0	3.03612	3.03612e+06	
17800	25.9093	23.939	0	-4.34965e-07	-3.0048e-06	0	3.03612	3.03612e+06	
17900	25.8553	23.5657	0	-4.34965e-07	-3.0048e-06	0	3.03612	3.03612e+06	
18000	25.8012	23.1924	0	-4.34965e-07	-3.0048e-06	0	3.03612	3.03612e+06	
18100	25.7513	22.985	0	-4.02055e-07	-1.67025e-06	0	1.71796	1.71796e+06	
18200	25.7013	22.7775	0	-4.02055e-07	-1.67025e-06	0	1.71796	1.71796e+06	
18300	25.6514	22.57	0	-4.02055e-07	-1.67025e-06	0	1.71796	1.71796e+06	
18400	25.6014	22.3625	0	-4.02055e-07	-1.67025e-06	0	1.71796	1.71796e+06	
18500	25.5515	22.155	0	-4.02055e-07	-1.67025e-06	0	1.71796	1.71796e+06	
18600	25.1515	21.9039	0	-3.22e-06	-2.02171e-06	0	3.80207	3.80207e+06	
18700	24.7515	21.6527	0	-3.22e-06	-2.02171e-06	0	3.80207	3.80207e+06	
18800	24.3515	21.4016	0	-3.22e-06	-2.02171e-06	0	3.80207	3.80207e+06	
18900	23.9515	21.1504	0	-3.22e-06	-2.02171e-06	0	3.80207	3.80207e+06	
19000	23.5515	20.8993	0	-3.22e-06	-2.02171e-06	0	3.80207	3.80207e+06	
19100	23.1515	20.6285	0	-3.22e-06	-2.18007e-06	0	3.88859	3.88859e+06	
19200	22.7515	20.3577	0	-3.22e-06	-2.18007e-06	0	3.88859	3.88859e+06	
19300	22.3515	20.0869	0	-3.22e-06	-2.18007e-06	0	3.88859	3.88859e+06	
19400	21.9515	19.816	0	-3.22e-06	-2.18007e-06	0	3.88859	3.88859e+06	
19500	21.5515	19.5452	0	-3.22e-06	-2.18007e-06	0	3.88859	3.88859e+06	
19600	21.6527	19.2392	0	8.14776e-07	-2.46378e-06	0	2.595	2.595e+06	
19700	21.7539	18.9331	0	8.14776e-07	-2.46378e-06	0	2.595	2.595e+06	
19800	21.8551	18.627	0	8.14776e-07	-2.46378e-06	0	2.595	2.595e+06	
19900	21.9564	18.321	0	8.14776e-07	-2.46378e-06	0	2.595	2.595e+06	
20000	22.0576	18.0149	0	8.14776e-07	-2.46378e-06	0	2.595	2.595e+06	
20100	22.4576	17.6149	0	3.22e-06	-3.22e-06	0	4.55377	4.55377e+06	
20200	22.8576	17.2149	0	3.22e-06	-3.22e-06	0	4.55377	4.55377e+06	
20300	23.2576	16.8149	0	3.22e-06	-3.22e-06	0	4.55377	4.55377e+06	
20400	23.6576	16.4149	0	3.22e-06	-3.22e-06	0	4.55377	4.55377e+06	
20500	24.0576	16.0149	0	3.22e-06	-3.22e-06	0	4.55377	4.55377e+06	
20600	23.9556	15.6879	0	-8.20637e-07	-2.63282e-06	0	2.75775	2.75775e+06	
20700	23.8537	15.3608	0	-8.20637e-07	-2.63282e-06	0	2.75775	2.75775e+06	
20800	23.7517	15.0337	0	-8.20637e-07	-2.63282e-06	0	2.75775	2.75775e+06	
20900	23.6498	14.7067	0	-8.20637e-07	-2.63282e-06	0	2.75775	2.75775e+06	
21000	23.5479	14.3796	0	-8.20637e-07	-2.63282e-06	0	2.75775	2.75775e+06	
21100	23.4361	14.2756	0	-8.99505e-07	-8.37064e-07	0	1.22873	1.22873e+06	
21200	23.3244	14.1717	0	-8.99505e-07	-8.37064e-07	0	1.22873	1.22873e+06	
21300	23.2126	14.0677	0	-8.99505e-07	-8.37064e-07	0	1.22873	1.22873e+06	
21400	23.1009	13.9637	0	-8.99505e-07	-8.37064e-07	0	1.22873	1.22873e+06	
21500	22.9892	13.8597	0	-8.99505e-07	-8.37064e-07	0	1.22873	1.22873e+06	
21600	23.0236	13.7427	0	2.77054e-07	-9.42177e-07	0	0.982067	982067	
21700	23.058	13.6256	0	2.77054e-07	-9.42177e-07	0	0.982067	982067	
21800	23.0924	13.5086	0	2.77054e-07	-9.42177e-07	0	0.982067	982067	
21900	23.1268	13.3916	0	2.77054e-07	-9.42177e-07	0	0.982067	982067	
22000	23.1612	13.2745	0	2.77054e-07	-9.42177e-07	0	0.982067	982067	
22100	22.8065	13.1394	0	-2.85559e-06	-1.08759e-06	0	3.05569	3.05569e+06	
22200	22.4518	13.0043	0	-2.85559e-06	-1.08759e-06	0	3.05569	3.05569e+06	
22300	22.0971	12.8692	0	-2.85559e-06	-1.08759e-06	0	3.05569	3.05569e+06	
22400	21.7423	12.7341	0	-2.85559e-06	-1.08759e-06	0	3.05569	3.05569e+06	
22500	21.3876	12.599	0	-2.85559e-06	-1.08759e-06	0	3.05569	3.05569e+06	
22600	21.264	12.542	0	-9.94662e-07	-4.58372e-07	0	1.0952	1.0952e+06	
22700	21.1405	12.4851	0	-9.94662e-07	-4.58372e-07	0	1.0952	1.0952e+06	
22800	21.0169	12.4282	0	-9.94662e-07	-4.58372e-07	0	1.0952	1.0952e+06	
22900	20.8933	12.3712	0	-9.94662e-07	-4.58372e-07	0	1.0952	1.0952e+06	
23000	20.7698	12.3143	0	-9.94662e-07	-4.58372e-07	0	1.0952	1.0952e+06	
23100	20.7666	12.3812	0	-2.54804e-08	5.38499e-07	0	0.539102	539102	
23200	20.7635	12.4481	0	-2.54804e-08	5.38499e-07	0	0.539102	539102	
23300	20.7603	12.515	0	-2.54804e-08	5.38499e-07	0	0.539102	539102	
23400	20.7571	12.5819	0	-2.54804e-08	5.38499e-07	0	0.539102	539102	
23500	20.754	12.6488	0	-2.54804e-08	5.38499e-07	0	0.539102	539102	
23600	20.9068	12.9199	0	1.2306e-06	2.1825e-06	0	2.50553	2.50553e+06	
23700	21.0597	13.191	0	1.2306e-06	2.1825e-06	0	2.50553	2.50553e+06	
23800	21.2126	13.4621	0	1.2306e-06	2.1825e-06	0	2.50553	2.50553e+06	
23900	21.3654	13.7332	0	1.2306e-06	2.1825e-06	0	2.50553	2.50553e+06	
24000	21.5183	14.0043	0	1.2306e-06	2.1825e-06	0	2.50553	2.50553e+06	
24100	21.8559	13.7962	0	2.71721e-06	-1.67534e-06	0	3.19218	3.19218e+06	
24200	22.1934	13.5881	0	2.71721e-06	-1.67534e-06	0	3.19218	3.19218e+06	
24300	22.5309	13.38	0	2.71721e-06	-1.67534e-06	0	3.19218	3.19218e+06	
24400	22.8685	13.1719	0	2.71721e-06	-1.67534e-06	0	3.19218	3.19218e+06	
24500	23.206	12.9638	0	2.71721e-06	-1.67534e-06	0	3.19218	3.19218e+06	
24600	23.606	13.2714	0	3.22e-06	2.47623e-06	0	4.06204	4.06204e+06	
24700	24.006	13.579	0	3.22e-06	2.47623e-06	0	4.06204	4.06204e+06	
24800	24.406	13.8866	0	3.22e-06	2.47623e-06	0	4.06204	4.06204e+06	
24900	24.806	14.1942	0	3.22e-06	2.47623e-06	0	4.06204	4.06204e+06	
25000	25.206	14.5018	0	3.22e-06	2.47623e-06	0	4.06204	4.06204e+06	
25100	25.606	14.7063	0	3.22e-06	1.64646e-06	0	3.61652	3.61652e+06	
25200	26.006	14.9109	0	3.22e-06	1.64646e-06	0	3.61652	3.61652e+06	
25300	26.406	15.1154	0	3.22e-06	1.64646e-06	0	3.61652	3.61652e+06	
25400	26.806	15.3199	0	3.22e-06	1.64646e-06	0	3.61652	3.61652e+06	
25500	27.206	15.5244	0	3.22e-06	1.64646e-06	0	3.61652	3.61652e+06	
25600	27.5308	15.5386	0	2.61437e-06	1.14261e-07	0	2.61687	2.61687e+06	
25700	27.8556	15.5528	0	2.61437e-06	1.14261e-07	0	2.61687	2.61687e+06	
25800	28.1803	15.567	0	2.61437e-06	1.14261e-07	0	2.61687	2.61687e+06	
25900	28.5051	15.5812	0	2.61437e-06	1.14261e-07	0	2.61687	2.61687e+06	
26000	28.8299	15.5954	0	2.61437e-06	1.14261e-07	0	2.61687	2.61687e+06	
26100	29.2299	15.5896	0	3.22e-06	-4.70347e-08	0	3.22034	3.22034e+06	
26200	29.6299	15.5837	0	3.22e-06	-4.70347e-08	0	3.22034	3.22034e+06	
26300	30.0299	15.5779	0	3.22e-06	-4.70347e-08	0	3.22034	3.22034e+06	
26400	30.4299	15.572	0	3.22e-06	-4.70347e-08	0	3.22034	3.22034e+06	
26500	30.8299	15.5662	0	3.22e-06	-4.70347e-08	0	3.22034	3.22034e+06	
26600	31.2299	15.8416	0	3.22e-06	2.21697e-06	0	3.9094	3.9094e+06	
26700	31.6299	16.117	0	3.22e-06	2.21697e-06	0	3.9094	3.9094e+06	
26800	32.0299	16.3924	0	3.22e-06	2.21697e-06	0	3.9094	3.9094e+06	
26900	32.4299	16.6678	0	3.22e-06	2.21697e-06	0	3.9094	3.9094e+06	
27000	32.8299	16.9432	0	3.22e-06	2.21697e-06	0	3.9094	3.9094e+06	
27100	33.2299	17.3432	0	3.22e-06	3.22e-06	0	4.55377	4.55377e+06	
27200	33.434	17.5624	0	3.22e-06	3.22e-06	0	4.55377	4.55377e+06	
27300	33.4154	17.5829	0	3.22e-06	3.22e-06	0	4.55377	4.55377e+06	
27400	33.3916	17.61	0	3.22e-06	3.22e-06	0	4.55377	4.55377e+06	
27500	33.3612	17.6458	0	3.22e-06	3.22e-06	0	4.55377	4.55377e+06	
27600	33.3229	17.6935	0	3.22e-06	3.22e-06	0	4.55377	4.55377e+06	
27700	33.275	17.7572	0	3.22e-06	3.22e-06	0	4.55377	4.55377e+06	
27800	33.2164	17.8426	0	3.22e-06	3.22e-06	0	4.55377	4.55377e+06	
27900	33.147	17.9563	0	3.22e-06	3.22e-06	0	4.55377	4.55377e+06	
28000	33.0847	18.0595	0	3.22e-06	3.22e-06	0	4.55377	4.55377e+06	
28100	33.0576	18.0838	0	2.58062e-06	3.22e-06	0	4.1265	4.1265e+06	
28200	33.0554	18.0856	0	2.58062e-06	3.22e-06	0	4.1265	4.1265e+06	
28300	33.0552	18.0857	0	2.58062e-06	3.22e-06	0	4.1265	4.1265e+06	
28400	33.0551	18.0858	0	2.58062e-06	3.22e-06	0	4.1265	4.1265e+06	
28500	33.0551	18.0858	0	2.58062e-06	3.22e-06	0	4.1265	4.1265e+06	
28600	32.9746	18.1143	0	3.32928e-07	1.74024e-06	0	1.7718	1.7718e+06	
28700	32.9118	18.1504	0	3.32928e-07	1.74024e-06	0	1.7718	1.7718e+06	
28800	32.8453	18.191	0	3.32928e-07	1.74024e-06	0	1.7718	1.7718e+06	
28900	32.7741	18.2381	0	3.32928e-07	1.74024e-06	0	1.7718	1.7718e+06	
29000	32.6981	18.293	0	3.32928e-07	1.74024e-06	0	1.7718	1.7718e+06	
29100	32.5478	18.4337	0	5.43699e-07	3.22e-06	0	3.26558	3.26558e+06	
29200	32.3799	18.6056	0	5.43699e-07	3.22e-06	0	3.26558	3.26558e+06	
29300	32.2108	18.826	0	5.43699e-07	3.22e-06	0	3.26558	3.26558e+06	
29400	32.0535	19.0753	0	5.43699e-07	3.22e-06	0	3.26558	3.26558e+06	
29500	31.9261	19.156	0	5.43699e-07	3.22e-06	0	3.26558	3.26558e+06	
29600	31.8121	19.2277	0	7.33406e-07	3.22e-06	0	3.30247	3.30247e+06	
29700	31.6817	19.3216	0	7.33406e-07	3.22e-06	0	3.30247	3.30247e+06	
29800	31.5362	19.4456	0	7.33406e-07	3.22e-06	0	3.30247	3.30247e+06	
29900	31.3795	19.6076	0	7.33406e-07	3.22e-06	0	3.30247	3.30247e+06	
30000	31.2197	19.8147	0	7.33406e-07	3.22e-06	0	3.30247	3.30247e+06	
30100	30.9393	19.8678	0	-2.10506e-06	3.22e-06	0	3.84703	3.84703e+06	
30200	30.6425	19.8949	0	-2.10506e-06	3.22e-06	0	3.84703	3.84703e+06	
30300	30.3018	19.9785	0	-2.10506e-06	3.22e-06	0	3.84703	3.84703e+06	
30400	29.9338	20.1395	0	-2.10506e-06	3.22e-06	0	3.84703	3.84703e+06	
30500	29.5677	20.391	0	-2.10506e-06	3.22e-06	0	3.84703	3.84703e+06	
30600	29.4961	20.49	0	1.70524e-06	3.22e-06	0	3.64366	3.64366e+06	
30700	29.3957	20.5964	0	1.70524e-06	3.22e-06	0	3.64366	3.64366e+06	
30800	29.2835	20.7349	0	1.70524e-06	3.22e-06	0	3.64366	3.64366e+06	
30900	29.1636	20.9142	0	1.70524e-06	3.22e-06	0	3.64366	3.64366e+06	
31000	29.0444	21.1433	0	1.70524e-06	3.22e-06	0	3.64366	3.64366e+06	
31100	28.9561	21.3908	0	2.40321e-06	3.14446e-06	0	3.95766	3.95766e+06	
31200	28.8861	21.6991	0	2.40321e-06	3.14446e-06	0	3.95766	3.95766e+06	
31300	28.862	22.0703	0	2.40321e-06	3.14446e-06	0	3.95766	3.95766e+06	
31400	28.9043	22.4869	0	2.40321e-06	3.14446e-06	0	3.95766	3.95766e+06	
31500	28.8695	22.8395	0	2.40321e-06	3.14446e-06	0	3.95766	3.95766e+06	
31600	28.8309	23.2384	0	3.80995e-07	3.22e-06	0	3.24246	3.24246e+06	
31700	28.8634	23.6409	0	3.80995e-07	3.22e-06	0	3.24246	3.24246e+06	
31800	28.9101	24.0411	0	3.80995e-07	3.22e-06	0	3.24246	3.24246e+06	
31900	28.9574	24.4411	0	3.80995e-07	3.22e-06	0	3.24246	3.24246e+06	
32000	29.0047	24.8411	0	3.80995e-07	3.22e-06	0	3.24246	3.24246e+06	
32100	29.0008	24.7505	0	-3.1848e-08	-7.29766e-07	0	0.730461	730461	
32200	28.9968	24.6598	0	-3.1848e-08	-7.29766e-07	0	0.730461	730461	
32300	28.9929	24.5692	0	-3.1848e-08	-7.29766e-07	0	0.730461	730461	
32400	28.9889	24.4785	0	-3.1848e-08	-7.29766e-07	0	0.730461	730461	
32500	28.9849	24.3879	0	-3.1848e-08	-7.29766e-07	0	0.730461	730461	
32600	28.8027	24.7879	0	-1.46684e-06	3.22e-06	0	3.53836	3.53836e+06	
32700	28.6205	25.1879	0	-1.46684e-06	3.22e-06	0	3.53836	3.53836e+06	
32800	28.4383	25.5879	0	-1.46684e-06	3.22e-06	0	3.53836	3.53836e+06	
32900	28.2561	25.9879	0	-1.46684e-06	3.22e-06	0	3.53836	3.53836e+06	
33000	28.0739	26.3879	0	-1.46684e-06	3.22e-06	0	3.53836	3.53836e+06	
33100	28.0276	26.7879	0	-3.7263e-07	3.22e-06	0	3.24149	3.24149e+06	
33200	27.9813	27.1879	0	-3.7263e-07	3.22e-06	0	3.24149	3.24149e+06	
33300	27.935	27.5879	0	-3.7263e-07	3.22e-06	0	3.24149	3.24149e+06	
33400	27.8887	27.9879	0	-3.7263e-07	3.22e-06	0	3.24149	3.24149e+06	
33500	27.8424	28.3879	0	-3.7263e-07	3.22e-06	0	3.24149	3.24149e+06	
33600	27.7437	28.7879	0	-7.95083e-07	3.22e-06	0	3.31671	3.31671e+06	
33700	27.6449	29.1879	0	-7.95083e-07	3.22e-06	0	3.31671	3.31671e+06	
33800	27.5461	29.5879	0	-7.95083e-07	3.22e-06	0	3.31671	3.31671e+06	
33900	27.4473	29.9879	0	-7.95083e-07	3.22e-06	0	3.31671	3.31671e+06	
34000	27.3486	30.3879	0	-7.95083e-07	3.22e-06	0	3.31671	3.31671e+06	
34100	27.2484	30.7879	0	-8.06687e-07	3.22e-06	0	3.31951	3.31951e+06	
34200	27.1482	31.1879	0	-8.06687e-07	3.22e-06	0	3.31951	3.31951e+06	
34300	27.048	31.5879	0	-8.06687e-07	3.22e-06	0	3.31951	3.31951e+06	
34400	26.9477	31.9879	0	-8.06687e-07	3.22e-06	0	3.31951	3.31951e+06	
34500	26.8475	32.3879	0	-8.06687e-07	3.22e-06	0	3.31951	3.31951e+06	
34600	26.9556	32.2344	0	8.70184e-07	-1.23568e-06	0	1.51133	1.51133e+06	
34700	27.0637	32.0809	0	8.70184e-07	-1.23568e-06	0	1.51133	1.51133e+06	
34800	27.1718	31.9274	0	8.70184e-07	-1.23568e-06	0	1.51133	1.51133e+06	
34900	27.2799	31.7739	0	8.70184e-07	-1.23568e-06	0	1.51133	1.51133e+06	
35000	27.388	31.6204	0	8.70184e-07	-1.23568e-06	0	1.51133	1.51133e+06	
35100	27.5354	31.4603	0	1.18674e-06	-1.28861e-06	0	1.75182	1.75182e+06	
35200	27.6829	31.3002	0	1.18674e-06	-1.28861e-06	0	1.75182	1.75182e+06	
35300	27.8303	31.1401	0	1.18674e-06	-1.28861e-06	0	1.75182	1.75182e+06	
35400	27.9777	30.9801	0	1.18674e-06	-1.28861e-06	0	1.75182	1.75182e+06	
35500	28.1251	30.82	0	1.18674e-06	-1.28861e-06	0	1.75182	1.75182e+06	
35600	27.7799	31.1385	0	-2.77931e-06	2.56413e-06	0	3.78144	3.78144e+06	
35700	27.4346	31.457	0	-2.77931e-06	2.56413e-06	0	3.78144	3.78144e+06	
35800	27.0894	31.7756	0	-2.77931e-06	2.56413e-06	0	3.78144	3.78144e+06	
35900	26.7441	32.0941	0	-2.77931e-06	2.56413e-06	0	3.78144	3.78144e+06	
36000	26.3988	32.4126	0	-2.77931e-06	2.56413e-06	0	3.78144	3.78144e+06	
36100	26.5229	32.6165	0	9.99006e-07	1.64133e-06	0	1.92145	1.92145e+06	
36200	26.647	32.8204	0	9.99006e-07	1.64133e-06	0	1.92145	1.92145e+06	
36300	26.7711	33.0243	0	9.99006e-07	1.64133e-06	0	1.92145	1.92145e+06	
36400	26.8952	33.2282	0	9.99006e-07	1.64133e-06	0	1.92145	1.92145e+06	
36500	27.0193	33.4321	0	9.99006e-07	1.64133e-06	0	1.92145	1.92145e+06	
36600	27.0727	33.5093	0	4.29557e-07	6.22031e-07	0	0.755938	755938	
36700	27.1261	33.5866	0	4.29557e-07	6.22031e-07	0	0.755938	755938	
36800	27.1794	33.6639	0	4.29557e-07	6.22031e-07	0	0.755938	755938	
36900	27.2328	33.7412	0	4.29557e-07	6.22031e-07	0	0.755938	755938	
37000	27.2862	33.8184	0	4.29557e-07	6.22031e-07	0	0.755938	755938	
37100	27.6862	33.769	0	3.22e-06	-3.97595e-07	0	3.24445	3.24445e+06	
37200	28.0862	33.7197	0	3.22e-06	-3.97595e-07	0	3.24445	3.24445e+06	
37300	28.4862	33.6703	0	3.22e-06	-3.97595e-07	0	3.24445	3.24445e+06	
37400	28.8862	33.6209	0	3.22e-06	-3.97595e-07	0	3.24445	3.24445e+06	
37500	29.2862	33.5715	0	3.22e-06	-3.97595e-07	0	3.24445	3.24445e+06	
37600	29.6862	33.6224	0	3.22e-06	4.09564e-07	0	3.24594	3.24594e+06	
37700	30.0862	33.6732	0	3.22e-06	4.09564e-07	0	3.24594	3.24594e+06	
37800	30.4862	33.7241	0	3.22e-06	4.09564e-07	0	3.24594	3.24594e+06	
37900	30.8862	33.775	0	3.22e-06	4.09564e-07	0	3.24594	3.24594e+06	
38000	31.2862	33.8259	0	3.22e-06	4.09564e-07	0	3.24594	3.24594e+06	
38100	31.5715	34.1277	0	2.2974e-06	2.42991e-06	0	3.34403	3.34403e+06	
38200	31.8569	34.4296	0	2.2974e-06	2.42991e-06	0	3.34403	3.34403e+06	
38300	32.1423	34.7314	0	2.2974e-06	2.42991e-06	0	3.34403	3.34403e+06	
38400	32.4277	35.0333	0	2.2974e-06	2.42991e-06	0	3.34403	3.34403e+06	
38500	32.7131	35.3351	0	2.2974e-06	2.42991e-06	0	3.34403	3.34403e+06	
38600	32.6212	35.404	0	-7.4018e-07	5.5475e-07	0	0.924994	924994	
38700	32.5292	35.473	0	-7.4018e-07	5.5475e-07	0	0.924994	924994	
38800	32.4373	35.5419	0	-7.4018e-07	5.5475e-07	0	0.924994	924994	
38900	32.3453	35.6108	0	-7.4018e-07	5.5475e-07	0	0.924994	924994	
39000	32.2534	35.6797	0	-7.4018e-07	5.5475e-07	0	0.924994	924994	
39100	32.4049	35.8683	0	1.21981e-06	1.51834e-06	0	1.94764	1.94764e+06	
39200	32.5564	36.0569	0	1.21981e-06	1.51834e-06	0	1.94764	1.94764e+06	
39300	32.708	36.2455	0	1.21981e-06	1.51834e-06	0	1.94764	1.94764e+06	
39400	32.8595	36.4342	0	1.21981e-06	1.51834e-06	0	1.94764	1.94764e+06	
39500	33.011	36.6228	0	1.21981e-06	1.51834e-06	0	1.94764	1.94764e+06	
39600	33.2946	36.9999	0	2.28276e-06	3.03568e-06	0	3.7982	3.7982e+06	
39700	33.5782	37.377	0	2.28276e-06	3.03568e-06	0	3.7982	3.7982e+06	
39800	33.8617	37.7541	0	2.28276e-06	3.03568e-06	0	3.7982	3.7982e+06	
39900	34.1453	38.1312	0	2.28276e-06	3.03568e-06	0	3.7982	3.7982e+06	
40000	34.4289	38.5083	0	2.28276e-06	3.03568e-06	0	3.7982	3.7982e+06	
40100	34.4973	38.9083	0	5.51033e-07	3.22e-06	0	3.26681	3.26681e+06	
40200	34.5658	39.3083	0	5.51033e-07	3.22e-06	0	3.26681	3.26681e+06	
40300	34.6342	39.7083	0	5.51033e-07	3.22e-06	0	3.26681	3.26681e+06	
40400	34.7027	40.1083	0	5.51033e-07	3.22e-06	0	3.26681	3.26681e+06	
40500	34.7711	40.5083	0	5.51033e-07	3.22e-06	0	3.26681	3.26681e+06	
40600	35.1711	40.6663	0	3.22e-06	1.27219e-06	0	3.46221	3.46221e+06	
40700	35.5711	40.8244	0	3.22e-06	1.27219e-06	0	3.46221	3.46221e+06	
40800	35.9711	40.9824	0	3.22e-06	1.27219e-06	0	3.46221	3.46221e+06	
40900	36.3711	41.1404	0	3.22e-06	1.27219e-06	0	3.46221	3.46221e+06	
41000	36.7711	41.2985	0	3.22e-06	1.27219e-06	0	3.46221	3.46221e+06	
41100	37.1008	41.6985	0	2.65375e-06	3.22e-06	0	4.17263	4.17263e+06	
41200	37.4305	42.0985	0	2.65375e-06	3.22e-06	0	4.17263	4.17263e+06	
41300	37.7601	42.4985	0	2.65375e-06	3.22e-06	0	4.17263	4.17263e+06	
41400	38.0898	42.8985	0	2.65375e-06	3.22e-06	0	4.17263	4.17263e+06	
41500	38.4194	43.2985	0	2.65375e-06	3.22e-06	0	4.17263	4.17263e+06	
41600	38.6311	43.5837	0	1.70377e-06	2.29622e-06	0	2.85928	2.85928e+06	
41700	38.8427	43.869	0	1.70377e-06	2.29622e-06	0	2.85928	2.85928e+06	
41800	39.0544	44.1542	0	1.70377e-06	2.29622e-06	0	2.85928	2.85928e+06	
41900	39.266	44.4394	0	1.70377e-06	2.29622e-06	0	2.85928	2.85928e+06	
42000	39.4777	44.7247	0	1.70377e-06	2.29622e-06	0	2.85928	2.85928e+06	
42100	39.7006	45.0027	0	1.79441e-06	2.23802e-06	0	2.86856	2.86856e+06	
42200	39.9235	45.2807	0	1.79441e-06	2.23802e-06	0	2.86856	2.86856e+06	
42300	40.1464	45.5587	0	1.79441e-06	2.23802e-06	0	2.86856	2.86856e+06	
42400	40.3693	45.8368	0	1.79441e-06	2.23802e-06	0	2.86856	2.86856e+06	
42500	40.5922	46.1148	0	1.79441e-06	2.23802e-06	0	2.86856	2.86856e+06	
42600	40.5865	46.0341	0	-4.59956e-08	-6.49584e-07	0	0.65121	651210	
42700	40.5808	45.9534	0	-4.59956e-08	-6.49584e-07	0	0.65121	651210	
42800	40.5751	45.8727	0	-4.59956e-08	-6.49584e-07	0	0.65121	651210	
42900	40.5694	45.792	0	-4.59956e-08	-6.49584e-07	0	0.65121	651210	
43000	40.5636	45.7113	0	-4.59956e-08	-6.49584e-07	0	0.65121	651210	
43100	40.7328	45.3458	0	1.36143e-06	-2.94195e-06	0	3.24169	3.24169e+06	
43200	40.9019	44.9804	0	1.36143e-06	-2.94195e-06	0	3.24169	3.24169e+06	
43300	41.071	44.6149	0	1.36143e-06	-2.94195e-06	0	3.24169	3.24169e+06	
43400	41.2401	44.2495	0	1.36143e-06	-2.94195e-06	0	3.24169	3.24169e+06	
43500	41.4093	43.884	0	1.36143e-06	-2.94195e-06	0	3.24169	3.24169e+06	
