0	33	37	0	-3.22e-06	2.63175e-06	0	4.15866	4.15866e+06	
100	32.6	37.4	0	-3.22e-06	3.22e-06	0	4.55377	4.55377e+06	
200	32.2	37.8	0	-3.22e-06	3.22e-06	0	4.55377	4.55377e+06	
300	31.8	38.2	0	-3.22e-06	3.22e-06	0	4.55377	4.55377e+06	
400	31.4	38.6	0	-3.22e-06	3.22e-06	0	4.55377	4.55377e+06	
500	31	39	0	-3.22e-06	3.22e-06	0	4.55377	4.55377e+06	
600	30.6	39.4	0	-3.22e-06	3.22e-06	0	4.55377	4.55377e+06	
700	30.2	39.8	0	-3.22e-06	3.22e-06	0	4.55377	4.55377e+06	
800	29.8	40.2	0	-3.22e-06	3.22e-06	0	4.55377	4.55377e+06	
900	29.4	40.6	0	-3.22e-06	3.22e-06	0	4.55377	4.55377e+06	
1000	29.1325	40.9954	0	-3.22e-06	3.22e-06	0	4.55377	4.55377e+06	
1100	29.0962	41.4268	0	-3.22e-06	3.22e-06	0	4.55377	4.55377e+06	
1200	29.1201	41.7866	0	-3.22e-06	3.22e-06	0	4.55377	4.55377e+06	
1300	29.1267	42.1808	0	-3.22e-06	3.22e-06	0	4.55377	4.55377e+06	
1400	29.094	42.5991	0	-3.22e-06	3.22e-06	0	4.55377	4.55377e+06	
1500	29.1317	42.9533	0	-3.22e-06	3.22e-06	0	4.55377	4.55377e+06	
1600	29.1292	43.1316	0	-3.22e-06	1.37841e-06	0	3.50263	3.50263e+06	
1700	29.1069	43.3435	0	-3.22e-06	1.37841e-06	0	3.50263	3.50263e+06	
1800	29.0883	43.5402	0	-3.22e-06	1.37841e-06	0	3.50263	3.50263e+06	
1900	29.1039	43.6536	0	-3.22e-06	1.37841e-06	0	3.50263	3.50263e+06	
2000	29.1195	43.7697	0	-3.22e-06	1.37841e-06	0	3.50263	3.50263e+06	
2100	29.1135	43.7115	0	-3.22e-06	-8.77635e-08	0	3.2212	3.2212e+06	
2200	29.1038	43.6443	0	-3.22e-06	-8.77635e-08	0	3.2212	3.2212e+06	
2300	29.0933	43.5754	0	-3.22e-06	-8.77635e-08	0	3.2212	3.2212e+06	
2400	29.0879	43.5261	0	-3.22e-06	-8.77635e-08	0	3.2212	3.2212e+06	
2500	29.087	43.5032	0	-3.22e-06	-8.77635e-08	0	3.2212	3.2212e+06	
2600	29.1154	43.7411	0	-3.22e-06	2.35193e-06	0	3.98748	3.98748e+06	
2700	29.1327	44.0073	0	-3.22e-06	2.35193e-06	0	3.98748	3.98748e+06	
2800	29.1102	44.3271	0	-3.22e-06	2.35193e-06	0	3.98748	3.98748e+06	
2900	29.0977	44.6192	0	-3.22e-06	2.35193e-06	0	3.98748	3.98748e+06	
3000	29.1272	44.8596	0	-3.22e-06	2.35193e-06	0	3.98748	3.98748e+06	
3100	29.1086	44.6688	0	-3.22e-06	-1.20666e-06	0	3.43867	3.43867e+06	
3200	29.0872	44.4828	0	-3.22e-06	-1.20666e-06	0	3.43867	3.43867e+06	
3300	29.0985	44.382	0	-3.22e-06	-1.20666e-06	0	3.43867	3.43867e+06	
3400	29.1118	44.2934	0	-3.22e-06	-1.20666e-06	0	3.43867	3.43867e+06	
3500	29.1237	44.1903	0	-3.22e-06	-1.20666e-06	0	3.43867	3.43867e+06	
3600	29.1149	44.28	0	-3.22e-06	3.7912e-07	0	3.24224	3.24224e+06	
3700	29.0999	44.3831	0	-3.22e-06	3.7912e-07	0	3.24224	3.24224e+06	
3800	29.0879	44.4755	0	-3.22e-06	3.7912e-07	0	3.24224	3.24224e+06	
3900	29.0874	44.5211	0	-3.22e-06	3.7912e-07	0	3.24224	3.24224e+06	
4000	29.0888	44.5401	0	-3.22e-06	3.7912e-07	0	3.24224	3.24224e+06	
4100	29.1168	44.732	0	-2.85491e-06	1.97212e-06	0	3.46984	3.46984e+06	
4200	29.1341	44.9483	0	-2.85491e-06	1.97212e-06	0	3.46984	3.46984e+06	
4300	29.1267	45.2047	0	-2.85491e-06	1.97212e-06	0	3.46984	3.46984e+06	
4400	29.0905	45.4887	0	-2.85491e-06	1.97212e-06	0	3.46984	3.46984e+06	
4500	29.111	45.6895	0	-2.85491e-06	1.97212e-06	0	3.46984	3.46984e+06	
4600	29.192	45.7336	0	2.48713e-07	4.10135e-07	0	0.479655	479655	
4700	29.2276	45.784	0	2.48713e-07	4.10135e-07	0	0.479655	479655	
4800	29.2596	45.8349	0	2.48713e-07	4.10135e-07	0	0.479655	479655	
4900	29.2908	45.8858	0	2.48713e-07	4.10135e-07	0	0.479655	479655	
5000	29.3218	45.9367	0	2.48713e-07	4.10135e-07	0	0.479655	479655	
5100	29.3314	45.8287	0	7.72185e-08	-8.69696e-07	0	0.873117	873117	
5200	29.341	45.7207	0	7.72185e-08	-8.69696e-07	0	0.873117	873117	
5300	29.3506	45.6126	0	7.72185e-08	-8.69696e-07	0	0.873117	873117	
5400	29.3602	45.5046	0	7.72185e-08	-8.69696e-07	0	0.873117	873117	
5500	29.3698	45.3965	0	7.72185e-08	-8.69696e-07	0	0.873117	873117	
5600	29.2355	45.2156	0	-1.08234e-06	-1.45685e-06	0	1.81491	1.81491e+06	
5700	29.1548	45.0367	0	-1.08234e-06	-1.45685e-06	0	1.81491	1.81491e+06	
5800	29.1511	44.8525	0	-1.08234e-06	-1.45685e-06	0	1.81491	1.81491e+06	
5900	29.1322	44.6589	0	-1.08234e-06	-1.45685e-06	0	1.81491	1.81491e+06	
6000	29.1103	44.4688	0	-1.08234e-06	-1.45685e-06	0	1.81491	1.81491e+06	
6100	29.1135	44.4598	0	-9.62995e-07	-1.4723e-07	0	0.974185	974185	
6200	29.1142	44.4524	0	-9.62995e-07	-1.4723e-07	0	0.974185	974185	
6300	29.1148	44.4463	0	-9.62995e-07	-1.4723e-07	0	0.974185	974185	
6400	29.1154	44.4411	0	-9.62995e-07	-1.4723e-07	0	0.974185	974185	
6500	29.1159	44.4367	0	-9.62995e-07	-1.4723e-07	0	0.974185	974185	
6600	29.0992	44.4346	0	-2.21201e-06	-2.70214e-07	0	2.22845	2.22845e+06	
6700	29.0992	44.4346	0	-2.21201e-06	-2.70214e-07	0	2.22845	2.22845e+06	
6800	29.0992	44.4346	0	-2.21201e-06	-2.70214e-07	0	2.22845	2.22845e+06	
6900	29.0992	44.4346	0	-2.21201e-06	-2.70214e-07	0	2.22845	2.22845e+06	
7000	29.0992	44.4346	0	-2.21201e-06	-2.70214e-07	0	2.22845	2.22845e+06	
7100	29.1227	44.2295	0	-2.65341e-06	-2.04533e-06	0	3.35022	3.35022e+06	
7200	29.1365	43.9943	0	-2.65341e-06	-2.04533e-06	0	3.35022	3.35022e+06	
7300	29.1205	43.7204	0	-2.65341e-06	-2.04533e-06	0	3.35022	3.35022e+06	
7400	29.0931	43.4445	0	-2.65341e-06	-2.04533e-06	0	3.35022	3.35022e+06	
7500	29.1215	43.2402	0	-2.65341e-06	-2.04533e-06	0	3.35022	3.35022e+06	
7600	29.1323	43.0304	0	-3.22e-06	-1.90523e-06	0	3.74143	3.74143e+06	
7700	29.1224	42.7773	0	-3.22e-06	-1.90523e-06	0	3.74143	3.74143e+06	
7800	29.0873	42.4978	0	-3.22e-06	-1.90523e-06	0	3.74143	3.74143e+06	
7900	29.1083	42.3137	0	-3.22e-06	-1.90523e-06	0	3.74143	3.74143e+06	
8000	29.1287	42.1204	0	-3.22e-06	-1.90523e-06	0	3.74143	3.74143e+06	
8100	29.1326	42.0162	0	-3.22e-06	-9.46308e-07	0	3.35617	3.35617e+06	
8200	29.1302	41.8904	0	-3.22e-06	-9.46308e-07	0	3.35617	3.35617e+06	
8300	29.1177	41.74	0	-3.22e-06	-9.46308e-07	0	3.35617	3.35617e+06	
8400	29.0932	41.5689	0	-3.22e-06	-9.46308e-07	0	3.35617	3.35617e+06	
8500	29.0893	41.4507	0	-3.22e-06	-9.46308e-07	0	3.35617	3.35617e+06	
8600	29.0931	41.5467	0	-2.63901e-06	7.95592e-07	0	2.75633	2.75633e+06	
8700	29.1003	41.602	0	-2.63901e-06	7.95592e-07	0	2.75633	2.75633e+06	
8800	29.1077	41.6496	0	-2.63901e-06	7.95592e-07	0	2.75633	2.75633e+06	
8900	29.115	41.6996	0	-2.63901e-06	7.95592e-07	0	2.75633	2.75633e+06	
9000	29.1223	41.7562	0	-2.63901e-06	7.95592e-07	0	2.75633	2.75633e+06	
9100	29.1434	41.7538	0	-9.2897e-07	1.05506e-07	0	0.934942	934942	
9200	29.1434	41.7538	0	-9.2897e-07	1.05506e-07	0	0.934942	934942	
9300	29.1434	41.7538	0	-9.2897e-07	1.05506e-07	0	0.934942	934942	
9400	29.1434	41.7538	0	-9.2897e-07	1.05506e-07	0	0.934942	934942	
9500	29.1434	41.7538	0	-9.2897e-07	1.05506e-07	0	0.934942	934942	
9600	29.1074	41.6666	0	-3.22e-06	-3.13699e-07	0	3.23524	3.23524e+06	
9700	29.0928	41.5704	0	-3.22e-06	-3.13699e-07	0	3.23524	3.23524e+06	
9800	29.087	41.5041	0	-3.22e-06	-3.13699e-07	0	3.23524	3.23524e+06	
9900	29.0876	41.4761	0	-3.22e-06	-3.13699e-07	0	3.23524	3.23524e+06	
10000	29.0884	41.4642	0	-3.22e-06	-3.13699e-07	0	3.23524	3.23524e+06	
10100	29.0901	41.5482	0	-3.0992e-06	7.55432e-07	0	3.18994	3.18994e+06	
10200	29.0957	41.5923	0	-3.0992e-06	7.55432e-07	0	3.18994	3.18994e+06	
10300	29.1011	41.6271	0	-3.0992e-06	7.55432e-07	0	3.18994	3.18994e+06	
10400	29.1064	41.6613	0	-3.0992e-06	7.55432e-07	0	3.18994	3.18994e+06	
10500	29.1118	41.6987	0	-3.0992e-06	7.55432e-07	0	3.18994	3.18994e+06	
10600	29.1069	41.5048	0	-1.31378e-06	-1.40465e-06	0	1.92329	1.92329e+06	
10700	29.1197	41.3501	0	-1.31378e-06	-1.40465e-06	0	1.92329	1.92329e+06	
10800	29.1396	41.1986	0	-1.31378e-06	-1.40465e-06	0	1.92329	1.92329e+06	
10900	29.1499	41.0337	0	-1.31378e-06	-1.40465e-06	0	1.92329	1.92329e+06	
11000	29.1471	40.8553	0	-1.31378e-06	-1.40465e-06	0	1.92329	1.92329e+06	
11100	29.1421	41.2581	0	-1.22586e-06	3.22e-06	0	3.44545	3.44545e+06	
11200	29.1189	41.657	0	-1.22586e-06	3.22e-06	0	3.44545	3.44545e+06	
11300	29.1515	42.043	0	-1.22586e-06	3.22e-06	0	3.44545	3.44545e+06	
11400	29.1182	42.4543	0	-1.22586e-06	3.22e-06	0	3.44545	3.44545e+06	
11500	29.1414	42.8355	0	-1.22586e-06	3.22e-06	0	3.44545	3.44545e+06	
11600	29.1515	43.0668	0	-1.2288e-06	1.89609e-06	0	2.25945	2.25945e+06	
11700	29.1338	43.3138	0	-1.2288e-06	1.89609e-06	0	2.25945	2.25945e+06	
11800	29.1086	43.5573	0	-1.2288e-06	1.89609e-06	0	2.25945	2.25945e+06	
11900	29.1363	43.7682	0	-1.2288e-06	1.89609e-06	0	2.25945	2.25945e+06	
12000	29.1515	43.9941	0	-1.2288e-06	1.89609e-06	0	2.25945	2.25945e+06	
12100	29.265	44.0003	0	7.52064e-07	5.06054e-08	0	0.753765	753765	
12200	29.3585	44.0066	0	7.52064e-07	5.06054e-08	0	0.753765	753765	
12300	29.4519	44.0129	0	7.52064e-07	5.06054e-08	0	0.753765	753765	
12400	29.5454	44.0192	0	7.52064e-07	5.06054e-08	0	0.753765	753765	
12500	29.6388	44.0254	0	7.52064e-07	5.06054e-08	0	0.753765	753765	
12600	29.3603	44.0456	0	-2.24191e-06	1.62657e-07	0	2.2478	2.2478e+06	
12700	29.1399	44.0676	0	-2.24191e-06	1.62657e-07	0	2.2478	2.2478e+06	
12800	29.1378	44.0984	0	-2.24191e-06	1.62657e-07	0	2.2478	2.2478e+06	
12900	29.1359	44.1336	0	-2.24191e-06	1.62657e-07	0	2.2478	2.2478e+06	
13000	29.1331	44.1735	0	-2.24191e-06	1.62657e-07	0	2.2478	2.2478e+06	
13100	29.1458	44.0821	0	-1.51326e-06	-8.34057e-07	0	1.72789	1.72789e+06	
13200	29.1478	43.9814	0	-1.51326e-06	-8.34057e-07	0	1.72789	1.72789e+06	
13300	29.1446	43.8716	0	-1.51326e-06	-8.34057e-07	0	1.72789	1.72789e+06	
13400	29.135	43.7526	0	-1.51326e-06	-8.34057e-07	0	1.72789	1.72789e+06	
13500	29.118	43.6254	0	-1.51326e-06	-8.34057e-07	0	1.72789	1.72789e+06	
13600	29.0971	43.4508	0	-2.15315e-06	-1.31966e-06	0	2.52538	2.52538e+06	
13700	29.1144	43.3275	0	-2.15315e-06	-1.31966e-06	0	2.52538	2.52538e+06	
13800	29.1306	43.1981	0	-2.15315e-06	-1.31966e-06	0	2.52538	2.52538e+06	
13900	29.1398	43.0506	0	-2.15315e-06	-1.31966e-06	0	2.52538	2.52538e+06	
14000	29.1382	42.883	0	-2.15315e-06	-1.31966e-06	0	2.52538	2.52538e+06	
14100	29.1166	42.7305	0	-3.22e-06	-9.55163e-07	0	3.35868	3.35868e+06	
14200	29.0918	42.5585	0	-3.22e-06	-9.55163e-07	0	3.35868	3.35868e+06	
14300	29.0899	42.4452	0	-3.22e-06	-9.55163e-07	0	3.35868	3.35868e+06	
14400	29.0985	42.3833	0	-3.22e-06	-9.55163e-07	0	3.35868	3.35868e+06	
14500	29.1072	42.3268	0	-3.22e-06	-9.55163e-07	0	3.35868	3.35868e+06	
14600	29.1325	41.9571	0	-3.22e-06	-3.22e-06	0	4.55377	4.55377e+06	
14700	29.0897	41.5222	0	-3.22e-06	-3.22e-06	0	4.55377	4.55377e+06	
14800	29.1243	41.171	0	-3.22e-06	-3.22e-06	0	4.55377	4.55377e+06	
14900	29.1223	40.768	0	-3.22e-06	-3.22e-06	0	4.55377	4.55377e+06	
15000	29.0251	40.3033	0	-3.22e-06	-3.22e-06	0	4.55377	4.55377e+06	
15100	28.9022	40.0107	0	-2.83442e-06	-1.57243e-06	0	3.24137	3.24137e+06	
15200	28.7197	39.7101	0	-2.83442e-06	-1.57243e-06	0	3.24137	3.24137e+06	
15300	28.4729	39.4217	0	-2.83442e-06	-1.57243e-06	0	3.24137	3.24137e+06	
15400	28.1692	39.1656	0	-2.83442e-06	-1.57243e-06	0	3.24137	3.24137e+06	
15500	27.829	38.9486	0	-2.83442e-06	-1.57243e-06	0	3.24137	3.24137e+06	
15600	27.8339	38.9198	0	2.76371e-08	-2.02736e-07	0	0.204611	204611	
15700	27.8377	38.8937	0	2.76371e-08	-2.02736e-07	0	0.204611	204611	
15800	27.8412	38.8683	0	2.76371e-08	-2.02736e-07	0	0.204611	204611	
15900	27.8447	38.843	0	2.76371e-08	-2.02736e-07	0	0.204611	204611	
16000	27.8481	38.8178	0	2.76371e-08	-2.02736e-07	0	0.204611	204611	
16100	27.7361	38.7451	0	-9.0152e-07	-5.85366e-07	0	1.07489	1.07489e+06	
16200	27.6241	38.6724	0	-9.0152e-07	-5.85366e-07	0	1.07489	1.07489e+06	
16300	27.5121	38.5996	0	-9.0152e-07	-5.85366e-07	0	1.07489	1.07489e+06	
16400	27.4002	38.5269	0	-9.0152e-07	-5.85366e-07	0	1.07489	1.07489e+06	
16500	27.2882	38.4542	0	-9.0152e-07	-5.85366e-07	0	1.07489	1.07489e+06	
16600	26.8882	38.0542	0	-3.22e-06	-3.22e-06	0	4.55377	4.55377e+06	
16700	26.4882	37.6542	0	-3.22e-06	-3.22e-06	0	4.55377	4.55377e+06	
16800	26.0882	37.2542	0	-3.22e-06	-3.22e-06	0	4.55377	4.55377e+06	
16900	25.6882	36.8542	0	-3.22e-06	-3.22e-06	0	4.55377	4.55377e+06	
17000	25.2882	36.4542	0	-3.22e-06	-3.22e-06	0	4.55377	4.55377e+06	
17100	24.9408	36.0542	0	-2.79612e-06	-3.22e-06	0	4.26458	4.26458e+06	
17200	24.5935	35.6542	0	-2.79612e-06	-3.22e-06	0	4.26458	4.26458e+06	
17300	24.2461	35.2542	0	-2.79612e-06	-3.22e-06	0	4.26458	4.26458e+06	
17400	23.8988	34.8542	0	-2.79612e-06	-3.22e-06	0	4.26458	4.26458e+06	
17500	23.5514	34.4542	0	-2.79612e-06	-3.22e-06	0	4.26458	4.26458e+06	
17600	23.4756	34.0542	0	-6.10708e-07	-3.22e-06	0	3.2774	3.2774e+06	
17700	23.3997	33.6542	0	-6.10708e-07	-3.22e-06	0	3.2774	3.2774e+06	
17800	23.3239	33.2542	0	-6.10708e-07	-3.22e-06	0	3.2774	3.2774e+06	
17900	23.248	32.8542	0	-6.10708e-07	-3.22e-06	0	3.2774	3.2774e+06	
18000	23.1721	32.4542	0	-6.10708e-07	-3.22e-06	0	3.2774	3.2774e+06	
18100	22.7721	32.0542	0	-3.22e-06	-3.22e-06	0	4.55377	4.55377e+06	
18200	22.3721	31.6542	0	-3.22e-06	-3.22e-06	0	4.55377	4.55377e+06	
18300	21.9721	31.2542	0	-3.22e-06	-3.22e-06	0	4.55377	4.55377e+06	
18400	21.5721	30.8542	0	-3.22e-06	-3.22e-06	0	4.55377	4.55377e+06	
18500	21.1721	30.4542	0	-3.22e-06	-3.22e-06	0	4.55377	4.55377e+06	
18600	20.782	30.0542	0	-3.14086e-06	-3.22e-06	0	4.49816	4.49816e+06	
18700	20.3918	29.6542	0	-3.14086e-06	-3.22e-06	0	4.49816	4.49816e+06	
18800	20.0016	29.2542	0	-3.14086e-06	-3.22e-06	0	4.49816	4.49816e+06	
18900	19.8756	29.0031	0	-3.14086e-06	-3.22e-06	0	4.49816	4.49816e+06	
19000	19.9587	28.8309	0	-3.14086e-06	-3.22e-06	0	4.49816	4.49816e+06	
19100	20.0607	28.558	0	-2.09464e-06	-3.22e-06	0	3.84134	3.84134e+06	
19200	20.1269	28.2204	0	-2.09464e-06	-3.22e-06	0	3.84134	3.84134e+06	
19300	20.1364	27.8251	0	-2.09464e-06	-3.22e-06	0	3.84134	3.84134e+06	
19400	20.1004	27.4121	0	-2.09464e-06	-3.22e-06	0	3.84134	3.84134e+06	
19500	20.1399	27.0435	0	-2.09464e-06	-3.22e-06	0	3.84134	3.84134e+06	
19600	20.119	26.7422	0	-3.22e-06	-2.28092e-06	0	3.94601	3.94601e+06	
19700	20.0903	26.4343	0	-3.22e-06	-2.28092e-06	0	3.94601	3.94601e+06	
19800	20.1211	26.2096	0	-3.22e-06	-2.28092e-06	0	3.94601	3.94601e+06	
19900	20.1323	25.9423	0	-3.22e-06	-2.28092e-06	0	3.94601	3.94601e+06	
20000	20.1029	25.6237	0	-3.22e-06	-2.28092e-06	0	3.94601	3.94601e+06	
20100	20.0911	25.4316	0	-3.22e-06	-1.48604e-06	0	3.54637	3.54637e+06	
20200	20.1094	25.3088	0	-3.22e-06	-1.48604e-06	0	3.54637	3.54637e+06	
20300	20.1252	25.1712	0	-3.22e-06	-1.48604e-06	0	3.54637	3.54637e+06	
20400	20.1327	25.0041	0	-3.22e-06	-1.48604e-06	0	3.54637	3.54637e+06	
20500	20.1245	24.8026	0	-3.22e-06	-1.48604e-06	0	3.54637	3.54637e+06	
20600	20.1292	24.8818	0	-3.22e-06	8.80925e-07	0	3.33833	3.33833e+06	
20700	20.1326	24.9776	0	-3.22e-06	8.80925e-07	0	3.33833	3.33833e+06	
20800	20.1309	25.0931	0	-3.22e-06	8.80925e-07	0	3.33833	3.33833e+06	
20900	20.1209	25.2317	0	-3.22e-06	8.80925e-07	0	3.33833	3.33833e+06	
21000	20.0988	25.3931	0	-3.22e-06	8.80925e-07	0	3.33833	3.33833e+06	
21100	20.105	25.3418	0	-3.22e-06	-9.13155e-07	0	3.34698	3.34698e+06	
21200	20.113	25.2866	0	-3.22e-06	-9.13155e-07	0	3.34698	3.34698e+06	
21300	20.1207	25.2216	0	-3.22e-06	-9.13155e-07	0	3.34698	3.34698e+06	
21400	20.1276	25.1433	0	-3.22e-06	-9.13155e-07	0	3.34698	3.34698e+06	
21500	20.1321	25.0484	0	-3.22e-06	-9.13155e-07	0	3.34698	3.34698e+06	
21600	20.1324	25.0392	0	-3.22e-06	-1.40185e-07	0	3.22305	3.22305e+06	
21700	20.1325	25.0282	0	-3.22e-06	-1.40185e-07	0	3.22305	3.22305e+06	
21800	20.1327	25.0148	0	-3.22e-06	-1.40185e-07	0	3.22305	3.22305e+06	
21900	20.1327	24.9988	0	-3.22e-06	-1.40185e-07	0	3.22305	3.22305e+06	
22000	20.1326	24.9794	0	-3.22e-06	-1.40185e-07	0	3.22305	3.22305e+06	
22100	20.1445	24.7669	0	-1.1078e-06	-1.64883e-06	0	1.98642	1.98642e+06	
22200	20.1161	24.5474	0	-1.1078e-06	-1.64883e-06	0	1.98642	1.98642e+06	
22300	20.1214	24.3546	0	-1.1078e-06	-1.64883e-06	0	1.98642	1.98642e+06	
22400	20.145	24.1692	0	-1.1078e-06	-1.64883e-06	0	1.98642	1.98642e+06	
22500	20.1539	23.9694	0	-1.1078e-06	-1.64883e-06	0	1.98642	1.98642e+06	
22600	20.4046	23.7774	0	1.94166e-06	-1.5443e-06	0	2.4809	2.4809e+06	
22700	20.6458	23.5855	0	1.94166e-06	-1.5443e-06	0	2.4809	2.4809e+06	
22800	20.887	23.3937	0	1.94166e-06	-1.5443e-06	0	2.4809	2.4809e+06	
22900	21.1282	23.2018	0	1.94166e-06	-1.5443e-06	0	2.4809	2.4809e+06	
23000	21.3694	23.01	0	1.94166e-06	-1.5443e-06	0	2.4809	2.4809e+06	
23100	21.3515	23.3339	0	-1.43901e-07	2.60739e-06	0	2.61136	2.61136e+06	
23200	21.3336	23.6578	0	-1.43901e-07	2.60739e-06	0	2.61136	2.61136e+06	
23300	21.3157	23.9817	0	-1.43901e-07	2.60739e-06	0	2.61136	2.61136e+06	
23400	21.2978	24.3056	0	-1.43901e-07	2.60739e-06	0	2.61136	2.61136e+06	
23500	21.28	24.6295	0	-1.43901e-07	2.60739e-06	0	2.61136	2.61136e+06	
23600	20.9163	24.9056	0	-2.92738e-06	2.22241e-06	0	3.67542	3.67542e+06	
23700	20.5527	25.1817	0	-2.92738e-06	2.22241e-06	0	3.67542	3.67542e+06	
23800	20.1892	25.4577	0	-2.92738e-06	2.22241e-06	0	3.67542	3.67542e+06	
23900	20.1111	25.6952	0	-2.92738e-06	2.22241e-06	0	3.67542	3.67542e+06	
24000	20.1332	25.9371	0	-2.92738e-06	2.22241e-06	0	3.67542	3.67542e+06	
24100	20.1063	26.3602	0	-3.22e-06	3.22e-06	0	4.55377	4.55377e+06	
24200	20.114	26.7347	0	-3.22e-06	3.22e-06	0	4.55377	4.55377e+06	
24300	20.1305	27.1177	0	-3.22e-06	3.22e-06	0	4.55377	4.55377e+06	
24400	20.0883	27.5481	0	-3.22e-06	3.22e-06	0	4.55377	4.55377e+06	
24500	20.1292	27.8963	0	-3.22e-06	3.22e-06	0	4.55377	4.55377e+06	
24600	20.1327	28.0065	0	-3.22e-06	9.65678e-07	0	3.36169	3.36169e+06	
24700	20.1286	28.1395	0	-3.22e-06	9.65678e-07	0	3.36169	3.36169e+06	
24800	20.1128	28.2985	0	-3.22e-06	9.65678e-07	0	3.36169	3.36169e+06	
24900	20.0786	28.4862	0	-3.22e-06	9.65678e-07	0	3.36169	3.36169e+06	
25000	20.0169	28.7034	0	-3.22e-06	9.65678e-07	0	3.36169	3.36169e+06	
25100	20.0367	28.634	0	-2.82959e-06	-1.54699e-06	0	3.22486	3.22486e+06	
25200	20.0609	28.5509	0	-2.82959e-06	-1.54699e-06	0	3.22486	3.22486e+06	
25300	20.0856	28.4499	0	-2.82959e-06	-1.54699e-06	0	3.22486	3.22486e+06	
25400	20.1086	28.3276	0	-2.82959e-06	-1.54699e-06	0	3.22486	3.22486e+06	
25500	20.1268	28.1803	0	-2.82959e-06	-1.54699e-06	0	3.22486	3.22486e+06	
25600	20.1332	28.0133	0	-3.13221e-06	-1.49464e-06	0	3.47054	3.47054e+06	
25700	20.126	27.8129	0	-3.13221e-06	-1.49464e-06	0	3.47054	3.47054e+06	
25800	20.096	27.5806	0	-3.13221e-06	-1.49464e-06	0	3.47054	3.47054e+06	
25900	20.0949	27.4073	0	-3.13221e-06	-1.49464e-06	0	3.47054	3.47054e+06	
26000	20.1137	27.2817	0	-3.13221e-06	-1.49464e-06	0	3.47054	3.47054e+06	
26100	20.132	27.0705	0	-3.07704e-06	-1.97304e-06	0	3.65528	3.65528e+06	
26200	20.1269	26.8167	0	-3.07704e-06	-1.97304e-06	0	3.65528	3.65528e+06	
26300	20.0902	26.5283	0	-3.07704e-06	-1.97304e-06	0	3.65528	3.65528e+06	
26400	20.1073	26.3257	0	-3.07704e-06	-1.97304e-06	0	3.65528	3.65528e+06	
26500	20.1293	26.1236	0	-3.07704e-06	-1.97304e-06	0	3.65528	3.65528e+06	
26600	20.1247	26.2258	0	-2.72392e-06	6.06177e-07	0	2.79055	2.79055e+06	
26700	20.1098	26.3429	0	-2.72392e-06	6.06177e-07	0	2.79055	2.79055e+06	
26800	20.0927	26.4619	0	-2.72392e-06	6.06177e-07	0	2.79055	2.79055e+06	
26900	20.0916	26.535	0	-2.72392e-06	6.06177e-07	0	2.79055	2.79055e+06	
27000	20.0957	26.5731	0	-2.72392e-06	6.06177e-07	0	2.79055	2.79055e+06	
27100	20.1338	26.795	0	-1.66682e-06	2.0516e-06	0	2.64336	2.64336e+06	
27200	20.1457	27.0409	0	-1.66682e-06	2.0516e-06	0	2.64336	2.64336e+06	
27300	20.1272	27.3104	0	-1.66682e-06	2.0516e-06	0	2.64336	2.64336e+06	
27400	20.1039	27.574	0	-1.66682e-06	2.0516e-06	0	2.64336	2.64336e+06	
27500	20.134	27.797	0	-1.66682e-06	2.0516e-06	0	2.64336	2.64336e+06	
27600	20.1656	27.8905	0	-4.80253e-07	8.08574e-07	0	0.940444	940444	
27700	20.1701	27.9891	0	-4.80253e-07	8.08574e-07	0	0.940444	940444	
27800	20.1698	28.0906	0	-4.80253e-07	8.08574e-07	0	0.940444	940444	
27900	20.1647	28.1946	0	-4.80253e-07	8.08574e-07	0	0.940444	940444	
28000	20.1546	28.3007	0	-4.80253e-07	8.08574e-07	0	0.940444	940444	
28100	20.0985	28.5402	0	-1.01883e-06	1.81459e-06	0	2.08104	2.08104e+06	
28200	20.0293	28.7837	0	-1.01883e-06	1.81459e-06	0	2.08104	2.08104e+06	
28300	19.9351	29.0235	0	-1.01883e-06	1.81459e-06	0	2.08104	2.08104e+06	
28400	19.8213	29.2565	0	-1.01883e-06	1.81459e-06	0	2.08104	2.08104e+06	
28500	19.6975	29.484	0	-1.01883e-06	1.81459e-06	0	2.08104	2.08104e+06	
28600	19.4222	29.6716	0	-2.25613e-06	1.46712e-06	0	2.6912	2.6912e+06	
28700	19.154	29.8703	0	-2.25613e-06	1.46712e-06	0	2.6912	2.6912e+06	
28800	18.8876	30.0647	0	-2.25613e-06	1.46712e-06	0	2.6912	2.6912e+06	
28900	18.7099	30.3151	0	-2.25613e-06	1.46712e-06	0	2.6912	2.6912e+06	
29000	18.502	30.5612	0	-2.25613e-06	1.46712e-06	0	2.6912	2.6912e+06	
29100	18.4168	30.5882	0	-3.22e-06	-2.52026e-06	0	4.08902	4.08902e+06	
29200	18.3397	30.654	0	-3.22e-06	-2.52026e-06	0	4.08902	4.08902e+06	
29300	18.2382	30.7317	0	-3.22e-06	-2.52026e-06	0	4.08902	4.08902e+06	
29400	18.1043	30.8205	0	-3.22e-06	-2.52026e-06	0	4.08902	4.08902e+06	
29500	17.9285	30.9171	0	-3.22e-06	-2.52026e-06	0	4.08902	4.08902e+06	
29600	17.6634	31.0308	0	-3.22e-06	-1.74255e-06	0	3.66127	3.66127e+06	
29700	17.337	31.1131	0	-3.22e-06	-1.74255e-06	0	3.66127	3.66127e+06	
29800	16.9557	31.1447	0	-3.22e-06	-1.74255e-06	0	3.66127	3.66127e+06	
29900	16.5384	31.107	0	-3.22e-06	-1.74255e-06	0	3.66127	3.66127e+06	
30000	16.1647	31.1357	0	-3.22e-06	-1.74255e-06	0	3.66127	3.66127e+06	
30100	15.7661	31.2723	0	-3.22e-06	8.84563e-07	0	3.33929	3.33929e+06	
30200	15.3661	31.3822	0	-3.22e-06	8.84563e-07	0	3.33929	3.33929e+06	
30300	14.9661	31.4921	0	-3.22e-06	8.84563e-07	0	3.33929	3.33929e+06	
30400	14.5663	31.6021	0	-3.22e-06	8.84563e-07	0	3.33929	3.33929e+06	
30500	14.2163	31.777	0	-3.22e-06	8.84563e-07	0	3.33929	3.33929e+06	
30600	13.8248	32.1903	0	-3.22e-06	3.22e-06	0	4.55377	4.55377e+06	
30700	13.4248	32.5903	0	-3.22e-06	3.22e-06	0	4.55377	4.55377e+06	
30800	13.0248	32.9903	0	-3.22e-06	3.22e-06	0	4.55377	4.55377e+06	
30900	12.6248	33.3903	0	-3.22e-06	3.22e-06	0	4.55377	4.55377e+06	
31000	12.2248	33.7903	0	-3.22e-06	3.22e-06	0	4.55377	4.55377e+06	
31100	11.8248	34.1903	0	-3.22e-06	3.22e-06	0	4.55377	4.55377e+06	
31200	11.4248	34.5903	0	-3.22e-06	3.22e-06	0	4.55377	4.55377e+06	
31300	11.0248	34.9903	0	-3.22e-06	3.22e-06	0	4.55377	4.55377e+06	
31400	10.6248	35.3903	0	-3.22e-06	3.22e-06	0	4.55377	4.55377e+06	
31500	10.2248	35.7903	0	-3.22e-06	3.22e-06	0	4.55377	4.55377e+06	
31600	10.0182	36.1903	0	-1.66299e-06	3.22e-06	0	3.62408	3.62408e+06	
31700	9.81165	36.5903	0	-1.66299e-06	3.22e-06	0	3.62408	3.62408e+06	
31800	9.60507	36.9903	0	-1.66299e-06	3.22e-06	0	3.62408	3.62408e+06	
31900	9.39849	37.3903	0	-1.66299e-06	3.22e-06	0	3.62408	3.62408e+06	
32000	9.1919	37.7903	0	-1.66299e-06	3.22e-06	0	3.62408	3.62408e+06	
32100	8.95375	37.9616	0	-1.9171e-06	1.37901e-06	0	2.36156	2.36156e+06	
32200	8.7156	38.1329	0	-1.9171e-06	1.37901e-06	0	2.36156	2.36156e+06	
32300	8.47751	38.3041	0	-1.9171e-06	1.37901e-06	0	2.36156	2.36156e+06	
32400	8.35133	38.3411	0	-1.9171e-06	1.37901e-06	0	2.36156	2.36156e+06	
32500	8.28718	38.2906	0	-1.9171e-06	1.37901e-06	0	2.36156	2.36156e+06	
32600	7.96877	38.0247	0	-2.85276e-06	-1.71959e-06	0	3.33095	3.33095e+06	
32700	7.73697	37.7327	0	-2.85276e-06	-1.71959e-06	0	3.33095	3.33095e+06	
32800	7.4847	37.4309	0	-2.85276e-06	-1.71959e-06	0	3.33095	3.33095e+06	
32900	7.1737	37.1635	0	-2.85276e-06	-1.71959e-06	0	3.33095	3.33095e+06	
33000	6.82798	36.9343	0	-2.85276e-06	-1.71959e-06	0	3.33095	3.33095e+06	
33100	6.54594	36.534	0	-2.2713e-06	-3.22e-06	0	3.94046	3.94046e+06	
33200	6.26379	36.134	0	-2.2713e-06	-3.22e-06	0	3.94046	3.94046e+06	
33300	5.98164	35.734	0	-2.2713e-06	-3.22e-06	0	3.94046	3.94046e+06	
33400	5.69949	35.334	0	-2.2713e-06	-3.22e-06	0	3.94046	3.94046e+06	
33500	5.41734	34.934	0	-2.2713e-06	-3.22e-06	0	3.94046	3.94046e+06	
33600	5.4175	34.534	0	1.28361e-09	-3.22e-06	0	3.22	3.22e+06	
33700	5.41766	34.134	0	1.28361e-09	-3.22e-06	0	3.22	3.22e+06	
33800	5.41782	33.734	0	1.28361e-09	-3.22e-06	0	3.22	3.22e+06	
33900	5.41798	33.334	0	1.28361e-09	-3.22e-06	0	3.22	3.22e+06	
34000	5.41814	32.934	0	1.28361e-09	-3.22e-06	0	3.22	3.22e+06	
34100	5.03543	32.534	0	-3.08083e-06	-3.22e-06	0	4.45645	4.45645e+06	
34200	4.65272	32.134	0	-3.08083e-06	-3.22e-06	0	4.45645	4.45645e+06	
34300	4.27	31.734	0	-3.08083e-06	-3.22e-06	0	4.45645	4.45645e+06	
34400	3.88729	31.334	0	-3.08083e-06	-3.22e-06	0	4.45645	4.45645e+06	
34500	3.50458	30.934	0	-3.08083e-06	-3.22e-06	0	4.45645	4.45645e+06	
34600	3.10458	30.534	0	-3.22e-06	-3.22e-06	0	4.55377	4.55377e+06	
34700	2.70458	30.134	0	-3.22e-06	-3.22e-06	0	4.55377	4.55377e+06	
34800	2.30458	29.734	0	-3.22e-06	-3.22e-06	0	4.55377	4.55377e+06	
34900	1.90458	29.334	0	-3.22e-06	-3.22e-06	0	4.55377	4.55377e+06	
35000	1.50458	28.934	0	-3.22e-06	-3.22e-06	0	4.55377	4.55377e+06	
35100	1.11247	28.5331	0	-3.22e-06	-3.22e-06	0	4.55377	4.55377e+06	
35200	1.12341	28.1807	0	-3.22e-06	-3.22e-06	0	4.55377	4.55377e+06	
35300	1.12341	27.7797	0	-3.22e-06	-3.22e-06	0	4.55377	4.55377e+06	
35400	1.09848	27.3708	0	-3.22e-06	-3.22e-06	0	4.55377	4.55377e+06	
35500	1.13245	27.0108	0	-3.22e-06	-3.22e-06	0	4.55377	4.55377e+06	
35600	1.09726	26.5803	0	-3.22e-06	-3.22e-06	0	4.55377	4.55377e+06	
35700	1.11953	26.219	0	-3.22e-06	-3.22e-06	0	4.55377	4.55377e+06	
35800	1.12719	25.826	0	-3.22e-06	-3.22e-06	0	4.55377	4.55377e+06	
35900	1.09322	25.4062	0	-3.22e-06	-3.22e-06	0	4.55377	4.55377e+06	
36000	1.13145	25.0529	0	-3.22e-06	-3.22e-06	0	4.55377	4.55377e+06	
36100	1.11895	24.7413	0	-3.22e-06	-2.37117e-06	0	3.99886	3.99886e+06	
36200	1.0913	24.4252	0	-3.22e-06	-2.37117e-06	0	3.99886	3.99886e+06	
36300	1.1232	24.1881	0	-3.22e-06	-2.37117e-06	0	3.99886	3.99886e+06	
36400	1.13116	23.9039	0	-3.22e-06	-2.37117e-06	0	3.99886	3.99886e+06	
36500	1.09466	23.569	0	-3.22e-06	-2.37117e-06	0	3.99886	3.99886e+06	
36600	1.09267	23.5742	0	-3.22e-06	4.57885e-07	0	3.25239	3.25239e+06	
36700	1.09313	23.5776	0	-3.22e-06	4.57885e-07	0	3.25239	3.25239e+06	
36800	1.09346	23.58	0	-3.22e-06	4.57885e-07	0	3.25239	3.25239e+06	
36900	1.09371	23.5817	0	-3.22e-06	4.57885e-07	0	3.25239	3.25239e+06	
37000	1.0939	23.583	0	-3.22e-06	4.57885e-07	0	3.25239	3.25239e+06	
37100	1.08716	23.5093	0	-3.22e-06	-3.26445e-07	0	3.23651	3.23651e+06	
37200	1.08755	23.4771	0	-3.22e-06	-3.26445e-07	0	3.23651	3.23651e+06	
37300	1.08847	23.4636	0	-3.22e-06	-3.26445e-07	0	3.23651	3.23651e+06	
37400	1.08903	23.4573	0	-3.22e-06	-3.26445e-07	0	3.23651	3.23651e+06	
37500	1.08934	23.4541	0	-3.22e-06	-3.26445e-07	0	3.23651	3.23651e+06	
37600	1.11086	23.2969	0	-3.22e-06	-1.74832e-06	0	3.66402	3.66402e+06	
37700	1.12867	23.1213	0	-3.22e-06	-1.74832e-06	0	3.66402	3.66402e+06	
37800	1.13119	22.9079	0	-3.22e-06	-1.74832e-06	0	3.66402	3.66402e+06	
37900	1.1069	22.6538	0	-3.22e-06	-1.74832e-06	0	3.66402	3.66402e+06	
38000	1.0917	22.4254	0	-3.22e-06	-1.74832e-06	0	3.66402	3.66402e+06	
38100	1.12225	22.1984	0	-3.22e-06	-2.29405e-06	0	3.95362	3.95362e+06	
38200	1.1319	21.9269	0	-3.22e-06	-2.29405e-06	0	3.95362	3.95362e+06	
38300	1.09993	21.6044	0	-3.22e-06	-2.29405e-06	0	3.95362	3.95362e+06	
38400	1.1037	21.3422	0	-3.22e-06	-2.29405e-06	0	3.95362	3.95362e+06	
38500	1.12958	21.1022	0	-3.22e-06	-2.29405e-06	0	3.95362	3.95362e+06	
38600	1.11952	20.7438	0	-3.22e-06	-2.78875e-06	0	4.25976	4.25976e+06	
38700	1.09634	20.3871	0	-3.22e-06	-2.78875e-06	0	4.25976	4.25976e+06	
38800	1.1301	20.0888	0	-3.22e-06	-2.78875e-06	0	4.25976	4.25976e+06	
38900	1.11771	19.7279	0	-3.22e-06	-2.78875e-06	0	4.25976	4.25976e+06	
39000	1.09808	19.3757	0	-3.22e-06	-2.78875e-06	0	4.25976	4.25976e+06	
39100	1.10044	19.3737	0	-3.22e-06	-5.14679e-07	0	3.26087	3.26087e+06	
39200	1.10079	19.3715	0	-3.22e-06	-5.14679e-07	0	3.26087	3.26087e+06	
39300	1.10113	19.3693	0	-3.22e-06	-5.14679e-07	0	3.26087	3.26087e+06	
39400	1.10147	19.3671	0	-3.22e-06	-5.14679e-07	0	3.26087	3.26087e+06	
39500	1.10182	19.3649	0	-3.22e-06	-5.14679e-07	0	3.26087	3.26087e+06	
39600	1.10711	19.3287	0	-3.22e-06	-7.85687e-07	0	3.31447	3.31447e+06	
39700	1.11285	19.2882	0	-3.22e-06	-7.85687e-07	0	3.31447	3.31447e+06	
39800	1.11875	19.2406	0	-3.22e-06	-7.85687e-07	0	3.31447	3.31447e+06	
39900	1.1245	19.1835	0	-3.22e-06	-7.85687e-07	0	3.31447	3.31447e+06	
40000	1.12943	19.1144	0	-3.22e-06	-7.85687e-07	0	3.31447	3.31447e+06	
40100	1.12051	19.2339	0	-3.22e-06	7.08557e-07	0	3.29704	3.29704e+06	
40200	1.10166	19.3737	0	-3.22e-06	7.08557e-07	0	3.29704	3.29704e+06	
40300	1.08704	19.4996	0	-3.22e-06	7.08557e-07	0	3.29704	3.29704e+06	
40400	1.09056	19.5594	0	-3.22e-06	7.08557e-07	0	3.29704	3.29704e+06	
40500	1.09518	19.5933	0	-3.22e-06	7.08557e-07	0	3.29704	3.29704e+06	
40600	1.09661	19.6018	0	-3.22e-06	5.45719e-07	0	3.26592	3.26592e+06	
40700	1.09773	19.6091	0	-3.22e-06	5.45719e-07	0	3.26592	3.26592e+06	
40800	1.09876	19.6157	0	-3.22e-06	5.45719e-07	0	3.26592	3.26592e+06	
40900	1.09973	19.6219	0	-3.22e-06	5.45719e-07	0	3.26592	3.26592e+06	
41000	1.10067	19.6279	0	-3.22e-06	5.45719e-07	0	3.26592	3.26592e+06	
41100	1.1294	19.8963	0	-3.22e-06	2.54494e-06	0	4.10428	4.10428e+06	
41200	1.12291	20.2215	0	-3.22e-06	2.54494e-06	0	4.10428	4.10428e+06	
41300	1.08998	20.5643	0	-3.22e-06	2.54494e-06	0	4.10428	4.10428e+06	
41400	1.12417	20.8237	0	-3.22e-06	2.54494e-06	0	4.10428	4.10428e+06	
41500	1.12946	21.134	0	-3.22e-06	2.54494e-06	0	4.10428	4.10428e+06	
41600	1.08751	21.5305	0	-3.22e-06	2.91431e-06	0	4.34299	4.34299e+06	
41700	1.12519	21.8378	0	-3.22e-06	2.91431e-06	0	4.34299	4.34299e+06	
41800	1.12493	22.2012	0	-3.22e-06	2.91431e-06	0	4.34299	4.34299e+06	
41900	1.09221	22.5847	0	-3.22e-06	2.91431e-06	0	4.34299	4.34299e+06	
42000	1.12922	22.8954	0	-3.22e-06	2.91431e-06	0	4.34299	4.34299e+06	
42100	1.11321	23.3111	0	-3.22e-06	3.22e-06	0	4.55377	4.55377e+06	
42200	1.10887	23.6975	0	-3.22e-06	3.22e-06	0	4.55377	4.55377e+06	
42300	1.13203	24.0723	0	-3.22e-06	3.22e-06	0	4.55377	4.55377e+06	
42400	1.08768	24.5071	0	-3.22e-06	3.22e-06	0	4.55377	4.55377e+06	
42500	1.12644	24.8554	0	-3.22e-06	3.22e-06	0	4.55377	4.55377e+06	
42600	1.119	25.2636	0	-3.22e-06	3.22e-06	0	4.55377	4.55377e+06	
42700	1.10353	25.6618	0	-3.22e-06	3.22e-06	0	4.55377	4.55377e+06	
42800	1.13265	26.0286	0	-3.22e-06	3.22e-06	0	4.55377	4.55377e+06	
42900	1.09129	26.4629	0	-3.22e-06	3.22e-06	0	4.55377	4.55377e+06	
43000	1.12312	26.8163	0	-3.22e-06	3.22e-06	0	4.55377	4.55377e+06	
43100	1.08911	26.527	0	-3.22e-06	-1.96144e-06	0	3.77036	3.77036e+06	
43200	1.10618	26.3279	0	-3.22e-06	-1.96144e-06	0	3.77036	3.77036e+06	
43300	1.12804	26.1299	0	-3.22e-06	-1.96144e-06	0	3.77036	3.77036e+06	
43400	1.13046	25.8893	0	-3.22e-06	-1.96144e-06	0	3.77036	3.77036e+06	
43500	1.09961	25.6047	0	-3.22e-06	-1.96144e-06	0	3.77036	3.77036e+06	
43600	1.10418	25.6526	0	-3.22e-06	8.84479e-07	0	3.33927	3.33927e+06	
43700	1.11161	25.7033	0	-3.22e-06	8.84479e-07	0	3.33927	3.33927e+06	
43800	1.11903	25.7625	0	-3.22e-06	8.84479e-07	0	3.33927	3.33927e+06	
43900	1.12587	25.8336	0	-3.22e-06	8.84479e-07	0	3.33927	3.33927e+06	
44000	1.13103	25.9197	0	-3.22e-06	8.84479e-07	0	3.33927	3.33927e+06	
44100	1.1266	25.8344	0	-3.22e-06	-5.05891e-07	0	3.2595	3.2595e+06	
44200	1.11651	25.7324	0	-3.22e-06	-5.05891e-07	0	3.2595	3.2595e+06	
44300	1.09962	25.6146	0	-3.22e-06	-5.05891e-07	0	3.2595	3.2595e+06	
44400	1.08728	25.5114	0	-3.22e-06	-5.05891e-07	0	3.2595	3.2595e+06	
44500	1.08842	25.463	0	-3.22e-06	-5.05891e-07	0	3.2595	3.2595e+06	
44600	1.08699	25.4992	0	-3.22e-06	1.71959e-07	0	3.22459	3.22459e+06	
44700	1.08719	25.5136	0	-3.22e-06	1.71959e-07	0	3.22459	3.22459e+06	
44800	1.08742	25.5194	0	-3.22e-06	1.71959e-07	0	3.22459	3.22459e+06	
44900	1.08754	25.5218	0	-3.22e-06	1.71959e-07	0	3.22459	3.22459e+06	
45000	1.08759	25.5228	0	-3.22e-06	1.71959e-07	0	3.22459	3.22459e+06	
45100	1.09147	25.432	0	-3.22e-06	-9.19631e-07	0	3.34875	3.34875e+06	
45200	1.09956	25.3769	0	-3.22e-06	-9.19631e-07	0	3.34875	3.34875e+06	
45300	1.10759	25.3246	0	-3.22e-06	-9.19631e-07	0	3.34875	3.34875e+06	
45400	1.11565	25.2658	0	-3.22e-06	-9.19631e-07	0	3.34875	3.34875e+06	
45500	1.12331	25.1957	0	-3.22e-06	-9.19631e-07	0	3.34875	3.34875e+06	
45600	1.08785	25.49	0	-3.22e-06	2.01314e-06	0	3.79751	3.79751e+06	
45700	1.10877	25.6899	0	-3.22e-06	2.01314e-06	0	3.79751	3.79751e+06	
45800	1.12972	25.8987	0	-3.22e-06	2.01314e-06	0	3.79751	3.79751e+06	
45900	1.12818	26.1523	0	-3.22e-06	2.01314e-06	0	3.79751	3.79751e+06	
46000	1.09208	26.4471	0	-3.22e-06	2.01314e-06	0	3.79751	3.79751e+06	
46100	1.09578	26.6017	0	-3.22e-06	1.44016e-06	0	3.52739	3.52739e+06	
46200	1.1133	26.7192	0	-3.22e-06	1.44016e-06	0	3.52739	3.52739e+06	
46300	1.12733	26.8564	0	-3.22e-06	1.44016e-06	0	3.52739	3.52739e+06	
46400	1.13268	27.0232	0	-3.22e-06	1.44016e-06	0	3.52739	3.52739e+06	
46500	1.12203	27.2237	0	-3.22e-06	1.44016e-06	0	3.52739	3.52739e+06	
46600	1.13232	27.0308	0	-3.22e-06	-1.756e-06	0	3.66769	3.66769e+06	
46700	1.12426	26.7981	0	-3.22e-06	-1.756e-06	0	3.66769	3.66769e+06	
46800	1.08952	26.5329	0	-3.22e-06	-1.756e-06	0	3.66769	3.66769e+06	
46900	1.1023	26.3544	0	-3.22e-06	-1.756e-06	0	3.66769	3.66769e+06	
47000	1.12343	26.1893	0	-3.22e-06	-1.756e-06	0	3.66769	3.66769e+06	
47100	1.12204	26.214	0	-3.22e-06	-1.04097e-07	0	3.22168	3.22168e+06	
47200	1.11891	26.2434	0	-3.22e-06	-1.04097e-07	0	3.22168	3.22168e+06	
47300	1.11469	26.2783	0	-3.22e-06	-1.04097e-07	0	3.22168	3.22168e+06	
47400	1.1091	26.3193	0	-3.22e-06	-1.04097e-07	0	3.22168	3.22168e+06	
47500	1.10215	26.3653	0	-3.22e-06	-1.04097e-07	0	3.22168	3.22168e+06	
47600	1.12187	26.7389	0	-2.11402e-06	3.13892e-06	0	3.78443	3.78443e+06	
47700	1.1392	27.1177	0	-2.11402e-06	3.13892e-06	0	3.78443	3.78443e+06	
47800	1.09666	27.5286	0	-2.11402e-06	3.13892e-06	0	3.78443	3.78443e+06	
47900	1.13615	27.8831	0	-2.11402e-06	3.13892e-06	0	3.78443	3.78443e+06	
48000	1.12664	28.2809	0	-2.11402e-06	3.13892e-06	0	3.78443	3.78443e+06	
48100	1.0892	28.5539	0	-3.22e-06	1.99065e-06	0	3.78564	3.78564e+06	
48200	1.11568	28.7409	0	-3.22e-06	1.99065e-06	0	3.78564	3.78564e+06	
48300	1.13202	28.9578	0	-3.22e-06	1.99065e-06	0	3.78564	3.78564e+06	
48400	1.12272	29.2201	0	-3.22e-06	1.99065e-06	0	3.78564	3.78564e+06	
48500	1.08718	29.5088	0	-3.22e-06	1.99065e-06	0	3.78564	3.78564e+06	
48600	1.1122	29.7149	0	-3.22e-06	2.10118e-06	0	3.84491	3.84491e+06	
48700	1.13151	29.9411	0	-3.22e-06	2.10118e-06	0	3.84491	3.84491e+06	
48800	1.12326	30.215	0	-3.22e-06	2.10118e-06	0	3.84491	3.84491e+06	
48900	1.08718	30.5158	0	-3.22e-06	2.10118e-06	0	3.84491	3.84491e+06	
49000	1.11298	30.7207	0	-3.22e-06	2.10118e-06	0	3.84491	3.84491e+06	
49100	1.13116	31.1007	0	-3.22e-06	3.22e-06	0	4.55377	4.55377e+06	
49200	1.08761	31.5333	0	-3.22e-06	3.22e-06	0	4.55377	4.55377e+06	
49300	1.12823	31.8809	0	-3.22e-06	3.22e-06	0	4.55377	4.55377e+06	
49400	1.11541	32.294	0	-3.22e-06	3.22e-06	0	4.55377	4.55377e+06	
49500	1.10698	32.6846	0	-3.22e-06	3.22e-06	0	4.55377	4.55377e+06	
49600	1.13235	33.0565	0	-3.22e-06	3.22e-06	0	4.55377	4.55377e+06	
49700	1.08851	33.4916	0	-3.22e-06	3.22e-06	0	4.55377	4.55377e+06	
49800	1.12532	33.8412	0	-3.22e-06	3.22e-06	0	4.55377	4.55377e+06	
49900	1.12083	34.2466	0	-3.22e-06	3.22e-06	0	4.55377	4.55377e+06	
50000	1.10156	34.6491	0	-3.22e-06	3.22e-06	0	4.55377	4.55377e+06	
