0	28	60	0	-1.98402e-06	3.22e-06	0	3.78216	3.78216e+06	
100	27.8765	59.9356	0	-9.94543e-07	-5.18541e-07	0	1.12161	1.12161e+06	
200	27.7529	59.8712	0	-9.94543e-07	-5.18541e-07	0	1.12161	1.12161e+06	
300	27.6294	59.8068	0	-9.94543e-07	-5.18541e-07	0	1.12161	1.12161e+06	
400	27.5058	59.7423	0	-9.94543e-07	-5.18541e-07	0	1.12161	1.12161e+06	
500	27.3823	59.6779	0	-9.94543e-07	-5.18541e-07	0	1.12161	1.12161e+06	
600	27.1846	59.7582	0	-1.59143e-06	6.46472e-07	0	1.71773	1.71773e+06	
700	26.9869	59.8385	0	-1.59143e-06	6.46472e-07	0	1.71773	1.71773e+06	
800	26.7892	59.9188	0	-1.59143e-06	6.46472e-07	0	1.71773	1.71773e+06	
900	26.5915	59.9992	0	-1.59143e-06	6.46472e-07	0	1.71773	1.71773e+06	
1000	26.3938	60.0795	0	-1.59143e-06	6.46472e-07	0	1.71773	1.71773e+06	
1100	26.5243	60.3362	0	1.05011e-06	2.06655e-06	0	2.31805	2.31805e+06	
1200	26.6547	60.5929	0	1.05011e-06	2.06655e-06	0	2.31805	2.31805e+06	
1300	26.7845	60.8438	0	1.05011e-06	2.06655e-06	0	2.31805	2.31805e+06	
1400	26.8977	60.8613	0	1.05011e-06	2.06655e-06	0	2.31805	2.31805e+06	
1500	27.0231	60.8585	0	1.05011e-06	2.06655e-06	0	2.31805	2.31805e+06	
1600	27.2202	60.8776	0	1.41618e-06	3.22e-06	0	3.51766	3.51766e+06	
1700	27.4461	60.9084	0	1.41618e-06	3.22e-06	0	3.51766	3.51766e+06	
1800	27.5989	60.9046	0	1.41618e-06	3.22e-06	0	3.51766	3.51766e+06	
1900	27.7131	60.8875	0	1.41618e-06	3.22e-06	0	3.51766	3.51766e+06	
2000	27.8458	60.8734	0	1.41618e-06	3.22e-06	0	3.51766	3.51766e+06	
2100	28.0197	60.8673	0	1.50903e-06	3.22e-06	0	3.55606	3.55606e+06	
2200	28.2289	60.8784	0	1.50903e-06	3.22e-06	0	3.55606	3.55606e+06	
2300	28.4652	60.9105	0	1.50903e-06	3.22e-06	0	3.55606	3.55606e+06	
2400	28.6185	60.9017	0	1.50903e-06	3.22e-06	0	3.55606	3.55606e+06	
2500	28.7466	60.8833	0	1.50903e-06	3.22e-06	0	3.55606	3.55606e+06	
2600	29.0217	60.8673	0	2.40812e-06	3.22e-06	0	4.02087	4.02087e+06	
2700	29.3514	60.8932	0	2.40812e-06	3.22e-06	0	4.02087	4.02087e+06	
2800	29.6407	60.899	0	2.40812e-06	3.22e-06	0	4.02087	4.02087e+06	
2900	29.8927	60.8707	0	2.40812e-06	3.22e-06	0	4.02087	4.02087e+06	
3000	30.1987	60.8751	0	2.40812e-06	3.22e-06	0	4.02087	4.02087e+06	
3100	30.3654	60.8975	0	9.42075e-07	3.22e-06	0	3.35498	3.35498e+06	
3200	30.5612	60.94	0	9.42075e-07	3.22e-06	0	3.35498	3.35498e+06	
3300	30.786	61.0133	0	9.42075e-07	3.22e-06	0	3.35498	3.35498e+06	
3400	31.0362	61.129	0	9.42075e-07	3.22e-06	0	3.35498	3.35498e+06	
3500	31.3022	61.2992	0	9.42075e-07	3.22e-06	0	3.35498	3.35498e+06	
3600	31.4213	61.4085	0	-9.73413e-07	3.22e-06	0	3.36392	3.36392e+06	
3700	31.5595	61.5423	0	-9.73413e-07	3.22e-06	0	3.36392	3.36392e+06	
3800	31.707	61.7158	0	-9.73413e-07	3.22e-06	0	3.36392	3.36392e+06	
3900	31.8552	61.937	0	-9.73413e-07	3.22e-06	0	3.36392	3.36392e+06	
4000	31.9815	62.1044	0	-9.73413e-07	3.22e-06	0	3.36392	3.36392e+06	
4100	32.0098	62.1231	0	-1.58015e-06	3.22e-06	0	3.58682	3.58682e+06	
4200	32.0341	62.1368	0	-1.58015e-06	3.22e-06	0	3.58682	3.58682e+06	
4300	32.0592	62.1512	0	-1.58015e-06	3.22e-06	0	3.58682	3.58682e+06	
4400	32.0879	62.168	0	-1.58015e-06	3.22e-06	0	3.58682	3.58682e+06	
4500	32.122	62.1887	0	-1.58015e-06	3.22e-06	0	3.58682	3.58682e+06	
4600	31.9302	62.0667	0	-3.20444e-06	1.57053e-06	0	3.56861	3.56861e+06	
4700	31.8901	62.0128	0	-3.20444e-06	1.57053e-06	0	3.56861	3.56861e+06	
4800	31.8743	61.9853	0	-3.20444e-06	1.57053e-06	0	3.56861	3.56861e+06	
4900	31.8606	61.9611	0	-3.20444e-06	1.57053e-06	0	3.56861	3.56861e+06	
5000	31.8458	61.9354	0	-3.20444e-06	1.57053e-06	0	3.56861	3.56861e+06	
5100	31.7661	61.8015	0	-3.22e-06	5.34116e-07	0	3.264	3.264e+06	
5200	31.6565	61.6527	0	-3.22e-06	5.34116e-07	0	3.264	3.264e+06	
5300	31.5116	61.4901	0	-3.22e-06	5.34116e-07	0	3.264	3.264e+06	
5400	31.323	61.32	0	-3.22e-06	5.34116e-07	0	3.264	3.264e+06	
5500	31.0834	61.1532	0	-3.22e-06	5.34116e-07	0	3.264	3.264e+06	
5600	30.812	61.0194	0	-3.22e-06	9.96626e-07	0	3.37071	3.37071e+06	
5700	30.4875	60.9111	0	-3.22e-06	9.96626e-07	0	3.37071	3.37071e+06	
5800	30.1149	60.8512	0	-3.22e-06	9.96626e-07	0	3.37071	3.37071e+06	
5900	29.7114	60.8556	0	-3.22e-06	9.96626e-07	0	3.37071	3.37071e+06	
6000	29.3152	60.8739	0	-3.22e-06	9.96626e-07	0	3.37071	3.37071e+06	
6100	28.9175	60.6987	0	-3.22e-06	-1.25296e-06	0	3.45518	3.45518e+06	
6200	28.5175	60.543	0	-3.22e-06	-1.25296e-06	0	3.45518	3.45518e+06	
6300	28.1175	60.3874	0	-3.22e-06	-1.25296e-06	0	3.45518	3.45518e+06	
6400	27.7175	60.2317	0	-3.22e-06	-1.25296e-06	0	3.45518	3.45518e+06	
6500	27.3175	60.0761	0	-3.22e-06	-1.25296e-06	0	3.45518	3.45518e+06	
6600	26.9175	59.6761	0	-3.22e-06	-3.22e-06	0	4.55377	4.55377e+06	
6700	26.5175	59.2761	0	-3.22e-06	-3.22e-06	0	4.55377	4.55377e+06	
6800	26.1175	58.8761	0	-3.22e-06	-3.22e-06	0	4.55377	4.55377e+06	
6900	25.7175	58.4761	0	-3.22e-06	-3.22e-06	0	4.55377	4.55377e+06	
7000	25.3175	58.0761	0	-3.22e-06	-3.22e-06	0	4.55377	4.55377e+06	
7100	24.9175	57.7429	0	-3.22e-06	-2.68209e-06	0	4.1907	4.1907e+06	
7200	24.5175	57.4097	0	-3.22e-06	-2.68209e-06	0	4.1907	4.1907e+06	
7300	24.1175	57.0765	0	-3.22e-06	-2.68209e-06	0	4.1907	4.1907e+06	
7400	23.7175	56.7433	0	-3.22e-06	-2.68209e-06	0	4.1907	4.1907e+06	
7500	23.3175	56.4102	0	-3.22e-06	-2.68209e-06	0	4.1907	4.1907e+06	
7600	22.9175	56.034	0	-3.22e-06	-3.02805e-06	0	4.42013	4.42013e+06	
7700	22.5175	55.6579	0	-3.22e-06	-3.02805e-06	0	4.42013	4.42013e+06	
7800	22.1175	55.2817	0	-3.22e-06	-3.02805e-06	0	4.42013	4.42013e+06	
7900	21.7175	54.9055	0	-3.22e-06	-3.02805e-06	0	4.42013	4.42013e+06	
8000	21.3175	54.5294	0	-3.22e-06	-3.02805e-06	0	4.42013	4.42013e+06	
8100	20.9175	54.1294	0	-3.22e-06	-3.22e-06	0	4.55377	4.55377e+06	
8200	20.5175	53.7294	0	-3.22e-06	-3.22e-06	0	4.55377	4.55377e+06	
8300	20.1175	53.3294	0	-3.22e-06	-3.22e-06	0	4.55377	4.55377e+06	
8400	19.7175	52.9294	0	-3.22e-06	-3.22e-06	0	4.55377	4.55377e+06	
8500	19.3175	52.5294	0	-3.22e-06	-3.22e-06	0	4.55377	4.55377e+06	
8600	18.9175	52.1294	0	-3.22e-06	-3.22e-06	0	4.55377	4.55377e+06	
8700	18.5175	51.7294	0	-3.22e-06	-3.22e-06	0	4.55377	4.55377e+06	
8800	18.1175	51.3294	0	-3.22e-06	-3.22e-06	0	4.55377	4.55377e+06	
8900	17.7175	50.9294	0	-3.22e-06	-3.22e-06	0	4.55377	4.55377e+06	
9000	17.3175	50.5294	0	-3.22e-06	-3.22e-06	0	4.55377	4.55377e+06	
9100	16.9175	50.1294	0	-3.22e-06	-3.22e-06	0	4.55377	4.55377e+06	
9200	16.5175	49.7294	0	-3.22e-06	-3.22e-06	0	4.55377	4.55377e+06	
9300	16.1175	49.3294	0	-3.22e-06	-3.22e-06	0	4.55377	4.55377e+06	
9400	15.7175	48.9294	0	-3.22e-06	-3.22e-06	0	4.55377	4.55377e+06	
9500	15.3175	48.5294	0	-3.22e-06	-3.22e-06	0	4.55377	4.55377e+06	
9600	14.9175	48.1294	0	-3.22e-06	-3.22e-06	0	4.55377	4.55377e+06	
9700	14.5175	47.7294	0	-3.22e-06	-3.22e-06	0	4.55377	4.55377e+06	
9800	14.1175	47.3294	0	-3.22e-06	-3.22e-06	0	4.55377	4.55377e+06	
9900	13.7175	46.9294	0	-3.22e-06	-3.22e-06	0	4.55377	4.55377e+06	
10000	13.3175	46.5294	0	-3.22e-06	-3.22e-06	0	4.55377	4.55377e+06	
10100	12.9175	46.1294	0	-3.22e-06	-3.22e-06	0	4.55377	4.55377e+06	
10200	12.5175	45.7294	0	-3.22e-06	-3.22e-06	0	4.55377	4.55377e+06	
10300	12.1175	45.3294	0	-3.22e-06	-3.22e-06	0	4.55377	4.55377e+06	
10400	11.7175	44.9294	0	-3.22e-06	-3.22e-06	0	4.55377	4.55377e+06	
10500	11.3175	44.5294	0	-3.22e-06	-3.22e-06	0	4.55377	4.55377e+06	
10600	10.9858	44.3043	0	-2.67039e-06	-1.81171e-06	0	3.22696	3.22696e+06	
10700	10.6541	44.0793	0	-2.67039e-06	-1.81171e-06	0	3.22696	3.22696e+06	
10800	10.3224	43.8542	0	-2.67039e-06	-1.81171e-06	0	3.22696	3.22696e+06	
10900	9.99064	43.6292	0	-2.67039e-06	-1.81171e-06	0	3.22696	3.22696e+06	
11000	9.65892	43.4041	0	-2.67039e-06	-1.81171e-06	0	3.22696	3.22696e+06	
11100	9.34506	43.0041	0	-2.52657e-06	-3.22e-06	0	4.09292	4.09292e+06	
11200	9.1056	42.5937	0	-2.52657e-06	-3.22e-06	0	4.09292	4.09292e+06	
11300	9.12345	42.2225	0	-2.52657e-06	-3.22e-06	0	4.09292	4.09292e+06	
11400	9.13256	41.8285	0	-2.52657e-06	-3.22e-06	0	4.09292	4.09292e+06	
11500	9.09688	41.4122	0	-2.52657e-06	-3.22e-06	0	4.09292	4.09292e+06	
11600	9.15109	41.033	0	-1.15368e-06	-3.22e-06	0	3.42044	3.42044e+06	
11700	9.13071	40.6248	0	-1.15368e-06	-3.22e-06	0	3.42044	3.42044e+06	
11800	9.1344	40.237	0	-1.15368e-06	-3.22e-06	0	3.42044	3.42044e+06	
11900	9.15023	39.8413	0	-1.15368e-06	-3.22e-06	0	3.42044	3.42044e+06	
12000	9.09542	39.4273	0	-1.15368e-06	-3.22e-06	0	3.42044	3.42044e+06	
12100	8.91892	38.9928	0	-2.13344e-06	-3.22e-06	0	3.86264	3.86264e+06	
12200	8.68467	38.5735	0	-2.13344e-06	-3.22e-06	0	3.86264	3.86264e+06	
12300	8.42137	38.1719	0	-2.13344e-06	-3.22e-06	0	3.86264	3.86264e+06	
12400	8.15635	37.7719	0	-2.13344e-06	-3.22e-06	0	3.86264	3.86264e+06	
12500	7.89132	37.3719	0	-2.13344e-06	-3.22e-06	0	3.86264	3.86264e+06	
12600	7.71811	37.2232	0	-1.39436e-06	-1.19713e-06	0	1.83776	1.83776e+06	
12700	7.5449	37.0744	0	-1.39436e-06	-1.19713e-06	0	1.83776	1.83776e+06	
12800	7.37169	36.9257	0	-1.39436e-06	-1.19713e-06	0	1.83776	1.83776e+06	
12900	7.19847	36.777	0	-1.39436e-06	-1.19713e-06	0	1.83776	1.83776e+06	
13000	7.02526	36.6283	0	-1.39436e-06	-1.19713e-06	0	1.83776	1.83776e+06	
13100	7.23501	36.5034	0	1.68849e-06	-1.00575e-06	0	1.96534	1.96534e+06	
13200	7.44476	36.3784	0	1.68849e-06	-1.00575e-06	0	1.96534	1.96534e+06	
13300	7.65451	36.2535	0	1.68849e-06	-1.00575e-06	0	1.96534	1.96534e+06	
13400	7.86426	36.1286	0	1.68849e-06	-1.00575e-06	0	1.96534	1.96534e+06	
13500	8.07401	36.0036	0	1.68849e-06	-1.00575e-06	0	1.96534	1.96534e+06	
13600	8.06647	35.9198	0	-6.07372e-08	-6.74909e-07	0	0.677636	677636	
13700	8.05892	35.8359	0	-6.07372e-08	-6.74909e-07	0	0.677636	677636	
13800	8.05138	35.7521	0	-6.07372e-08	-6.74909e-07	0	0.677636	677636	
13900	8.04383	35.6683	0	-6.07372e-08	-6.74909e-07	0	0.677636	677636	
14000	8.03629	35.5844	0	-6.07372e-08	-6.74909e-07	0	0.677636	677636	
14100	7.70561	35.3845	0	-2.66199e-06	-1.60953e-06	0	3.11075	3.11075e+06	
14200	7.37493	35.1845	0	-2.66199e-06	-1.60953e-06	0	3.11075	3.11075e+06	
14300	7.04424	34.9846	0	-2.66199e-06	-1.60953e-06	0	3.11075	3.11075e+06	
14400	6.71356	34.7847	0	-2.66199e-06	-1.60953e-06	0	3.11075	3.11075e+06	
14500	6.38288	34.5847	0	-2.66199e-06	-1.60953e-06	0	3.11075	3.11075e+06	
14600	5.98288	34.5141	0	-3.22e-06	-5.68757e-07	0	3.26984	3.26984e+06	
14700	5.58288	34.4434	0	-3.22e-06	-5.68757e-07	0	3.26984	3.26984e+06	
14800	5.18288	34.3728	0	-3.22e-06	-5.68757e-07	0	3.26984	3.26984e+06	
14900	4.78288	34.3021	0	-3.22e-06	-5.68757e-07	0	3.26984	3.26984e+06	
15000	4.38288	34.2314	0	-3.22e-06	-5.68757e-07	0	3.26984	3.26984e+06	
15100	4.10736	34.0912	0	-2.21795e-06	-1.12935e-06	0	2.48892	2.48892e+06	
15200	3.83184	33.9509	0	-2.21795e-06	-1.12935e-06	0	2.48892	2.48892e+06	
15300	3.55632	33.8106	0	-2.21795e-06	-1.12935e-06	0	2.48892	2.48892e+06	
15400	3.28079	33.6703	0	-2.21795e-06	-1.12935e-06	0	2.48892	2.48892e+06	
15500	3.00527	33.53	0	-2.21795e-06	-1.12935e-06	0	2.48892	2.48892e+06	
15600	2.80865	33.405	0	-1.58281e-06	-1.00613e-06	0	1.87553	1.87553e+06	
15700	2.61203	33.28	0	-1.58281e-06	-1.00613e-06	0	1.87553	1.87553e+06	
15800	2.41541	33.155	0	-1.58281e-06	-1.00613e-06	0	1.87553	1.87553e+06	
15900	2.21878	33.03	0	-1.58281e-06	-1.00613e-06	0	1.87553	1.87553e+06	
16000	2.02216	32.9051	0	-1.58281e-06	-1.00613e-06	0	1.87553	1.87553e+06	
16100	1.95344	32.7708	0	-5.53209e-07	-1.0807e-06	0	1.21407	1.21407e+06	
16200	1.88472	32.6366	0	-5.53209e-07	-1.0807e-06	0	1.21407	1.21407e+06	
16300	1.81599	32.5023	0	-5.53209e-07	-1.0807e-06	0	1.21407	1.21407e+06	
16400	1.74727	32.3681	0	-5.53209e-07	-1.0807e-06	0	1.21407	1.21407e+06	
16500	1.67855	32.2338	0	-5.53209e-07	-1.0807e-06	0	1.21407	1.21407e+06	
16600	1.7769	31.9581	0	7.91683e-07	-2.21979e-06	0	2.35674	2.35674e+06	
16700	1.87524	31.6823	0	7.91683e-07	-2.21979e-06	0	2.35674	2.35674e+06	
16800	1.97359	31.4066	0	7.91683e-07	-2.21979e-06	0	2.35674	2.35674e+06	
16900	2.07193	31.1308	0	7.91683e-07	-2.21979e-06	0	2.35674	2.35674e+06	
17000	2.17028	30.8551	0	7.91683e-07	-2.21979e-06	0	2.35674	2.35674e+06	
17100	2.40363	30.8597	0	1.87843e-06	3.73142e-08	0	1.8788	1.8788e+06	
17200	2.63697	30.8643	0	1.87843e-06	3.73142e-08	0	1.8788	1.8788e+06	
17300	2.87032	30.869	0	1.87843e-06	3.73142e-08	0	1.8788	1.8788e+06	
17400	3.10366	30.8736	0	1.87843e-06	3.73142e-08	0	1.8788	1.8788e+06	
17500	3.33701	30.8782	0	1.87843e-06	3.73142e-08	0	1.8788	1.8788e+06	
17600	3.46869	30.8545	0	1.06003e-06	-1.91486e-07	0	1.07719	1.07719e+06	
17700	3.60037	30.8307	0	1.06003e-06	-1.91486e-07	0	1.07719	1.07719e+06	
17800	3.73205	30.8069	0	1.06003e-06	-1.91486e-07	0	1.07719	1.07719e+06	
17900	3.86373	30.7831	0	1.06003e-06	-1.91486e-07	0	1.07719	1.07719e+06	
18000	3.99541	30.7593	0	1.06003e-06	-1.91486e-07	0	1.07719	1.07719e+06	
18100	4.06586	30.8136	0	5.6713e-07	4.36981e-07	0	0.715953	715953	
18200	4.13631	30.8679	0	5.6713e-07	4.36981e-07	0	0.715953	715953	
18300	4.20676	30.9222	0	5.6713e-07	4.36981e-07	0	0.715953	715953	
18400	4.27721	30.9764	0	5.6713e-07	4.36981e-07	0	0.715953	715953	
18500	4.34767	31.0307	0	5.6713e-07	4.36981e-07	0	0.715953	715953	
18600	4.48257	31.0732	0	1.08599e-06	3.41941e-07	0	1.13855	1.13855e+06	
18700	4.61748	31.1157	0	1.08599e-06	3.41941e-07	0	1.13855	1.13855e+06	
18800	4.75238	31.1582	0	1.08599e-06	3.41941e-07	0	1.13855	1.13855e+06	
18900	4.88729	31.2006	0	1.08599e-06	3.41941e-07	0	1.13855	1.13855e+06	
19000	5.0222	31.2431	0	1.08599e-06	3.41941e-07	0	1.13855	1.13855e+06	
19100	5.03215	31.3578	0	8.01061e-08	9.23063e-07	0	0.926532	926532	
19200	5.0421	31.4724	0	8.01061e-08	9.23063e-07	0	0.926532	926532	
19300	5.05205	31.5871	0	8.01061e-08	9.23063e-07	0	0.926532	926532	
19400	5.062	31.7018	0	8.01061e-08	9.23063e-07	0	0.926532	926532	
19500	5.07195	31.8164	0	8.01061e-08	9.23063e-07	0	0.926532	926532	
19600	5.1127	32.2164	0	3.28009e-07	3.22e-06	0	3.23666	3.23666e+06	
19700	5.15344	32.6164	0	3.28009e-07	3.22e-06	0	3.23666	3.23666e+06	
19800	5.19419	33.0164	0	3.28009e-07	3.22e-06	0	3.23666	3.23666e+06	
19900	5.23494	33.4164	0	3.28009e-07	3.22e-06	0	3.23666	3.23666e+06	
20000	5.27568	33.8164	0	3.28009e-07	3.22e-06	0	3.23666	3.23666e+06	
20100	5.03532	34.2164	0	-1.9349e-06	3.22e-06	0	3.75663	3.75663e+06	
20200	4.79496	34.6164	0	-1.9349e-06	3.22e-06	0	3.75663	3.75663e+06	
20300	4.5546	35.0164	0	-1.9349e-06	3.22e-06	0	3.75663	3.75663e+06	
20400	4.31424	35.4164	0	-1.9349e-06	3.22e-06	0	3.75663	3.75663e+06	
20500	4.07393	35.8152	0	-1.9349e-06	3.22e-06	0	3.75663	3.75663e+06	
20600	3.89029	35.8694	0	-1.45409e-06	3.22e-06	0	3.5331	3.5331e+06	
20700	3.81934	35.8674	0	-1.45409e-06	3.22e-06	0	3.5331	3.5331e+06	
20800	3.81916	35.8673	0	-1.45409e-06	3.22e-06	0	3.5331	3.5331e+06	
20900	3.81916	35.8673	0	-1.45409e-06	3.22e-06	0	3.5331	3.5331e+06	
21000	3.81916	35.8673	0	-1.45409e-06	3.22e-06	0	3.5331	3.5331e+06	
21100	3.80163	35.8602	0	-2.70711e-06	3.22e-06	0	4.20676	4.20676e+06	
21200	3.80161	35.8602	0	-2.70711e-06	3.22e-06	0	4.20676	4.20676e+06	
21300	3.80161	35.8602	0	-2.70711e-06	3.22e-06	0	4.20676	4.20676e+06	
21400	3.80161	35.8602	0	-2.70711e-06	3.22e-06	0	4.20676	4.20676e+06	
21500	3.80161	35.8602	0	-2.70711e-06	3.22e-06	0	4.20676	4.20676e+06	
21600	3.80747	35.8623	0	-2.20053e-06	3.10133e-06	0	3.8027	3.8027e+06	
21700	3.80748	35.8623	0	-2.20053e-06	3.10133e-06	0	3.8027	3.8027e+06	
21800	3.80748	35.8623	0	-2.20053e-06	3.10133e-06	0	3.8027	3.8027e+06	
21900	3.80748	35.8623	0	-2.20053e-06	3.10133e-06	0	3.8027	3.8027e+06	
22000	3.80748	35.8623	0	-2.20053e-06	3.10133e-06	0	3.8027	3.8027e+06	
22100	3.77979	35.8311	0	-3.22e-06	2.30955e-06	0	3.96263	3.96263e+06	
22200	3.77512	35.8244	0	-3.22e-06	2.30955e-06	0	3.96263	3.96263e+06	
22300	3.77311	35.8215	0	-3.22e-06	2.30955e-06	0	3.96263	3.96263e+06	
22400	3.77207	35.82	0	-3.22e-06	2.30955e-06	0	3.96263	3.96263e+06	
22500	3.77149	35.8192	0	-3.22e-06	2.30955e-06	0	3.96263	3.96263e+06	
22600	3.68331	35.6883	0	-3.22e-06	7.75876e-07	0	3.31216	3.31216e+06	
22700	3.56389	35.5468	0	-3.22e-06	7.75876e-07	0	3.31216	3.31216e+06	
22800	3.40771	35.3933	0	-3.22e-06	7.75876e-07	0	3.31216	3.31216e+06	
22900	3.20648	35.2349	0	-3.22e-06	7.75876e-07	0	3.31216	3.31216e+06	
23000	2.95331	35.0832	0	-3.22e-06	7.75876e-07	0	3.31216	3.31216e+06	
23100	2.79916	35.0201	0	-2.41759e-06	2.1011e-06	0	3.20303	3.20303e+06	
23200	2.61441	34.9541	0	-2.41759e-06	2.1011e-06	0	3.20303	3.20303e+06	
23300	2.39175	34.8986	0	-2.41759e-06	2.1011e-06	0	3.20303	3.20303e+06	
23400	2.12868	34.8641	0	-2.41759e-06	2.1011e-06	0	3.20303	3.20303e+06	
23500	1.82669	34.864	0	-2.41759e-06	2.1011e-06	0	3.20303	3.20303e+06	
23600	1.42038	34.8786	0	-3.22e-06	7.95328e-07	0	3.31677	3.31677e+06	
23700	1.12725	34.8411	0	-3.22e-06	7.95328e-07	0	3.31677	3.31677e+06	
23800	1.12657	34.8358	0	-3.22e-06	7.95328e-07	0	3.31677	3.31677e+06	
23900	1.12655	34.8356	0	-3.22e-06	7.95328e-07	0	3.31677	3.31677e+06	
24000	1.12655	34.8356	0	-3.22e-06	7.95328e-07	0	3.31677	3.31677e+06	
24100	1.12537	34.8221	0	-3.22e-06	5.09363e-07	0	3.26004	3.26004e+06	
24200	1.12513	34.8196	0	-3.22e-06	5.09363e-07	0	3.26004	3.26004e+06	
24300	1.12507	34.8189	0	-3.22e-06	5.09363e-07	0	3.26004	3.26004e+06	
24400	1.12505	34.8187	0	-3.22e-06	5.09363e-07	0	3.26004	3.26004e+06	
24500	1.12504	34.8187	0	-3.22e-06	5.09363e-07	0	3.26004	3.26004e+06	
24600	1.12908	34.8306	0	-2.77623e-06	6.7081e-07	0	2.85612	2.85612e+06	
24700	1.12922	34.8319	0	-2.77623e-06	6.7081e-07	0	2.85612	2.85612e+06	
24800	1.12923	34.832	0	-2.77623e-06	6.7081e-07	0	2.85612	2.85612e+06	
24900	1.12923	34.832	0	-2.77623e-06	6.7081e-07	0	2.85612	2.85612e+06	
25000	1.12923	34.832	0	-2.77623e-06	6.7081e-07	0	2.85612	2.85612e+06	
25100	1.11245	34.6941	0	-3.10793e-06	-7.18527e-07	0	3.18991	3.18991e+06	
25200	1.09159	34.5524	0	-3.10793e-06	-7.18527e-07	0	3.18991	3.18991e+06	
25300	1.08909	34.4624	0	-3.10793e-06	-7.18527e-07	0	3.18991	3.18991e+06	
25400	1.09416	34.4185	0	-3.10793e-06	-7.18527e-07	0	3.18991	3.18991e+06	
25500	1.09892	34.3867	0	-3.10793e-06	-7.18527e-07	0	3.18991	3.18991e+06	
25600	1.11981	34.5205	0	-6.74264e-07	9.99059e-07	0	1.2053	1.2053e+06	
25700	1.12975	34.6332	0	-6.74264e-07	9.99059e-07	0	1.2053	1.2053e+06	
25800	1.14552	34.7434	0	-6.74264e-07	9.99059e-07	0	1.2053	1.2053e+06	
25900	1.15724	34.8392	0	-6.74264e-07	9.99059e-07	0	1.2053	1.2053e+06	
26000	1.16078	34.849	0	-6.74264e-07	9.99059e-07	0	1.2053	1.2053e+06	
26100	1.16443	34.6436	0	-2.62233e-07	-1.54369e-06	0	1.56581	1.56581e+06	
26200	1.1489	34.4508	0	-2.62233e-07	-1.54369e-06	0	1.56581	1.56581e+06	
26300	1.15687	34.2646	0	-2.62233e-07	-1.54369e-06	0	1.56581	1.56581e+06	
26400	1.17496	34.0769	0	-2.62233e-07	-1.54369e-06	0	1.56581	1.56581e+06	
26500	1.1807	33.8849	0	-2.62233e-07	-1.54369e-06	0	1.56581	1.56581e+06	
26600	1.29455	33.6903	0	8.78671e-07	-1.56428e-06	0	1.79417	1.79417e+06	
26700	1.40371	33.4959	0	8.78671e-07	-1.56428e-06	0	1.79417	1.79417e+06	
26800	1.51286	33.3016	0	8.78671e-07	-1.56428e-06	0	1.79417	1.79417e+06	
26900	1.62201	33.1073	0	8.78671e-07	-1.56428e-06	0	1.79417	1.79417e+06	
27000	1.73116	32.913	0	8.78671e-07	-1.56428e-06	0	1.79417	1.79417e+06	
27100	1.56948	33.0247	0	-1.30151e-06	8.98937e-07	0	1.58178	1.58178e+06	
27200	1.4078	33.1363	0	-1.30151e-06	8.98937e-07	0	1.58178	1.58178e+06	
27300	1.24622	33.248	0	-1.30151e-06	8.98937e-07	0	1.58178	1.58178e+06	
27400	1.12537	33.3656	0	-1.30151e-06	8.98937e-07	0	1.58178	1.58178e+06	
27500	1.10645	33.4928	0	-1.30151e-06	8.98937e-07	0	1.58178	1.58178e+06	
27600	1.14236	33.2474	0	-7.18523e-07	-2.09912e-06	0	2.21869	2.21869e+06	
27700	1.16159	32.993	0	-7.18523e-07	-2.09912e-06	0	2.21869	2.21869e+06	
27800	1.152	32.7275	0	-7.18523e-07	-2.09912e-06	0	2.21869	2.21869e+06	
27900	1.12194	32.4614	0	-7.18523e-07	-2.09912e-06	0	2.21869	2.21869e+06	
28000	1.14628	32.2156	0	-7.18523e-07	-2.09912e-06	0	2.21869	2.21869e+06	
28100	1.14784	31.9582	0	-1.49797e-06	-2.13263e-06	0	2.60615	2.60615e+06	
28200	1.12867	31.68	0	-1.49797e-06	-2.13263e-06	0	2.60615	2.60615e+06	
28300	1.10761	31.4103	0	-1.49797e-06	-2.13263e-06	0	2.60615	2.60615e+06	
28400	1.1387	31.1733	0	-1.49797e-06	-2.13263e-06	0	2.60615	2.60615e+06	
28500	1.14708	30.9129	0	-1.49797e-06	-2.13263e-06	0	2.60615	2.60615e+06	
28600	1.13002	30.8228	0	-2.60894e-06	-5.72471e-07	0	2.67101	2.67101e+06	
28700	1.11919	30.7185	0	-2.60894e-06	-5.72471e-07	0	2.67101	2.67101e+06	
28800	1.10225	30.6025	0	-2.60894e-06	-5.72471e-07	0	2.67101	2.67101e+06	
28900	1.09142	30.5031	0	-2.60894e-06	-5.72471e-07	0	2.67101	2.67101e+06	
29000	1.0938	30.4504	0	-2.60894e-06	-5.72471e-07	0	2.67101	2.67101e+06	
29100	1.13117	30.3042	0	-1.01116e-06	-1.35842e-06	0	1.69344	1.69344e+06	
29200	1.14866	30.1506	0	-1.01116e-06	-1.35842e-06	0	1.69344	1.69344e+06	
29300	1.15572	29.9863	0	-1.01116e-06	-1.35842e-06	0	1.69344	1.69344e+06	
29400	1.14985	29.8121	0	-1.01116e-06	-1.35842e-06	0	1.69344	1.69344e+06	
29500	1.12952	29.6304	0	-1.01116e-06	-1.35842e-06	0	1.69344	1.69344e+06	
29600	1.37552	29.5067	0	1.92378e-06	-9.8727e-07	0	2.16232	2.16232e+06	
29700	1.6145	29.384	0	1.92378e-06	-9.8727e-07	0	2.16232	2.16232e+06	
29800	1.85348	29.2614	0	1.92378e-06	-9.8727e-07	0	2.16232	2.16232e+06	
29900	2.09246	29.1388	0	1.92378e-06	-9.8727e-07	0	2.16232	2.16232e+06	
30000	2.33144	29.0161	0	1.92378e-06	-9.8727e-07	0	2.16232	2.16232e+06	
30100	2.73144	28.9411	0	3.22e-06	-6.03575e-07	0	3.27608	3.27608e+06	
30200	3.13144	28.8662	0	3.22e-06	-6.03575e-07	0	3.27608	3.27608e+06	
30300	3.53144	28.7912	0	3.22e-06	-6.03575e-07	0	3.27608	3.27608e+06	
30400	3.93144	28.7162	0	3.22e-06	-6.03575e-07	0	3.27608	3.27608e+06	
30500	4.33144	28.6412	0	3.22e-06	-6.03575e-07	0	3.27608	3.27608e+06	
30600	4.73144	28.7269	0	3.22e-06	6.90089e-07	0	3.29312	3.29312e+06	
30700	5.13144	28.8127	0	3.22e-06	6.90089e-07	0	3.29312	3.29312e+06	
30800	5.53144	28.8984	0	3.22e-06	6.90089e-07	0	3.29312	3.29312e+06	
30900	5.93144	28.9841	0	3.22e-06	6.90089e-07	0	3.29312	3.29312e+06	
31000	6.33144	29.0698	0	3.22e-06	6.90089e-07	0	3.29312	3.29312e+06	
31100	6.64738	29.287	0	2.54338e-06	1.74779e-06	0	3.08602	3.08602e+06	
31200	6.96333	29.5041	0	2.54338e-06	1.74779e-06	0	3.08602	3.08602e+06	
31300	7.27928	29.7212	0	2.54338e-06	1.74779e-06	0	3.08602	3.08602e+06	
31400	7.59522	29.9383	0	2.54338e-06	1.74779e-06	0	3.08602	3.08602e+06	
31500	7.91117	30.1554	0	2.54338e-06	1.74779e-06	0	3.08602	3.08602e+06	
31600	7.95577	30.2806	0	3.58986e-07	1.00761e-06	0	1.06965	1.06965e+06	
31700	8.00036	30.4058	0	3.58986e-07	1.00761e-06	0	1.06965	1.06965e+06	
31800	8.04496	30.5309	0	3.58986e-07	1.00761e-06	0	1.06965	1.06965e+06	
31900	8.08955	30.6561	0	3.58986e-07	1.00761e-06	0	1.06965	1.06965e+06	
32000	8.13414	30.7813	0	3.58986e-07	1.00761e-06	0	1.06965	1.06965e+06	
32100	8.13678	31.1196	0	2.12467e-08	2.72306e-06	0	2.72315	2.72315e+06	
32200	8.13942	31.4578	0	2.12467e-08	2.72306e-06	0	2.72315	2.72315e+06	
32300	8.14206	31.7961	0	2.12467e-08	2.72306e-06	0	2.72315	2.72315e+06	
32400	8.1447	32.1344	0	2.12467e-08	2.72306e-06	0	2.72315	2.72315e+06	
32500	8.14734	32.4726	0	2.12467e-08	2.72306e-06	0	2.72315	2.72315e+06	
32600	7.74734	32.8726	0	-3.22e-06	3.22e-06	0	4.55377	4.55377e+06	
32700	7.34734	33.2726	0	-3.22e-06	3.22e-06	0	4.55377	4.55377e+06	
32800	6.94734	33.6726	0	-3.22e-06	3.22e-06	0	4.55377	4.55377e+06	
32900	6.54734	34.0726	0	-3.22e-06	3.22e-06	0	4.55377	4.55377e+06	
33000	6.14734	34.4726	0	-3.22e-06	3.22e-06	0	4.55377	4.55377e+06	
33100	5.74734	34.2313	0	-3.22e-06	-1.943e-06	0	3.7608	3.7608e+06	
33200	5.34734	33.9899	0	-3.22e-06	-1.943e-06	0	3.7608	3.7608e+06	
33300	4.94734	33.7485	0	-3.22e-06	-1.943e-06	0	3.7608	3.7608e+06	
33400	4.54734	33.5072	0	-3.22e-06	-1.943e-06	0	3.7608	3.7608e+06	
33500	4.14734	33.2658	0	-3.22e-06	-1.943e-06	0	3.7608	3.7608e+06	
33600	3.74734	32.992	0	-3.22e-06	-2.20378e-06	0	3.90193	3.90193e+06	
33700	3.34734	32.7183	0	-3.22e-06	-2.20378e-06	0	3.90193	3.90193e+06	
33800	2.94734	32.4445	0	-3.22e-06	-2.20378e-06	0	3.90193	3.90193e+06	
33900	2.54734	32.1707	0	-3.22e-06	-2.20378e-06	0	3.90193	3.90193e+06	
34000	2.14734	31.897	0	-3.22e-06	-2.20378e-06	0	3.90193	3.90193e+06	
34100	1.74734	31.6646	0	-3.22e-06	-1.87068e-06	0	3.72396	3.72396e+06	
34200	1.34734	31.4322	0	-3.22e-06	-1.87068e-06	0	3.72396	3.72396e+06	
34300	1.12022	31.2208	0	-3.22e-06	-1.87068e-06	0	3.72396	3.72396e+06	
34400	1.13259	31.0119	0	-3.22e-06	-1.87068e-06	0	3.72396	3.72396e+06	
34500	1.12063	30.76	0	-3.22e-06	-1.87068e-06	0	3.72396	3.72396e+06	
34600	1.08769	30.4661	0	-3.22e-06	-2.082e-06	0	3.83447	3.83447e+06	
34700	1.11472	30.2661	0	-3.22e-06	-2.082e-06	0	3.83447	3.83447e+06	
34800	1.1321	30.0384	0	-3.22e-06	-2.082e-06	0	3.83447	3.83447e+06	
34900	1.12109	29.7631	0	-3.22e-06	-2.082e-06	0	3.83447	3.83447e+06	
35000	1.08757	29.4685	0	-3.22e-06	-2.082e-06	0	3.83447	3.83447e+06	
35100	1.09477	29.4085	0	-3.22e-06	-8.67597e-07	0	3.33484	3.33484e+06	
35200	1.10185	29.3625	0	-3.22e-06	-8.67597e-07	0	3.33484	3.33484e+06	
35300	1.10894	29.3157	0	-3.22e-06	-8.67597e-07	0	3.33484	3.33484e+06	
35400	1.11612	29.2623	0	-3.22e-06	-8.67597e-07	0	3.33484	3.33484e+06	
35500	1.12308	29.1985	0	-3.22e-06	-8.67597e-07	0	3.33484	3.33484e+06	
35600	1.12528	28.801	0	-3.22e-06	-3.22e-06	0	4.55377	4.55377e+06	
35700	1.096	28.387	0	-3.22e-06	-3.22e-06	0	4.55377	4.55377e+06	
35800	1.13209	28.0303	0	-3.22e-06	-3.22e-06	0	4.55377	4.55377e+06	
35900	1.10061	27.6023	0	-3.22e-06	-3.22e-06	0	4.55377	4.55377e+06	
36000	1.11756	27.2363	0	-3.22e-06	-3.22e-06	0	4.55377	4.55377e+06	
36100	1.12858	26.847	0	-3.22e-06	-3.22e-06	0	4.55377	4.55377e+06	
36200	1.09109	26.4228	0	-3.22e-06	-3.22e-06	0	4.55377	4.55377e+06	
36300	1.13073	26.0719	0	-3.22e-06	-3.22e-06	0	4.55377	4.55377e+06	
36400	1.10787	25.6504	0	-3.22e-06	-3.22e-06	0	4.55377	4.55377e+06	
36500	1.11291	25.2734	0	-3.22e-06	-3.22e-06	0	4.55377	4.55377e+06	
36600	1.10685	25.3357	0	-3.22e-06	6.28224e-08	0	3.22061	3.22061e+06	
36700	1.09649	25.4028	0	-3.22e-06	6.28224e-08	0	3.22061	3.22061e+06	
36800	1.08915	25.4586	0	-3.22e-06	6.28224e-08	0	3.22061	3.22061e+06	
36900	1.08718	25.4883	0	-3.22e-06	6.28224e-08	0	3.22061	3.22061e+06	
37000	1.08698	25.5005	0	-3.22e-06	6.28224e-08	0	3.22061	3.22061e+06	
37100	1.10161	25.3603	0	-3.22e-06	-1.51327e-06	0	3.55786	3.55786e+06	
37200	1.11959	25.2286	0	-3.22e-06	-1.51327e-06	0	3.55786	3.55786e+06	
37300	1.13126	25.0702	0	-3.22e-06	-1.51327e-06	0	3.55786	3.55786e+06	
37400	1.12979	24.8782	0	-3.22e-06	-1.51327e-06	0	3.55786	3.55786e+06	
37500	1.10614	24.6503	0	-3.22e-06	-1.51327e-06	0	3.55786	3.55786e+06	
37600	1.10892	24.6835	0	-3.22e-06	7.4832e-07	0	3.30581	3.30581e+06	
37700	1.11409	24.721	0	-3.22e-06	7.4832e-07	0	3.30581	3.30581e+06	
37800	1.11944	24.7653	0	-3.22e-06	7.4832e-07	0	3.30581	3.30581e+06	
37900	1.1247	24.8186	0	-3.22e-06	7.4832e-07	0	3.30581	3.30581e+06	
38000	1.1293	24.883	0	-3.22e-06	7.4832e-07	0	3.30581	3.30581e+06	
38100	1.13187	24.9427	0	-3.22e-06	6.14572e-07	0	3.27812	3.27812e+06	
38200	1.13271	25.0147	0	-3.22e-06	6.14572e-07	0	3.27812	3.27812e+06	
38300	1.13052	25.1016	0	-3.22e-06	6.14572e-07	0	3.27812	3.27812e+06	
38400	1.12326	25.2058	0	-3.22e-06	6.14572e-07	0	3.27812	3.27812e+06	
38500	1.1083	25.3293	0	-3.22e-06	6.14572e-07	0	3.27812	3.27812e+06	
38600	1.08903	25.5499	0	-3.22e-06	1.58566e-06	0	3.58925	3.58925e+06	
38700	1.10864	25.6866	0	-3.22e-06	1.58566e-06	0	3.58925	3.58925e+06	
38800	1.12578	25.8367	0	-3.22e-06	1.58566e-06	0	3.58925	3.58925e+06	
38900	1.1327	26.0191	0	-3.22e-06	1.58566e-06	0	3.58925	3.58925e+06	
39000	1.1206	26.2385	0	-3.22e-06	1.58566e-06	0	3.58925	3.58925e+06	
39100	1.12399	26.1896	0	-3.22e-06	-7.20306e-07	0	3.29958	3.29958e+06	
39200	1.12849	26.1307	0	-3.22e-06	-7.20306e-07	0	3.29958	3.29958e+06	
39300	1.13179	26.0595	0	-3.22e-06	-7.20306e-07	0	3.29958	3.29958e+06	
39400	1.13262	25.9735	0	-3.22e-06	-7.20306e-07	0	3.29958	3.29958e+06	
39500	1.12907	25.8698	0	-3.22e-06	-7.20306e-07	0	3.29958	3.29958e+06	
39600	1.11945	25.7568	0	-3.22e-06	-6.39048e-07	0	3.2828	3.2828e+06	
39700	1.10134	25.6247	0	-3.22e-06	-6.39048e-07	0	3.2828	3.2828e+06	
39800	1.08713	25.5057	0	-3.22e-06	-6.39048e-07	0	3.2828	3.2828e+06	
39900	1.08966	25.4492	0	-3.22e-06	-6.39048e-07	0	3.2828	3.2828e+06	
40000	1.09337	25.4196	0	-3.22e-06	-6.39048e-07	0	3.2828	3.2828e+06	
40100	1.08797	25.5327	0	-3.22e-06	8.12011e-07	0	3.32081	3.32081e+06	
40200	1.09411	25.5866	0	-3.22e-06	8.12011e-07	0	3.32081	3.32081e+06	
40300	1.1002	25.6265	0	-3.22e-06	8.12011e-07	0	3.32081	3.32081e+06	
40400	1.10621	25.6655	0	-3.22e-06	8.12011e-07	0	3.32081	3.32081e+06	
40500	1.11239	25.7085	0	-3.22e-06	8.12011e-07	0	3.32081	3.32081e+06	
40600	1.08709	25.4869	0	-3.22e-06	-1.45932e-06	0	3.53525	3.53525e+06	
40700	1.10215	25.3571	0	-3.22e-06	-1.45932e-06	0	3.53525	3.53525e+06	
40800	1.11924	25.2321	0	-3.22e-06	-1.45932e-06	0	3.53525	3.53525e+06	
40900	1.13081	25.0818	0	-3.22e-06	-1.45932e-06	0	3.53525	3.53525e+06	
41000	1.13079	24.8996	0	-3.22e-06	-1.45932e-06	0	3.53525	3.53525e+06	
41100	1.12959	25.1274	0	-3.22e-06	1.82229e-06	0	3.69988	3.69988e+06	
41200	1.0993	25.3963	0	-3.22e-06	1.82229e-06	0	3.69988	3.69988e+06	
41300	1.0968	25.6106	0	-3.22e-06	1.82229e-06	0	3.69988	3.69988e+06	
41400	1.12022	25.779	0	-3.22e-06	1.82229e-06	0	3.69988	3.69988e+06	
41500	1.13251	25.9812	0	-3.22e-06	1.82229e-06	0	3.69988	3.69988e+06	
41600	1.09862	26.4107	0	-3.22e-06	3.22e-06	0	4.55377	4.55377e+06	
41700	1.11874	26.7739	0	-3.22e-06	3.22e-06	0	4.55377	4.55377e+06	
41800	1.12778	27.1654	0	-3.22e-06	3.22e-06	0	4.55377	4.55377e+06	
41900	1.09232	27.587	0	-3.22e-06	3.22e-06	0	4.55377	4.55377e+06	
42000	1.13118	27.9393	0	-3.22e-06	3.22e-06	0	4.55377	4.55377e+06	
42100	1.10616	28.3611	0	-3.22e-06	3.20827e-06	0	4.54548	4.54548e+06	
42200	1.1139	28.7341	0	-3.22e-06	3.20827e-06	0	4.54548	4.54548e+06	
42300	1.13056	29.1154	0	-3.22e-06	3.20827e-06	0	4.54548	4.54548e+06	
42400	1.08813	29.5449	0	-3.22e-06	3.20827e-06	0	4.54548	4.54548e+06	
42500	1.12887	29.8913	0	-3.22e-06	3.20827e-06	0	4.54548	4.54548e+06	
42600	1.11576	30.305	0	-2.98473e-06	3.22e-06	0	4.39056	4.39056e+06	
42700	1.10964	30.6937	0	-2.98473e-06	3.22e-06	0	4.39056	4.39056e+06	
42800	1.13363	31.0696	0	-2.98473e-06	3.22e-06	0	4.39056	4.39056e+06	
42900	1.08962	31.5018	0	-2.98473e-06	3.22e-06	0	4.39056	4.39056e+06	
43000	1.12775	31.8542	0	-2.98473e-06	3.22e-06	0	4.39056	4.39056e+06	
43100	1.13221	32.0573	0	-3.22e-06	1.71051e-06	0	3.64613	3.64613e+06	
43200	1.1133	32.3005	0	-3.22e-06	1.71051e-06	0	3.64613	3.64613e+06	
43300	1.08834	32.5425	0	-3.22e-06	1.71051e-06	0	3.64613	3.64613e+06	
43400	1.1098	32.6954	0	-3.22e-06	1.71051e-06	0	3.64613	3.64613e+06	
43500	1.12776	32.8642	0	-3.22e-06	1.71051e-06	0	3.64613	3.64613e+06	
43600	1.13527	33.0463	0	-2.79363e-06	1.5317e-06	0	3.18598	3.18598e+06	
43700	1.12127	33.2596	0	-2.79363e-06	1.5317e-06	0	3.18598	3.18598e+06	
43800	1.09067	33.4895	0	-2.79363e-06	1.5317e-06	0	3.18598	3.18598e+06	
43900	1.10442	33.6407	0	-2.79363e-06	1.5317e-06	0	3.18598	3.18598e+06	
44000	1.1235	33.7826	0	-2.79363e-06	1.5317e-06	0	3.18598	3.18598e+06	
44100	1.12702	34.1764	0	-3.22e-06	3.22e-06	0	4.55377	4.55377e+06	
44200	1.09348	34.5956	0	-3.22e-06	3.22e-06	0	4.55377	4.55377e+06	
44300	1.12974	34.8697	0	-3.22e-06	3.22e-06	0	4.55377	4.55377e+06	
44400	1.12993	34.8701	0	-3.22e-06	3.22e-06	0	4.55377	4.55377e+06	
44500	1.12993	34.8701	0	-3.22e-06	3.22e-06	0	4.55377	4.55377e+06	
44600	1.12804	34.8523	0	-3.22e-06	1.47225e-06	0	3.54061	3.54061e+06	
44700	1.12804	34.8523	0	-3.22e-06	1.47225e-06	0	3.54061	3.54061e+06	
44800	1.12804	34.8523	0	-3.22e-06	1.47225e-06	0	3.54061	3.54061e+06	
44900	1.12804	34.8523	0	-3.22e-06	1.47225e-06	0	3.54061	3.54061e+06	
45000	1.12804	34.8523	0	-3.22e-06	1.47225e-06	0	3.54061	3.54061e+06	
45100	1.11747	34.7408	0	-3.22e-06	-4.20631e-07	0	3.24736	3.24736e+06	
45200	1.10265	34.6345	0	-3.22e-06	-4.20631e-07	0	3.24736	3.24736e+06	
45300	1.08857	34.5327	0	-3.22e-06	-4.20631e-07	0	3.24736	3.24736e+06	
45400	1.08743	34.4788	0	-3.22e-06	-4.20631e-07	0	3.24736	3.24736e+06	
45500	1.08908	34.4562	0	-3.22e-06	-4.20631e-07	0	3.24736	3.24736e+06	
45600	1.11861	34.2328	0	-3.22e-06	-2.2704e-06	0	3.93994	3.93994e+06	
45700	1.13266	33.9721	0	-3.22e-06	-2.2704e-06	0	3.93994	3.93994e+06	
45800	1.10826	33.6596	0	-3.22e-06	-2.2704e-06	0	3.93994	3.93994e+06	
45900	1.09784	33.3801	0	-3.22e-06	-2.2704e-06	0	3.93994	3.93994e+06	
46000	1.12644	33.1505	0	-3.22e-06	-2.2704e-06	0	3.93994	3.93994e+06	
46100	1.12939	32.8661	0	-3.22e-06	-2.31456e-06	0	3.96555	3.96555e+06	
46200	1.09031	32.536	0	-3.22e-06	-2.31456e-06	0	3.96555	3.96555e+06	
46300	1.11087	32.2935	0	-3.22e-06	-2.31456e-06	0	3.96555	3.96555e+06	
46400	1.13202	32.0402	0	-3.22e-06	-2.31456e-06	0	3.96555	3.96555e+06	
46500	1.11805	31.7339	0	-3.22e-06	-2.31456e-06	0	3.96555	3.96555e+06	
46600	1.09601	31.5585	0	-2.66136e-06	-1.05987e-06	0	2.86464	2.86464e+06	
46700	1.09483	31.4342	0	-2.66136e-06	-1.05987e-06	0	2.86464	2.86464e+06	
46800	1.10685	31.3528	0	-2.66136e-06	-1.05987e-06	0	2.86464	2.86464e+06	
46900	1.11876	31.2694	0	-2.66136e-06	-1.05987e-06	0	2.86464	2.86464e+06	
47000	1.12894	31.1732	0	-2.66136e-06	-1.05987e-06	0	2.86464	2.86464e+06	
47100	1.12254	30.7703	0	-3.21786e-06	-3.22e-06	0	4.55225	4.55225e+06	
47200	1.09959	30.3636	0	-3.21786e-06	-3.22e-06	0	4.55225	4.55225e+06	
47300	1.13257	30.0022	0	-3.21786e-06	-3.22e-06	0	4.55225	4.55225e+06	
47400	1.09584	29.5707	0	-3.21786e-06	-3.22e-06	0	4.55225	4.55225e+06	
47500	1.12038	29.2113	0	-3.21786e-06	-3.22e-06	0	4.55225	4.55225e+06	
47600	1.12871	28.8507	0	-3.22e-06	-2.96945e-06	0	4.38019	4.38019e+06	
47700	1.08845	28.4509	0	-3.22e-06	-2.96945e-06	0	4.38019	4.38019e+06	
47800	1.12719	28.136	0	-3.22e-06	-2.96945e-06	0	4.38019	4.38019e+06	
47900	1.12134	27.7599	0	-3.22e-06	-2.96945e-06	0	4.38019	4.38019e+06	
48000	1.09711	27.381	0	-3.22e-06	-2.96945e-06	0	4.38019	4.38019e+06	
48100	1.13308	27.0215	0	-3.0896e-06	-3.22e-06	0	4.46252	4.46252e+06	
48200	1.10028	26.5936	0	-3.0896e-06	-3.22e-06	0	4.46252	4.46252e+06	
48300	1.11924	26.2282	0	-3.0896e-06	-3.22e-06	0	4.46252	4.46252e+06	
48400	1.1288	25.8367	0	-3.0896e-06	-3.22e-06	0	4.46252	4.46252e+06	
48500	1.09276	25.4154	0	-3.0896e-06	-3.22e-06	0	4.46252	4.46252e+06	
48600	1.13337	25.0587	0	-2.88195e-06	-3.22e-06	0	4.32135	4.32135e+06	
48700	1.10866	24.6378	0	-2.88195e-06	-3.22e-06	0	4.32135	4.32135e+06	
48800	1.11645	24.2613	0	-2.88195e-06	-3.22e-06	0	4.32135	4.32135e+06	
48900	1.13246	23.8756	0	-2.88195e-06	-3.22e-06	0	4.32135	4.32135e+06	
49000	1.09074	23.4491	0	-2.88195e-06	-3.22e-06	0	4.32135	4.32135e+06	
49100	1.12817	23.4135	0	-5.64795e-07	-3.88123e-07	0	0.685298	685298	
49200	1.1339	23.3764	0	-5.64795e-07	-3.88123e-07	0	0.685298	685298	
49300	1.13951	23.3395	0	-5.64795e-07	-3.88123e-07	0	0.685298	685298	
49400	1.14495	23.302	0	-5.64795e-07	-3.88123e-07	0	0.685298	685298	
49500	1.15006	23.2635	0	-5.64795e-07	-3.88123e-07	0	0.685298	685298	
49600	1.17615	22.8661	0	-2.84149e-07	-3.22e-06	0	3.23251	3.23251e+06	
49700	1.15975	22.4642	0	-2.84149e-07	-3.22e-06	0	3.23251	3.23251e+06	
49800	1.16975	22.0686	0	-2.84149e-07	-3.22e-06	0	3.23251	3.23251e+06	
49900	1.17182	21.6671	0	-2.84149e-07	-3.22e-06	0	3.23251	3.23251e+06	
50000	1.15684	21.2685	0	-2.84149e-07	-3.22e-06	0	3.23251	3.23251e+06	
