0	42	10	0	3.22e-06	3.22e-06	0	4.55377	4.55377e+06	
100	42.4	10.4	0	3.22e-06	3.22e-06	0	4.55377	4.55377e+06	
200	42.8	10.8	0	3.22e-06	3.22e-06	0	4.55377	4.55377e+06	
300	43.2	11.2	0	3.22e-06	3.22e-06	0	4.55377	4.55377e+06	
400	43.6	11.6	0	3.22e-06	3.22e-06	0	4.55377	4.55377e+06	
500	44	12	0	3.22e-06	3.22e-06	0	4.55377	4.55377e+06	
600	44.4	12.4	0	3.22e-06	3.22e-06	0	4.55377	4.55377e+06	
700	44.8	12.8	0	3.22e-06	3.22e-06	0	4.55377	4.55377e+06	
800	45.2	13.2	0	3.22e-06	3.22e-06	0	4.55377	4.55377e+06	
900	45.6	13.6	0	3.22e-06	3.22e-06	0	4.55377	4.55377e+06	
1000	46	14	0	3.22e-06	3.22e-06	0	4.55377	4.55377e+06	
1100	46.1213	14.4	0	9.76573e-07	3.22e-06	0	3.36483	3.36483e+06	
1200	46.2426	14.8	0	9.76573e-07	3.22e-06	0	3.36483	3.36483e+06	
1300	46.3639	15.2	0	9.76573e-07	3.22e-06	0	3.36483	3.36483e+06	
1400	46.4853	15.6	0	9.76573e-07	3.22e-06	0	3.36483	3.36483e+06	
1500	46.6066	16	0	9.76573e-07	3.22e-06	0	3.36483	3.36483e+06	
1600	46.4511	16.1863	0	-1.25154e-06	1.49967e-06	0	1.95329	1.95329e+06	
1700	46.2956	16.3726	0	-1.25154e-06	1.49967e-06	0	1.95329	1.95329e+06	
1800	46.1402	16.5589	0	-1.25154e-06	1.49967e-06	0	1.95329	1.95329e+06	
1900	45.9847	16.7452	0	-1.25154e-06	1.49967e-06	0	1.95329	1.95329e+06	
2000	45.8292	16.9315	0	-1.25154e-06	1.49967e-06	0	1.95329	1.95329e+06	
2100	45.6548	17.1761	0	-1.40435e-06	1.96928e-06	0	2.41873	2.41873e+06	
2200	45.4803	17.4207	0	-1.40435e-06	1.96928e-06	0	2.41873	2.41873e+06	
2300	45.3059	17.6654	0	-1.40435e-06	1.96928e-06	0	2.41873	2.41873e+06	
2400	45.1314	17.91	0	-1.40435e-06	1.96928e-06	0	2.41873	2.41873e+06	
2500	44.9569	18.1546	0	-1.40435e-06	1.96928e-06	0	2.41873	2.41873e+06	
2600	44.9013	18.5546	0	-4.48021e-07	3.22e-06	0	3.25102	3.25102e+06	
2700	44.8456	18.9546	0	-4.48021e-07	3.22e-06	0	3.25102	3.25102e+06	
2800	44.79	19.3546	0	-4.48021e-07	3.22e-06	0	3.25102	3.25102e+06	
2900	44.7343	19.7546	0	-4.48021e-07	3.22e-06	0	3.25102	3.25102e+06	
3000	44.6787	20.1546	0	-4.48021e-07	3.22e-06	0	3.25102	3.25102e+06	
3100	44.6535	20.3332	0	-2.02793e-07	1.43747e-06	0	1.4517	1.4517e+06	
3200	44.6283	20.5118	0	-2.02793e-07	1.43747e-06	0	1.4517	1.4517e+06	
3300	44.6031	20.6903	0	-2.02793e-07	1.43747e-06	0	1.4517	1.4517e+06	
3400	44.5779	20.8689	0	-2.02793e-07	1.43747e-06	0	1.4517	1.4517e+06	
3500	44.5527	21.0475	0	-2.02793e-07	1.43747e-06	0	1.4517	1.4517e+06	
3600	44.6718	21.277	0	9.58662e-07	1.84762e-06	0	2.08152	2.08152e+06	
3700	44.7909	21.5065	0	9.58662e-07	1.84762e-06	0	2.08152	2.08152e+06	
3800	44.91	21.736	0	9.58662e-07	1.84762e-06	0	2.08152	2.08152e+06	
3900	45.0291	21.9655	0	9.58662e-07	1.84762e-06	0	2.08152	2.08152e+06	
4000	45.1482	22.1951	0	9.58662e-07	1.84762e-06	0	2.08152	2.08152e+06	
4100	45.5482	22.2827	0	3.22e-06	7.05424e-07	0	3.29637	3.29637e+06	
4200	45.9482	22.3703	0	3.22e-06	7.05424e-07	0	3.29637	3.29637e+06	
4300	46.3482	22.4579	0	3.22e-06	7.05424e-07	0	3.29637	3.29637e+06	
4400	46.7482	22.5456	0	3.22e-06	7.05424e-07	0	3.29637	3.29637e+06	
4500	47.1482	22.6332	0	3.22e-06	7.05424e-07	0	3.29637	3.29637e+06	
4600	47.5482	22.8202	0	3.22e-06	1.50508e-06	0	3.55439	3.55439e+06	
4700	47.9482	23.0071	0	3.22e-06	1.50508e-06	0	3.55439	3.55439e+06	
4800	48.3482	23.1941	0	3.22e-06	1.50508e-06	0	3.55439	3.55439e+06	
4900	48.7482	23.3811	0	3.22e-06	1.50508e-06	0	3.55439	3.55439e+06	
5000	49.1482	23.568	0	3.22e-06	1.50508e-06	0	3.55439	3.55439e+06	
5100	49.5372	23.8372	0	3.13155e-06	2.16691e-06	0	3.80816	3.80816e+06	
5200	49.9262	24.1064	0	3.13155e-06	2.16691e-06	0	3.80816	3.80816e+06	
5300	50.3152	24.3756	0	3.13155e-06	2.16691e-06	0	3.80816	3.80816e+06	
5400	50.7042	24.6448	0	3.13155e-06	2.16691e-06	0	3.80816	3.80816e+06	
5500	51.0932	24.9139	0	3.13155e-06	2.16691e-06	0	3.80816	3.80816e+06	
5600	51.4932	24.9766	0	3.22e-06	5.04036e-07	0	3.25921	3.25921e+06	
5700	51.8932	25.0392	0	3.22e-06	5.04036e-07	0	3.25921	3.25921e+06	
5800	52.2932	25.1018	0	3.22e-06	5.04036e-07	0	3.25921	3.25921e+06	
5900	52.6932	25.1644	0	3.22e-06	5.04036e-07	0	3.25921	3.25921e+06	
6000	53.0932	25.227	0	3.22e-06	5.04036e-07	0	3.25921	3.25921e+06	
6100	53.3949	24.9822	0	2.42817e-06	-1.97078e-06	0	3.1273	3.1273e+06	
6200	53.6965	24.7374	0	2.42817e-06	-1.97078e-06	0	3.1273	3.1273e+06	
6300	53.9981	24.4926	0	2.42817e-06	-1.97078e-06	0	3.1273	3.1273e+06	
6400	54.2765	24.2649	0	2.42817e-06	-1.97078e-06	0	3.1273	3.1273e+06	
6500	54.2679	24.2454	0	2.42817e-06	-1.97078e-06	0	3.1273	3.1273e+06	
6600	54.2253	24.2466	0	3.0757e-07	-4.54625e-07	0	0.548893	548893	
6700	54.2107	24.2268	0	3.0757e-07	-4.54625e-07	0	0.548893	548893	
6800	54.1964	24.2059	0	3.0757e-07	-4.54625e-07	0	0.548893	548893	
6900	54.1819	24.1842	0	3.0757e-07	-4.54625e-07	0	0.548893	548893	
7000	54.1673	24.1616	0	3.0757e-07	-4.54625e-07	0	0.548893	548893	
7100	54.2014	24.1616	0	1.86225e-06	-1.01655e-06	0	2.12164	2.12164e+06	
7200	54.2126	24.1789	0	1.86225e-06	-1.01655e-06	0	2.12164	2.12164e+06	
7300	54.2256	24.1984	0	1.86225e-06	-1.01655e-06	0	2.12164	2.12164e+06	
7400	54.2405	24.2202	0	1.86225e-06	-1.01655e-06	0	2.12164	2.12164e+06	
7500	54.2576	24.2446	0	1.86225e-06	-1.01655e-06	0	2.12164	2.12164e+06	
7600	54.3497	24.3516	0	3.22e-06	-1.03196e-06	0	3.38132	3.38132e+06	
7700	54.4613	24.4784	0	3.22e-06	-1.03196e-06	0	3.38132	3.38132e+06	
7800	54.6069	24.6177	0	3.22e-06	-1.03196e-06	0	3.38132	3.38132e+06	
7900	54.7948	24.764	0	3.22e-06	-1.03196e-06	0	3.38132	3.38132e+06	
8000	55.0328	24.9074	0	3.22e-06	-1.03196e-06	0	3.38132	3.38132e+06	
8100	55.1268	24.9431	0	2.30466e-06	-2.94549e-06	0	3.73997	3.73997e+06	
8200	55.2408	24.9908	0	2.30466e-06	-2.94549e-06	0	3.73997	3.73997e+06	
8300	55.3846	25.0403	0	2.30466e-06	-2.94549e-06	0	3.73997	3.73997e+06	
8400	55.5649	25.087	0	2.30466e-06	-2.94549e-06	0	3.73997	3.73997e+06	
8500	55.7884	25.1225	0	2.30466e-06	-2.94549e-06	0	3.73997	3.73997e+06	
8600	55.6854	25.11	0	-4.45115e-07	-3.22e-06	0	3.25062	3.25062e+06	
8700	55.5628	25.0885	0	-4.45115e-07	-3.22e-06	0	3.25062	3.25062e+06	
8800	55.4183	25.0535	0	-4.45115e-07	-3.22e-06	0	3.25062	3.25062e+06	
8900	55.2502	24.9991	0	-4.45115e-07	-3.22e-06	0	3.25062	3.25062e+06	
9000	55.0582	24.9174	0	-4.45115e-07	-3.22e-06	0	3.25062	3.25062e+06	
9100	54.7528	24.7436	0	-1.38615e-06	-3.22e-06	0	3.50568	3.50568e+06	
9200	54.4528	24.4939	0	-1.38615e-06	-3.22e-06	0	3.50568	3.50568e+06	
9300	54.1829	24.1732	0	-1.38615e-06	-3.22e-06	0	3.50568	3.50568e+06	
9400	53.9626	23.7992	0	-1.38615e-06	-3.22e-06	0	3.50568	3.50568e+06	
9500	53.7818	23.402	0	-1.38615e-06	-3.22e-06	0	3.50568	3.50568e+06	
9600	53.7512	23.4272	0	-2.43242e-07	2.02384e-07	0	0.316427	316427	
9700	53.7209	23.4524	0	-2.43242e-07	2.02384e-07	0	0.316427	316427	
9800	53.6906	23.4775	0	-2.43242e-07	2.02384e-07	0	0.316427	316427	
9900	53.6604	23.5027	0	-2.43242e-07	2.02384e-07	0	0.316427	316427	
10000	53.6302	23.5278	0	-2.43242e-07	2.02384e-07	0	0.316427	316427	
10100	53.6773	23.508	0	3.78904e-07	-1.59257e-07	0	0.411012	411012	
10200	53.7243	23.4882	0	3.78904e-07	-1.59257e-07	0	0.411012	411012	
10300	53.7713	23.4685	0	3.78904e-07	-1.59257e-07	0	0.411012	411012	
10400	53.8172	23.4489	0	3.78904e-07	-1.59257e-07	0	0.411012	411012	
10500	53.8534	23.4314	0	3.78904e-07	-1.59257e-07	0	0.411012	411012	
10600	53.922	23.4811	0	3.22e-06	-1.80221e-07	0	3.22504	3.22504e+06	
10700	53.94	23.5539	0	3.22e-06	-1.80221e-07	0	3.22504	3.22504e+06	
10800	53.9651	23.6405	0	3.22e-06	-1.80221e-07	0	3.22504	3.22504e+06	
10900	53.9999	23.7429	0	3.22e-06	-1.80221e-07	0	3.22504	3.22504e+06	
11000	54.0482	23.8629	0	3.22e-06	-1.80221e-07	0	3.22504	3.22504e+06	
11100	54.0112	23.7607	0	3.22e-06	-2.27662e-06	0	3.94353	3.94353e+06	
11200	53.9665	23.6327	0	3.22e-06	-2.27662e-06	0	3.94353	3.94353e+06	
11300	53.9222	23.47	0	3.22e-06	-2.27662e-06	0	3.94353	3.94353e+06	
11400	53.8854	23.2649	0	3.22e-06	-2.27662e-06	0	3.94353	3.94353e+06	
11500	53.8674	23.0106	0	3.22e-06	-2.27662e-06	0	3.94353	3.94353e+06	
11600	53.8623	22.8047	0	3.22e-06	-2.54894e-06	0	4.10676	4.10676e+06	
11700	53.8613	22.8036	0	3.22e-06	-2.54894e-06	0	4.10676	4.10676e+06	
11800	53.8613	22.8036	0	3.22e-06	-2.54894e-06	0	4.10676	4.10676e+06	
11900	53.8613	22.8036	0	3.22e-06	-2.54894e-06	0	4.10676	4.10676e+06	
12000	53.8613	22.8036	0	3.22e-06	-2.54894e-06	0	4.10676	4.10676e+06	
12100	53.7252	22.7111	0	7.86466e-07	-3.22e-06	0	3.31465	3.31465e+06	
12200	53.5885	22.6012	0	7.86466e-07	-3.22e-06	0	3.31465	3.31465e+06	
12300	53.4386	22.4571	0	7.86466e-07	-3.22e-06	0	3.31465	3.31465e+06	
12400	53.2812	22.2704	0	7.86466e-07	-3.22e-06	0	3.31465	3.31465e+06	
12500	53.1265	22.0336	0	7.86466e-07	-3.22e-06	0	3.31465	3.31465e+06	
12600	53.0188	21.7945	0	1.84837e-06	-3.22e-06	0	3.7128	3.7128e+06	
12700	52.9221	21.5001	0	1.84837e-06	-3.22e-06	0	3.7128	3.7128e+06	
12800	52.8637	21.1459	0	1.84837e-06	-3.22e-06	0	3.7128	3.7128e+06	
12900	52.8677	20.7418	0	1.84837e-06	-3.22e-06	0	3.7128	3.7128e+06	
13000	52.8877	20.3425	0	1.84837e-06	-3.22e-06	0	3.7128	3.7128e+06	
13100	52.7212	19.9463	0	-1.10488e-06	-3.22e-06	0	3.40429	3.40429e+06	
13200	52.5839	19.5463	0	-1.10488e-06	-3.22e-06	0	3.40429	3.40429e+06	
13300	52.4467	19.1463	0	-1.10488e-06	-3.22e-06	0	3.40429	3.40429e+06	
13400	52.3094	18.7463	0	-1.10488e-06	-3.22e-06	0	3.40429	3.40429e+06	
13500	52.1722	18.3463	0	-1.10488e-06	-3.22e-06	0	3.40429	3.40429e+06	
13600	52.0903	17.9463	0	-6.59048e-07	-3.22e-06	0	3.28675	3.28675e+06	
13700	52.0084	17.5463	0	-6.59048e-07	-3.22e-06	0	3.28675	3.28675e+06	
13800	51.9266	17.1463	0	-6.59048e-07	-3.22e-06	0	3.28675	3.28675e+06	
13900	51.8447	16.7463	0	-6.59048e-07	-3.22e-06	0	3.28675	3.28675e+06	
14000	51.7628	16.3463	0	-6.59048e-07	-3.22e-06	0	3.28675	3.28675e+06	
14100	51.7578	15.9463	0	-4.05732e-08	-3.22e-06	0	3.22026	3.22026e+06	
14200	51.7527	15.5463	0	-4.05732e-08	-3.22e-06	0	3.22026	3.22026e+06	
14300	51.7477	15.1463	0	-4.05732e-08	-3.22e-06	0	3.22026	3.22026e+06	
14400	51.7427	14.7463	0	-4.05732e-08	-3.22e-06	0	3.22026	3.22026e+06	
14500	51.7376	14.3463	0	-4.05732e-08	-3.22e-06	0	3.22026	3.22026e+06	
14600	51.8374	13.9463	0	8.03019e-07	-3.22e-06	0	3.31862	3.31862e+06	
14700	51.9371	13.5463	0	8.03019e-07	-3.22e-06	0	3.31862	3.31862e+06	
14800	52.0369	13.1463	0	8.03019e-07	-3.22e-06	0	3.31862	3.31862e+06	
14900	52.1366	12.7463	0	8.03019e-07	-3.22e-06	0	3.31862	3.31862e+06	
15000	52.2364	12.3463	0	8.03019e-07	-3.22e-06	0	3.31862	3.31862e+06	
15100	51.8364	11.9463	0	-3.22e-06	-3.22e-06	0	4.55377	4.55377e+06	
15200	51.4364	11.5463	0	-3.22e-06	-3.22e-06	0	4.55377	4.55377e+06	
15300	51.0364	11.1463	0	-3.22e-06	-3.22e-06	0	4.55377	4.55377e+06	
15400	50.6364	10.7463	0	-3.22e-06	-3.22e-06	0	4.55377	4.55377e+06	
15500	50.2364	10.3463	0	-3.22e-06	-3.22e-06	0	4.55377	4.55377e+06	
15600	49.8364	9.99833	0	-3.22e-06	-2.80152e-06	0	4.26813	4.26813e+06	
15700	49.4364	9.65031	0	-3.22e-06	-2.80152e-06	0	4.26813	4.26813e+06	
15800	49.0364	9.3023	0	-3.22e-06	-2.80152e-06	0	4.26813	4.26813e+06	
15900	48.6185	9.10645	0	-3.22e-06	-2.80152e-06	0	4.26813	4.26813e+06	
16000	48.2453	9.11896	0	-3.22e-06	-2.80152e-06	0	4.26813	4.26813e+06	
16100	47.8483	9.28721	0	-3.22e-06	1.09554e-06	0	3.40127	3.40127e+06	
16200	47.4483	9.42332	0	-3.22e-06	1.09554e-06	0	3.40127	3.40127e+06	
16300	47.0483	9.55941	0	-3.22e-06	1.09554e-06	0	3.40127	3.40127e+06	
16400	46.6483	9.69551	0	-3.22e-06	1.09554e-06	0	3.40127	3.40127e+06	
16500	46.2483	9.8316	0	-3.22e-06	1.09554e-06	0	3.40127	3.40127e+06	
16600	45.8483	9.81053	0	-3.22e-06	-1.69646e-07	0	3.22447	3.22447e+06	
16700	45.4483	9.78945	0	-3.22e-06	-1.69646e-07	0	3.22447	3.22447e+06	
16800	45.0483	9.76838	0	-3.22e-06	-1.69646e-07	0	3.22447	3.22447e+06	
16900	44.6483	9.7473	0	-3.22e-06	-1.69646e-07	0	3.22447	3.22447e+06	
17000	44.2483	9.72623	0	-3.22e-06	-1.69646e-07	0	3.22447	3.22447e+06	
17100	43.8483	9.68022	0	-3.22e-06	-3.70377e-07	0	3.24123	3.24123e+06	
17200	43.4483	9.63421	0	-3.22e-06	-3.70377e-07	0	3.24123	3.24123e+06	
17300	43.0483	9.5882	0	-3.22e-06	-3.70377e-07	0	3.24123	3.24123e+06	
17400	42.6483	9.54219	0	-3.22e-06	-3.70377e-07	0	3.24123	3.24123e+06	
17500	42.2483	9.49618	0	-3.22e-06	-3.70377e-07	0	3.24123	3.24123e+06	
17600	42.1135	9.47977	0	-1.08481e-06	-1.32152e-07	0	1.09283	1.09283e+06	
17700	41.9788	9.46335	0	-1.08481e-06	-1.32152e-07	0	1.09283	1.09283e+06	
17800	41.844	9.44693	0	-1.08481e-06	-1.32152e-07	0	1.09283	1.09283e+06	
17900	41.7093	9.43052	0	-1.08481e-06	-1.32152e-07	0	1.09283	1.09283e+06	
18000	41.5745	9.4141	0	-1.08481e-06	-1.32152e-07	0	1.09283	1.09283e+06	
18100	41.1745	9.47233	0	-3.22e-06	4.68791e-07	0	3.25395	3.25395e+06	
18200	40.7745	9.53057	0	-3.22e-06	4.68791e-07	0	3.25395	3.25395e+06	
18300	40.3745	9.5888	0	-3.22e-06	4.68791e-07	0	3.25395	3.25395e+06	
18400	39.9745	9.64704	0	-3.22e-06	4.68791e-07	0	3.25395	3.25395e+06	
18500	39.5745	9.70527	0	-3.22e-06	4.68791e-07	0	3.25395	3.25395e+06	
18600	39.4461	9.45181	0	-1.03368e-06	-2.04042e-06	0	2.28732	2.28732e+06	
18700	39.3177	9.19834	0	-1.03368e-06	-2.04042e-06	0	2.28732	2.28732e+06	
18800	39.1893	8.94487	0	-1.03368e-06	-2.04042e-06	0	2.28732	2.28732e+06	
18900	39.0609	8.6914	0	-1.03368e-06	-2.04042e-06	0	2.28732	2.28732e+06	
19000	38.9325	8.43793	0	-1.03368e-06	-2.04042e-06	0	2.28732	2.28732e+06	
19100	38.9838	8.56674	0	4.12965e-07	1.03695e-06	0	1.11615	1.11615e+06	
19200	39.0351	8.69556	0	4.12965e-07	1.03695e-06	0	1.11615	1.11615e+06	
19300	39.0864	8.82437	0	4.12965e-07	1.03695e-06	0	1.11615	1.11615e+06	
19400	39.1377	8.95318	0	4.12965e-07	1.03695e-06	0	1.11615	1.11615e+06	
19500	39.189	9.082	0	4.12965e-07	1.03695e-06	0	1.11615	1.11615e+06	
19600	39.3209	8.75951	0	1.06192e-06	-2.59604e-06	0	2.80484	2.80484e+06	
19700	39.4528	8.43702	0	1.06192e-06	-2.59604e-06	0	2.80484	2.80484e+06	
19800	39.5847	8.11453	0	1.06192e-06	-2.59604e-06	0	2.80484	2.80484e+06	
19900	39.7166	7.79204	0	1.06192e-06	-2.59604e-06	0	2.80484	2.80484e+06	
20000	39.8485	7.46955	0	1.06192e-06	-2.59604e-06	0	2.80484	2.80484e+06	
20100	39.4551	7.732	0	-3.16713e-06	2.1127e-06	0	3.80713	3.80713e+06	
20200	39.0617	7.99444	0	-3.16713e-06	2.1127e-06	0	3.80713	3.80713e+06	
20300	38.6683	8.25689	0	-3.16713e-06	2.1127e-06	0	3.80713	3.80713e+06	
20400	38.2748	8.51934	0	-3.16713e-06	2.1127e-06	0	3.80713	3.80713e+06	
20500	37.8814	8.78178	0	-3.16713e-06	2.1127e-06	0	3.80713	3.80713e+06	
20600	38.1316	8.61615	0	2.01391e-06	-1.33333e-06	0	2.41528	2.41528e+06	
20700	38.3817	8.45052	0	2.01391e-06	-1.33333e-06	0	2.41528	2.41528e+06	
20800	38.6319	8.28489	0	2.01391e-06	-1.33333e-06	0	2.41528	2.41528e+06	
20900	38.8821	8.11926	0	2.01391e-06	-1.33333e-06	0	2.41528	2.41528e+06	
21000	39.1323	7.95363	0	2.01391e-06	-1.33333e-06	0	2.41528	2.41528e+06	
21100	39.5127	7.63626	0	3.06244e-06	-2.55485e-06	0	3.98821	3.98821e+06	
21200	39.8931	7.31888	0	3.06244e-06	-2.55485e-06	0	3.98821	3.98821e+06	
21300	40.2735	7.00151	0	3.06244e-06	-2.55485e-06	0	3.98821	3.98821e+06	
21400	40.654	6.68414	0	3.06244e-06	-2.55485e-06	0	3.98821	3.98821e+06	
21500	41.0344	6.36677	0	3.06244e-06	-2.55485e-06	0	3.98821	3.98821e+06	
21600	40.7568	6.44441	0	-2.23504e-06	6.25014e-07	0	2.32079	2.32079e+06	
21700	40.4791	6.52205	0	-2.23504e-06	6.25014e-07	0	2.32079	2.32079e+06	
21800	40.2015	6.59969	0	-2.23504e-06	6.25014e-07	0	2.32079	2.32079e+06	
21900	39.9238	6.67733	0	-2.23504e-06	6.25014e-07	0	2.32079	2.32079e+06	
22000	39.6462	6.75497	0	-2.23504e-06	6.25014e-07	0	2.32079	2.32079e+06	
22100	39.7591	7.05258	0	9.08777e-07	2.3957e-06	0	2.56228	2.56228e+06	
22200	39.872	7.35018	0	9.08777e-07	2.3957e-06	0	2.56228	2.56228e+06	
22300	39.9849	7.64778	0	9.08777e-07	2.3957e-06	0	2.56228	2.56228e+06	
22400	40.0977	7.94539	0	9.08777e-07	2.3957e-06	0	2.56228	2.56228e+06	
22500	40.2106	8.24299	0	9.08777e-07	2.3957e-06	0	2.56228	2.56228e+06	
22600	40.6106	8.20395	0	3.22e-06	-3.14278e-07	0	3.2353	3.2353e+06	
22700	41.0106	8.16491	0	3.22e-06	-3.14278e-07	0	3.2353	3.2353e+06	
22800	41.4106	8.12587	0	3.22e-06	-3.14278e-07	0	3.2353	3.2353e+06	
22900	41.8106	8.08683	0	3.22e-06	-3.14278e-07	0	3.2353	3.2353e+06	
23000	42.2106	8.04779	0	3.22e-06	-3.14278e-07	0	3.2353	3.2353e+06	
23100	42.1683	8.26893	0	-3.40949e-07	1.78024e-06	0	1.81259	1.81259e+06	
23200	42.1259	8.49008	0	-3.40949e-07	1.78024e-06	0	1.81259	1.81259e+06	
23300	42.0836	8.71123	0	-3.40949e-07	1.78024e-06	0	1.81259	1.81259e+06	
23400	42.0412	8.93237	0	-3.40949e-07	1.78024e-06	0	1.81259	1.81259e+06	
23500	41.9989	9.15352	0	-3.40949e-07	1.78024e-06	0	1.81259	1.81259e+06	
23600	41.9748	8.86155	0	-1.93885e-07	-2.35038e-06	0	2.35836	2.35836e+06	
23700	41.9507	8.56958	0	-1.93885e-07	-2.35038e-06	0	2.35836	2.35836e+06	
23800	41.9266	8.27761	0	-1.93885e-07	-2.35038e-06	0	2.35836	2.35836e+06	
23900	41.9025	7.98563	0	-1.93885e-07	-2.35038e-06	0	2.35836	2.35836e+06	
24000	41.8784	7.69366	0	-1.93885e-07	-2.35038e-06	0	2.35836	2.35836e+06	
24100	41.4784	7.39543	0	-3.22e-06	-2.40078e-06	0	4.01648	4.01648e+06	
24200	41.0784	7.09719	0	-3.22e-06	-2.40078e-06	0	4.01648	4.01648e+06	
24300	40.6784	6.79896	0	-3.22e-06	-2.40078e-06	0	4.01648	4.01648e+06	
24400	40.2784	6.50073	0	-3.22e-06	-2.40078e-06	0	4.01648	4.01648e+06	
24500	39.8784	6.2025	0	-3.22e-06	-2.40078e-06	0	4.01648	4.01648e+06	
24600	39.4784	6.57513	0	-3.22e-06	2.99973e-06	0	4.40077	4.40077e+06	
24700	39.0784	6.94777	0	-3.22e-06	2.99973e-06	0	4.40077	4.40077e+06	
24800	38.6784	7.32041	0	-3.22e-06	2.99973e-06	0	4.40077	4.40077e+06	
24900	38.2784	7.69304	0	-3.22e-06	2.99973e-06	0	4.40077	4.40077e+06	
25000	37.8784	8.06568	0	-3.22e-06	2.99973e-06	0	4.40077	4.40077e+06	
25100	38.1766	8.04423	0	2.40034e-06	-1.72677e-07	0	2.40654	2.40654e+06	
25200	38.4748	8.02278	0	2.40034e-06	-1.72677e-07	0	2.40654	2.40654e+06	
25300	38.773	8.00133	0	2.40034e-06	-1.72677e-07	0	2.40654	2.40654e+06	
25400	39.0712	7.97988	0	2.40034e-06	-1.72677e-07	0	2.40654	2.40654e+06	
25500	39.3693	7.95843	0	2.40034e-06	-1.72677e-07	0	2.40654	2.40654e+06	
25600	39.7262	8.14943	0	2.87242e-06	1.53757e-06	0	3.25805	3.25805e+06	
25700	40.083	8.34043	0	2.87242e-06	1.53757e-06	0	3.25805	3.25805e+06	
25800	40.4398	8.53144	0	2.87242e-06	1.53757e-06	0	3.25805	3.25805e+06	
25900	40.7966	8.72244	0	2.87242e-06	1.53757e-06	0	3.25805	3.25805e+06	
26000	41.1534	8.91344	0	2.87242e-06	1.53757e-06	0	3.25805	3.25805e+06	
26100	41.5534	8.62012	0	3.22e-06	-2.36119e-06	0	3.99295	3.99295e+06	
26200	41.9534	8.32681	0	3.22e-06	-2.36119e-06	0	3.99295	3.99295e+06	
26300	42.3534	8.03349	0	3.22e-06	-2.36119e-06	0	3.99295	3.99295e+06	
26400	42.7534	7.74018	0	3.22e-06	-2.36119e-06	0	3.99295	3.99295e+06	
26500	43.1534	7.44686	0	3.22e-06	-2.36119e-06	0	3.99295	3.99295e+06	
26600	43.5533	7.74007	0	3.22e-06	2.35912e-06	0	3.99172	3.99172e+06	
26700	43.953	8.03358	0	3.22e-06	2.35912e-06	0	3.99172	3.99172e+06	
26800	44.3197	8.35098	0	3.22e-06	2.35912e-06	0	3.99172	3.99172e+06	
26900	44.654	8.70801	0	3.22e-06	2.35912e-06	0	3.99172	3.99172e+06	
27000	45.0426	9.01774	0	3.22e-06	2.35912e-06	0	3.99172	3.99172e+06	
27100	45.3414	9.03047	0	3.22e-06	-2.02058e-06	0	3.80146	3.80146e+06	
27200	45.66	9.11031	0	3.22e-06	-2.02058e-06	0	3.80146	3.80146e+06	
27300	46.0381	9.14185	0	3.22e-06	-2.02058e-06	0	3.80146	3.80146e+06	
27400	46.4586	9.10344	0	3.22e-06	-2.02058e-06	0	3.80146	3.80146e+06	
27500	46.8288	9.13258	0	3.22e-06	-2.02058e-06	0	3.80146	3.80146e+06	
27600	47.23	9.13616	0	3.22e-06	-1.7546e-06	0	3.66702	3.66702e+06	
27700	47.6333	9.10952	0	3.22e-06	-1.7546e-06	0	3.66702	3.66702e+06	
27800	48.0114	9.14449	0	3.22e-06	-1.7546e-06	0	3.66702	3.66702e+06	
27900	48.4276	9.11157	0	3.22e-06	-1.7546e-06	0	3.66702	3.66702e+06	
28000	48.8043	9.13257	0	3.22e-06	-1.7546e-06	0	3.66702	3.66702e+06	
28100	48.8351	9.14664	0	3.54084e-07	-1.14741e-06	0	1.2008	1.2008e+06	
28200	48.8691	9.14905	0	3.54084e-07	-1.14741e-06	0	1.2008	1.2008e+06	
28300	48.9054	9.15104	0	3.54084e-07	-1.14741e-06	0	1.2008	1.2008e+06	
28400	48.9444	9.15249	0	3.54084e-07	-1.14741e-06	0	1.2008	1.2008e+06	
28500	48.986	9.15328	0	3.54084e-07	-1.14741e-06	0	1.2008	1.2008e+06	
28600	48.9752	9.1326	0	-5.9069e-08	-3.22e-06	0	3.22054	3.22054e+06	
28700	48.9621	9.13241	0	-5.9069e-08	-3.22e-06	0	3.22054	3.22054e+06	
28800	48.9462	9.13208	0	-5.9069e-08	-3.22e-06	0	3.22054	3.22054e+06	
28900	48.9271	9.13152	0	-5.9069e-08	-3.22e-06	0	3.22054	3.22054e+06	
29000	48.9041	9.13062	0	-5.9069e-08	-3.22e-06	0	3.22054	3.22054e+06	
29100	48.7578	9.12255	0	-9.64498e-07	-2.81836e-06	0	2.97882	2.97882e+06	
29200	48.5921	9.09948	0	-9.64498e-07	-2.81836e-06	0	2.97882	2.97882e+06	
29300	48.4609	9.09106	0	-9.64498e-07	-2.81836e-06	0	2.97882	2.97882e+06	
29400	48.3877	9.10043	0	-9.64498e-07	-2.81836e-06	0	2.97882	2.97882e+06	
29500	48.3225	9.11044	0	-9.64498e-07	-2.81836e-06	0	2.97882	2.97882e+06	
29600	48.0874	9.24713	0	-1.93004e-06	8.07824e-07	0	2.09228	2.09228e+06	
29700	47.8477	9.34773	0	-1.93004e-06	8.07824e-07	0	2.09228	2.09228e+06	
29800	47.6079	9.44808	0	-1.93004e-06	8.07824e-07	0	2.09228	2.09228e+06	
29900	47.3682	9.54843	0	-1.93004e-06	8.07824e-07	0	2.09228	2.09228e+06	
30000	47.1284	9.64879	0	-1.93004e-06	8.07824e-07	0	2.09228	2.09228e+06	
30100	46.7284	9.48605	0	-3.22e-06	-1.31e-06	0	3.47628	3.47628e+06	
30200	46.3284	9.32332	0	-3.22e-06	-1.31e-06	0	3.47628	3.47628e+06	
30300	45.9283	9.16965	0	-3.22e-06	-1.31e-06	0	3.47628	3.47628e+06	
30400	45.5152	9.10867	0	-3.22e-06	-1.31e-06	0	3.47628	3.47628e+06	
30500	45.0995	8.99592	0	-3.22e-06	-1.31e-06	0	3.47628	3.47628e+06	
30600	44.7036	8.87666	0	-3.16559e-06	-1.00346e-06	0	3.32083	3.32083e+06	
30700	44.3103	8.75204	0	-3.16559e-06	-1.00346e-06	0	3.32083	3.32083e+06	
30800	43.9171	8.62738	0	-3.16559e-06	-1.00346e-06	0	3.32083	3.32083e+06	
30900	43.5238	8.50273	0	-3.16559e-06	-1.00346e-06	0	3.32083	3.32083e+06	
31000	43.1306	8.37808	0	-3.16559e-06	-1.00346e-06	0	3.32083	3.32083e+06	
31100	42.7306	8.36471	0	-3.22e-06	-1.07564e-07	0	3.2218	3.2218e+06	
31200	42.3306	8.35135	0	-3.22e-06	-1.07564e-07	0	3.2218	3.2218e+06	
31300	41.9306	8.33799	0	-3.22e-06	-1.07564e-07	0	3.2218	3.2218e+06	
31400	41.5306	8.32463	0	-3.22e-06	-1.07564e-07	0	3.2218	3.2218e+06	
31500	41.1306	8.31127	0	-3.22e-06	-1.07564e-07	0	3.2218	3.2218e+06	
31600	41.317	8.51998	0	1.50053e-06	1.68015e-06	0	2.25267	2.25267e+06	
31700	41.5034	8.7287	0	1.50053e-06	1.68015e-06	0	2.25267	2.25267e+06	
31800	41.6898	8.93741	0	1.50053e-06	1.68015e-06	0	2.25267	2.25267e+06	
31900	41.8762	9.14613	0	1.50053e-06	1.68015e-06	0	2.25267	2.25267e+06	
32000	42.0626	9.35484	0	1.50053e-06	1.68015e-06	0	2.25267	2.25267e+06	
32100	41.8751	9.60915	0	-1.50907e-06	2.04719e-06	0	2.54328	2.54328e+06	
32200	41.6877	9.86346	0	-1.50907e-06	2.04719e-06	0	2.54328	2.54328e+06	
32300	41.5002	10.1178	0	-1.50907e-06	2.04719e-06	0	2.54328	2.54328e+06	
32400	41.3127	10.3721	0	-1.50907e-06	2.04719e-06	0	2.54328	2.54328e+06	
32500	41.1253	10.6264	0	-1.50907e-06	2.04719e-06	0	2.54328	2.54328e+06	
32600	41.3491	10.677	0	1.802e-06	4.07066e-07	0	1.8474	1.8474e+06	
32700	41.573	10.7275	0	1.802e-06	4.07066e-07	0	1.8474	1.8474e+06	
32800	41.7968	10.7781	0	1.802e-06	4.07066e-07	0	1.8474	1.8474e+06	
32900	42.0207	10.8287	0	1.802e-06	4.07066e-07	0	1.8474	1.8474e+06	
33000	42.2445	10.8792	0	1.802e-06	4.07066e-07	0	1.8474	1.8474e+06	
33100	42.0603	10.4792	0	-1.48306e-06	-3.22e-06	0	3.54512	3.54512e+06	
33200	41.8761	10.0792	0	-1.48306e-06	-3.22e-06	0	3.54512	3.54512e+06	
33300	41.6918	9.67922	0	-1.48306e-06	-3.22e-06	0	3.54512	3.54512e+06	
33400	41.5076	9.27922	0	-1.48306e-06	-3.22e-06	0	3.54512	3.54512e+06	
33500	41.3234	8.87922	0	-1.48306e-06	-3.22e-06	0	3.54512	3.54512e+06	
33600	41.1686	8.53773	0	-1.24598e-06	-2.74901e-06	0	3.01819	3.01819e+06	
33700	41.0138	8.19624	0	-1.24598e-06	-2.74901e-06	0	3.01819	3.01819e+06	
33800	40.859	7.85475	0	-1.24598e-06	-2.74901e-06	0	3.01819	3.01819e+06	
33900	40.7042	7.51326	0	-1.24598e-06	-2.74901e-06	0	3.01819	3.01819e+06	
34000	40.5495	7.17176	0	-1.24598e-06	-2.74901e-06	0	3.01819	3.01819e+06	
34100	40.2889	7.20426	0	-2.09738e-06	2.61577e-07	0	2.11363	2.11363e+06	
34200	40.0284	7.23675	0	-2.09738e-06	2.61577e-07	0	2.11363	2.11363e+06	
34300	39.7678	7.26925	0	-2.09738e-06	2.61577e-07	0	2.11363	2.11363e+06	
34400	39.5073	7.30174	0	-2.09738e-06	2.61577e-07	0	2.11363	2.11363e+06	
34500	39.2467	7.33423	0	-2.09738e-06	2.61577e-07	0	2.11363	2.11363e+06	
34600	39.2683	7.03623	0	1.73854e-07	-2.39891e-06	0	2.4052	2.4052e+06	
34700	39.2899	6.73823	0	1.73854e-07	-2.39891e-06	0	2.4052	2.4052e+06	
34800	39.3115	6.44023	0	1.73854e-07	-2.39891e-06	0	2.4052	2.4052e+06	
34900	39.3331	6.14223	0	1.73854e-07	-2.39891e-06	0	2.4052	2.4052e+06	
35000	39.3547	5.84423	0	1.73854e-07	-2.39891e-06	0	2.4052	2.4052e+06	
35100	39.0131	5.47994	0	-2.74989e-06	-2.93254e-06	0	4.02016	4.02016e+06	
35200	38.6715	5.11564	0	-2.74989e-06	-2.93254e-06	0	4.02016	4.02016e+06	
35300	38.3299	4.75135	0	-2.74989e-06	-2.93254e-06	0	4.02016	4.02016e+06	
35400	37.9883	4.38706	0	-2.74989e-06	-2.93254e-06	0	4.02016	4.02016e+06	
35500	37.6467	4.02277	0	-2.74989e-06	-2.93254e-06	0	4.02016	4.02016e+06	
35600	37.3705	4.11608	0	-2.22398e-06	7.51106e-07	0	2.3474	2.3474e+06	
35700	37.0942	4.20938	0	-2.22398e-06	7.51106e-07	0	2.3474	2.3474e+06	
35800	36.8179	4.30269	0	-2.22398e-06	7.51106e-07	0	2.3474	2.3474e+06	
35900	36.5416	4.39599	0	-2.22398e-06	7.51106e-07	0	2.3474	2.3474e+06	
36000	36.2654	4.4893	0	-2.22398e-06	7.51106e-07	0	2.3474	2.3474e+06	
36100	36.3811	4.80592	0	9.31515e-07	2.54884e-06	0	2.71372	2.71372e+06	
36200	36.4968	5.12255	0	9.31515e-07	2.54884e-06	0	2.71372	2.71372e+06	
36300	36.6125	5.43917	0	9.31515e-07	2.54884e-06	0	2.71372	2.71372e+06	
36400	36.7282	5.7558	0	9.31515e-07	2.54884e-06	0	2.71372	2.71372e+06	
36500	36.8439	6.07242	0	9.31515e-07	2.54884e-06	0	2.71372	2.71372e+06	
36600	37.0277	6.47242	0	1.47892e-06	3.22e-06	0	3.54339	3.54339e+06	
36700	37.2114	6.87242	0	1.47892e-06	3.22e-06	0	3.54339	3.54339e+06	
36800	37.3951	7.27242	0	1.47892e-06	3.22e-06	0	3.54339	3.54339e+06	
36900	37.5788	7.67242	0	1.47892e-06	3.22e-06	0	3.54339	3.54339e+06	
37000	37.7625	8.07242	0	1.47892e-06	3.22e-06	0	3.54339	3.54339e+06	
37100	38.1625	8.23564	0	3.22e-06	1.3139e-06	0	3.47775	3.47775e+06	
37200	38.5625	8.39886	0	3.22e-06	1.3139e-06	0	3.47775	3.47775e+06	
37300	38.9625	8.56208	0	3.22e-06	1.3139e-06	0	3.47775	3.47775e+06	
37400	39.3625	8.72529	0	3.22e-06	1.3139e-06	0	3.47775	3.47775e+06	
37500	39.7625	8.88851	0	3.22e-06	1.3139e-06	0	3.47775	3.47775e+06	
37600	40.1625	9.02315	0	3.22e-06	1.08381e-06	0	3.39751	3.39751e+06	
37700	40.5625	9.15778	0	3.22e-06	1.08381e-06	0	3.39751	3.39751e+06	
37800	40.9625	9.29242	0	3.22e-06	1.08381e-06	0	3.39751	3.39751e+06	
37900	41.3625	9.42705	0	3.22e-06	1.08381e-06	0	3.39751	3.39751e+06	
38000	41.7625	9.56169	0	3.22e-06	1.08381e-06	0	3.39751	3.39751e+06	
38100	42.0579	9.78644	0	2.37776e-06	1.80929e-06	0	2.98786	2.98786e+06	
38200	42.3533	10.0112	0	2.37776e-06	1.80929e-06	0	2.98786	2.98786e+06	
38300	42.6487	10.236	0	2.37776e-06	1.80929e-06	0	2.98786	2.98786e+06	
38400	42.944	10.4607	0	2.37776e-06	1.80929e-06	0	2.98786	2.98786e+06	
38500	43.2394	10.6855	0	2.37776e-06	1.80929e-06	0	2.98786	2.98786e+06	
38600	43.3322	10.9904	0	7.47297e-07	2.45494e-06	0	2.56616	2.56616e+06	
38700	43.4251	11.2954	0	7.47297e-07	2.45494e-06	0	2.56616	2.56616e+06	
38800	43.5179	11.6004	0	7.47297e-07	2.45494e-06	0	2.56616	2.56616e+06	
38900	43.6107	11.9053	0	7.47297e-07	2.45494e-06	0	2.56616	2.56616e+06	
39000	43.7036	12.2103	0	7.47297e-07	2.45494e-06	0	2.56616	2.56616e+06	
39100	43.9135	12.4151	0	1.68989e-06	1.64881e-06	0	2.361	2.361e+06	
39200	44.1234	12.6199	0	1.68989e-06	1.64881e-06	0	2.361	2.361e+06	
39300	44.3333	12.8247	0	1.68989e-06	1.64881e-06	0	2.361	2.361e+06	
39400	44.5433	13.0296	0	1.68989e-06	1.64881e-06	0	2.361	2.361e+06	
39500	44.7532	13.2344	0	1.68989e-06	1.64881e-06	0	2.361	2.361e+06	
39600	44.7215	13.287	0	-2.55061e-07	4.23569e-07	0	0.494436	494436	
39700	44.6898	13.3396	0	-2.55061e-07	4.23569e-07	0	0.494436	494436	
39800	44.6581	13.3922	0	-2.55061e-07	4.23569e-07	0	0.494436	494436	
39900	44.6264	13.4449	0	-2.55061e-07	4.23569e-07	0	0.494436	494436	
40000	44.5948	13.4975	0	-2.55061e-07	4.23569e-07	0	0.494436	494436	
40100	44.3871	13.6738	0	-1.6719e-06	1.41979e-06	0	2.19341	2.19341e+06	
40200	44.1794	13.8502	0	-1.6719e-06	1.41979e-06	0	2.19341	2.19341e+06	
40300	43.9717	14.0266	0	-1.6719e-06	1.41979e-06	0	2.19341	2.19341e+06	
40400	43.764	14.203	0	-1.6719e-06	1.41979e-06	0	2.19341	2.19341e+06	
40500	43.5563	14.3793	0	-1.6719e-06	1.41979e-06	0	2.19341	2.19341e+06	
40600	43.5958	14.213	0	3.1815e-07	-1.33887e-06	0	1.37615	1.37615e+06	
40700	43.6354	14.0467	0	3.1815e-07	-1.33887e-06	0	1.37615	1.37615e+06	
40800	43.6749	13.8804	0	3.1815e-07	-1.33887e-06	0	1.37615	1.37615e+06	
40900	43.7144	13.7141	0	3.1815e-07	-1.33887e-06	0	1.37615	1.37615e+06	
41000	43.7539	13.5477	0	3.1815e-07	-1.33887e-06	0	1.37615	1.37615e+06	
41100	43.8709	13.6266	0	9.41755e-07	6.3502e-07	0	1.13585	1.13585e+06	
41200	43.9879	13.7055	0	9.41755e-07	6.3502e-07	0	1.13585	1.13585e+06	
41300	44.1049	13.7844	0	9.41755e-07	6.3502e-07	0	1.13585	1.13585e+06	
41400	44.2219	13.8633	0	9.41755e-07	6.3502e-07	0	1.13585	1.13585e+06	
41500	44.3389	13.9422	0	9.41755e-07	6.3502e-07	0	1.13585	1.13585e+06	
41600	44.7389	13.5793	0	3.22e-06	-2.92091e-06	0	4.34742	4.34742e+06	
41700	45.1389	13.2165	0	3.22e-06	-2.92091e-06	0	4.34742	4.34742e+06	
41800	45.5389	12.8536	0	3.22e-06	-2.92091e-06	0	4.34742	4.34742e+06	
41900	45.9389	12.4908	0	3.22e-06	-2.92091e-06	0	4.34742	4.34742e+06	
42000	46.3389	12.1279	0	3.22e-06	-2.92091e-06	0	4.34742	4.34742e+06	
42100	46.3405	11.8508	0	1.33644e-08	-2.23088e-06	0	2.23092	2.23092e+06	
42200	46.3422	11.5737	0	1.33644e-08	-2.23088e-06	0	2.23092	2.23092e+06	
42300	46.3438	11.2965	0	1.33644e-08	-2.23088e-06	0	2.23092	2.23092e+06	
42400	46.3455	11.0194	0	1.33644e-08	-2.23088e-06	0	2.23092	2.23092e+06	
42500	46.3472	10.7423	0	1.33644e-08	-2.23088e-06	0	2.23092	2.23092e+06	
42600	46.2128	10.5469	0	-1.08126e-06	-1.57311e-06	0	1.90887	1.90887e+06	
42700	46.0785	10.3515	0	-1.08126e-06	-1.57311e-06	0	1.90887	1.90887e+06	
42800	45.9442	10.156	0	-1.08126e-06	-1.57311e-06	0	1.90887	1.90887e+06	
42900	45.8099	9.96062	0	-1.08126e-06	-1.57311e-06	0	1.90887	1.90887e+06	
43000	45.6756	9.7652	0	-1.08126e-06	-1.57311e-06	0	1.90887	1.90887e+06	
43100	45.3738	9.3652	0	-2.42917e-06	-3.22e-06	0	4.03352	4.03352e+06	
43200	45.0705	8.96865	0	-2.42917e-06	-3.22e-06	0	4.03352	4.03352e+06	
43300	44.6849	8.70461	0	-2.42917e-06	-3.22e-06	0	4.03352	4.03352e+06	
43400	44.3168	8.37567	0	-2.42917e-06	-3.22e-06	0	4.03352	4.03352e+06	
43500	43.9977	7.9881	0	-2.42917e-06	-3.22e-06	0	4.03352	4.03352e+06	
43600	43.6481	7.67616	0	-2.32627e-06	-3.22e-06	0	3.9724	3.9724e+06	
43700	43.2922	7.34496	0	-2.32627e-06	-3.22e-06	0	3.9724	3.9724e+06	
43800	42.985	6.95789	0	-2.32627e-06	-3.22e-06	0	3.9724	3.9724e+06	
43900	42.6261	6.65915	0	-2.32627e-06	-3.22e-06	0	3.9724	3.9724e+06	
44000	42.2731	6.3234	0	-2.32627e-06	-3.22e-06	0	3.9724	3.9724e+06	
44100	41.9374	5.93198	0	-2.60762e-06	-3.22e-06	0	4.14344	4.14344e+06	
44200	41.5573	5.60809	0	-2.60762e-06	-3.22e-06	0	4.14344	4.14344e+06	
44300	41.1929	5.24598	0	-2.60762e-06	-3.22e-06	0	4.14344	4.14344e+06	
44400	40.865	4.8485	0	-2.60762e-06	-3.22e-06	0	4.14344	4.14344e+06	
44500	40.541	4.4485	0	-2.60762e-06	-3.22e-06	0	4.14344	4.14344e+06	
44600	40.2504	4.22016	0	-2.33921e-06	-1.83811e-06	0	2.97499	2.97499e+06	
44700	39.9598	3.99183	0	-2.33921e-06	-1.83811e-06	0	2.97499	2.97499e+06	
44800	39.6693	3.76349	0	-2.33921e-06	-1.83811e-06	0	2.97499	2.97499e+06	
44900	39.3787	3.53515	0	-2.33921e-06	-1.83811e-06	0	2.97499	2.97499e+06	
45000	39.0881	3.30681	0	-2.33921e-06	-1.83811e-06	0	2.97499	2.97499e+06	
45100	38.7413	3.11523	0	-2.79145e-06	-1.54227e-06	0	3.18917	3.18917e+06	
45200	38.3946	2.92364	0	-2.79145e-06	-1.54227e-06	0	3.18917	3.18917e+06	
45300	38.0478	2.73206	0	-2.79145e-06	-1.54227e-06	0	3.18917	3.18917e+06	
45400	37.701	2.54047	0	-2.79145e-06	-1.54227e-06	0	3.18917	3.18917e+06	
45500	37.3543	2.34888	0	-2.79145e-06	-1.54227e-06	0	3.18917	3.18917e+06	
45600	37.0044	2.33422	0	-2.81611e-06	-1.18103e-07	0	2.81858	2.81858e+06	
45700	36.6546	2.31957	0	-2.81611e-06	-1.18103e-07	0	2.81858	2.81858e+06	
45800	36.3048	2.3049	0	-2.81611e-06	-1.18103e-07	0	2.81858	2.81858e+06	
45900	35.955	2.29032	0	-2.81611e-06	-1.18103e-07	0	2.81858	2.81858e+06	
46000	35.6051	2.27577	0	-2.81611e-06	-1.18103e-07	0	2.81858	2.81858e+06	
46100	35.5944	2.20217	0	-8.60461e-08	-5.97214e-07	0	0.603381	603381	
46200	35.5818	2.14208	0	-8.60461e-08	-5.97214e-07	0	0.603381	603381	
46300	35.5636	2.12702	0	-8.60461e-08	-5.97214e-07	0	0.603381	603381	
46400	35.5454	2.12441	0	-8.60461e-08	-5.97214e-07	0	0.603381	603381	
46500	35.5291	2.12291	0	-8.60461e-08	-5.97214e-07	0	0.603381	603381	
46600	35.3988	2.25306	0	-1.04713e-06	9.68326e-07	0	1.42623	1.42623e+06	
46700	35.2687	2.37339	0	-1.04713e-06	9.68326e-07	0	1.42623	1.42623e+06	
46800	35.1386	2.49368	0	-1.04713e-06	9.68326e-07	0	1.42623	1.42623e+06	
46900	35.0086	2.61397	0	-1.04713e-06	9.68326e-07	0	1.42623	1.42623e+06	
47000	34.8785	2.73426	0	-1.04713e-06	9.68326e-07	0	1.42623	1.42623e+06	
47100	34.4785	2.65705	0	-3.22e-06	-6.21498e-07	0	3.27943	3.27943e+06	
47200	34.0785	2.57985	0	-3.22e-06	-6.21498e-07	0	3.27943	3.27943e+06	
47300	33.6785	2.50264	0	-3.22e-06	-6.21498e-07	0	3.27943	3.27943e+06	
47400	33.2785	2.42544	0	-3.22e-06	-6.21498e-07	0	3.27943	3.27943e+06	
47500	32.8785	2.34823	0	-3.22e-06	-6.21498e-07	0	3.27943	3.27943e+06	
47600	32.4785	2.54455	0	-3.22e-06	1.58033e-06	0	3.5869	3.5869e+06	
47700	32.0785	2.74086	0	-3.22e-06	1.58033e-06	0	3.5869	3.5869e+06	
47800	31.6785	2.93718	0	-3.22e-06	1.58033e-06	0	3.5869	3.5869e+06	
47900	31.2785	3.13349	0	-3.22e-06	1.58033e-06	0	3.5869	3.5869e+06	
48000	30.8785	3.3298	0	-3.22e-06	1.58033e-06	0	3.5869	3.5869e+06	
48100	30.4785	3.0814	0	-3.22e-06	-1.99968e-06	0	3.7904	3.7904e+06	
48200	30.0785	2.83299	0	-3.22e-06	-1.99968e-06	0	3.7904	3.7904e+06	
48300	29.6785	2.58458	0	-3.22e-06	-1.99968e-06	0	3.7904	3.7904e+06	
48400	29.2785	2.33618	0	-3.22e-06	-1.99968e-06	0	3.7904	3.7904e+06	
48500	29.1281	2.1443	0	-3.22e-06	-1.99968e-06	0	3.7904	3.7904e+06	
48600	29.1289	2.13865	0	-3.22e-06	-2.17149e-06	0	3.88378	3.88378e+06	
48700	29.1289	2.13865	0	-3.22e-06	-2.17149e-06	0	3.88378	3.88378e+06	
48800	29.1289	2.13865	0	-3.22e-06	-2.17149e-06	0	3.88378	3.88378e+06	
48900	29.1289	2.13865	0	-3.22e-06	-2.17149e-06	0	3.88378	3.88378e+06	
49000	29.1289	2.13865	0	-3.22e-06	-2.17149e-06	0	3.88378	3.88378e+06	
49100	29.1242	2.19136	0	-3.22e-06	-2.60695e-07	0	3.23054	3.23054e+06	
49200	29.1226	2.20813	0	-3.22e-06	-2.60695e-07	0	3.23054	3.23054e+06	
49300	29.1212	2.22148	0	-3.22e-06	-2.60695e-07	0	3.23054	3.23054e+06	
49400	29.1198	2.23452	0	-3.22e-06	-2.60695e-07	0	3.23054	3.23054e+06	
49500	29.1182	2.24853	0	-3.22e-06	-2.60695e-07	0	3.23054	3.23054e+06	
49600	29.1448	2.13364	0	-1.59227e-06	-2.49421e-06	0	2.95912	2.95912e+06	
49700	29.1448	2.13363	0	-1.59227e-06	-2.49421e-06	0	2.95912	2.95912e+06	
49800	29.1448	2.13363	0	-1.59227e-06	-2.49421e-06	0	2.95912	2.95912e+06	
49900	29.1448	2.13363	0	-1.59227e-06	-2.49421e-06	0	2.95912	2.95912e+06	
50000	29.1448	2.13363	0	-1.59227e-06	-2.49421e-06	0	2.95912	2.95912e+06	
