0	33	6	0	3.22e-06	3.22e-06	0	4.55377	4.55377e+06	
100	33.4	6.4	0	3.22e-06	3.22e-06	0	4.55377	4.55377e+06	
200	33.8	6.8	0	3.22e-06	3.22e-06	0	4.55377	4.55377e+06	
300	34.2	7.2	0	3.22e-06	3.22e-06	0	4.55377	4.55377e+06	
400	34.6	7.6	0	3.22e-06	3.22e-06	0	4.55377	4.55377e+06	
500	35	8	0	3.22e-06	3.22e-06	0	4.55377	4.55377e+06	
600	35.4	8.4	0	3.22e-06	3.22e-06	0	4.55377	4.55377e+06	
700	35.8	8.8	0	3.22e-06	3.22e-06	0	4.55377	4.55377e+06	
800	36.2	9.2	0	3.22e-06	3.22e-06	0	4.55377	4.55377e+06	
900	36.6	9.6	0	3.22e-06	3.22e-06	0	4.55377	4.55377e+06	
1000	37	10	0	3.22e-06	3.22e-06	0	4.55377	4.55377e+06	
1100	37.4	10.4	0	3.22e-06	3.22e-06	0	4.55377	4.55377e+06	
1200	37.8	10.8	0	3.22e-06	3.22e-06	0	4.55377	4.55377e+06	
1300	38.2	11.2	0	3.22e-06	3.22e-06	0	4.55377	4.55377e+06	
1400	38.6	11.6	0	3.22e-06	3.22e-06	0	4.55377	4.55377e+06	
1500	39	12	0	3.22e-06	3.22e-06	0	4.55377	4.55377e+06	
1600	39.4	12.4	0	3.22e-06	3.22e-06	0	4.55377	4.55377e+06	
1700	39.8	12.8	0	3.22e-06	3.22e-06	0	4.55377	4.55377e+06	
1800	40.2	13.2	0	3.22e-06	3.22e-06	0	4.55377	4.55377e+06	
1900	40.6	13.6	0	3.22e-06	3.22e-06	0	4.55377	4.55377e+06	
2000	41	14	0	3.22e-06	3.22e-06	0	4.55377	4.55377e+06	
2100	41.4	14.4	0	3.22e-06	3.22e-06	0	4.55377	4.55377e+06	
2200	41.8	14.8	0	3.22e-06	3.22e-06	0	4.55377	4.55377e+06	
2300	42.2	15.2	0	3.22e-06	3.22e-06	0	4.55377	4.55377e+06	
2400	42.6	15.6	0	3.22e-06	3.22e-06	0	4.55377	4.55377e+06	
2500	43	16	0	3.22e-06	3.22e-06	0	4.55377	4.55377e+06	
2600	43.4	16.4	0	3.22e-06	3.22e-06	0	4.55377	4.55377e+06	
2700	43.8	16.8	0	3.22e-06	3.22e-06	0	4.55377	4.55377e+06	
2800	44.2	17.2	0	3.22e-06	3.22e-06	0	4.55377	4.55377e+06	
2900	44.6	17.6	0	3.22e-06	3.22e-06	0	4.55377	4.55377e+06	
3000	45	18	0	3.22e-06	3.22e-06	0	4.55377	4.55377e+06	
3100	45.4	18.4	0	3.22e-06	3.22e-06	0	4.55377	4.55377e+06	
3200	45.8	18.8	0	3.22e-06	3.22e-06	0	4.55377	4.55377e+06	
3300	46.2	19.2	0	3.22e-06	3.22e-06	0	4.55377	4.55377e+06	
3400	46.6	19.6	0	3.22e-06	3.22e-06	0	4.55377	4.55377e+06	
3500	47	20	0	3.22e-06	3.22e-06	0	4.55377	4.55377e+06	
3600	47.4	20.4	0	3.22e-06	3.22e-06	0	4.55377	4.55377e+06	
3700	47.8	20.8	0	3.22e-06	3.22e-06	0	4.55377	4.55377e+06	
3800	48.2	21.2	0	3.22e-06	3.22e-06	0	4.55377	4.55377e+06	
3900	48.6	21.6	0	3.22e-06	3.22e-06	0	4.55377	4.55377e+06	
4000	49	22	0	3.22e-06	3.22e-06	0	4.55377	4.55377e+06	
4100	49.134	22.4	0	1.07881e-06	3.22e-06	0	3.39591	3.39591e+06	
4200	49.268	22.8	0	1.07881e-06	3.22e-06	0	3.39591	3.39591e+06	
4300	49.402	23.2	0	1.07881e-06	3.22e-06	0	3.39591	3.39591e+06	
4400	49.5361	23.6	0	1.07881e-06	3.22e-06	0	3.39591	3.39591e+06	
4500	49.6701	24	0	1.07881e-06	3.22e-06	0	3.39591	3.39591e+06	
4600	50.0701	24.4	0	3.22e-06	3.22e-06	0	4.55377	4.55377e+06	
4700	50.4701	24.8	0	3.22e-06	3.22e-06	0	4.55377	4.55377e+06	
4800	50.8701	25.2	0	3.22e-06	3.22e-06	0	4.55377	4.55377e+06	
4900	51.2701	25.6	0	3.22e-06	3.22e-06	0	4.55377	4.55377e+06	
5000	51.6701	26	0	3.22e-06	3.22e-06	0	4.55377	4.55377e+06	
5100	52.0701	26.4	0	3.22e-06	3.22e-06	0	4.55377	4.55377e+06	
5200	52.4701	26.8	0	3.22e-06	3.22e-06	0	4.55377	4.55377e+06	
5300	52.8701	27.2	0	3.22e-06	3.22e-06	0	4.55377	4.55377e+06	
5400	53.2701	27.6	0	3.22e-06	3.22e-06	0	4.55377	4.55377e+06	
5500	53.6701	28	0	3.22e-06	3.22e-06	0	4.55377	4.55377e+06	
5600	54.0701	28.4	0	3.22e-06	3.22e-06	0	4.55377	4.55377e+06	
5700	54.4701	28.8	0	3.22e-06	3.22e-06	0	4.55377	4.55377e+06	
5800	54.8701	29.2	0	3.22e-06	3.22e-06	0	4.55377	4.55377e+06	
5900	55.2701	29.6	0	3.22e-06	3.22e-06	0	4.55377	4.55377e+06	
6000	55.6701	30	0	3.22e-06	3.22e-06	0	4.55377	4.55377e+06	
6100	56.0701	30.4	0	3.22e-06	3.22e-06	0	4.55377	4.55377e+06	
6200	56.4701	30.8	0	3.22e-06	3.22e-06	0	4.55377	4.55377e+06	
6300	56.8701	31.2	0	3.22e-06	3.22e-06	0	4.55377	4.55377e+06	
6400	57.2701	31.6	0	3.22e-06	3.22e-06	0	4.55377	4.55377e+06	
6500	57.6701	32	0	3.22e-06	3.22e-06	0	4.55377	4.55377e+06	
6600	58.0701	32.4	0	3.22e-06	3.22e-06	0	4.55377	4.55377e+06	
6700	58.4701	32.8	0	3.22e-06	3.22e-06	0	4.55377	4.55377e+06	
6800	58.8701	33.2	0	3.22e-06	3.22e-06	0	4.55377	4.55377e+06	
6900	59.2701	33.6	0	3.22e-06	3.22e-06	0	4.55377	4.55377e+06	
7000	59.6701	34	0	3.22e-06	3.22e-06	0	4.55377	4.55377e+06	
7100	60.0701	34.4	0	3.22e-06	3.22e-06	0	4.55377	4.55377e+06	
7200	60.4701	34.8	0	3.22e-06	3.22e-06	0	4.55377	4.55377e+06	
7300	60.8701	35.2	0	3.22e-06	3.22e-06	0	4.55377	4.55377e+06	
7400	61.2701	35.6	0	3.22e-06	3.22e-06	0	4.55377	4.55377e+06	
7500	61.6701	36	0	3.22e-06	3.22e-06	0	4.55377	4.55377e+06	
7600	62.0701	36.4	0	3.22e-06	3.22e-06	0	4.55377	4.55377e+06	
7700	62.4701	36.8	0	3.22e-06	3.22e-06	0	4.55377	4.55377e+06	
7800	62.8701	37.2	0	3.22e-06	3.22e-06	0	4.55377	4.55377e+06	
7900	63.2701	37.6	0	3.22e-06	3.22e-06	0	4.55377	4.55377e+06	
8000	63.6701	38	0	3.22e-06	3.22e-06	0	4.55377	4.55377e+06	
8100	64.0701	38.4	0	3.22e-06	3.22e-06	0	4.55377	4.55377e+06	
8200	64.4701	38.8	0	3.22e-06	3.22e-06	0	4.55377	4.55377e+06	
8300	64.8701	39.2	0	3.22e-06	3.22e-06	0	4.55377	4.55377e+06	
8400	65.2701	39.6	0	3.22e-06	3.22e-06	0	4.55377	4.55377e+06	
8500	65.6701	40	0	3.22e-06	3.22e-06	0	4.55377	4.55377e+06	
8600	65.9031	40.4219	0	3.22e-06	3.22e-06	0	4.55377	4.55377e+06	
8700	65.8803	40.7828	0	3.22e-06	3.22e-06	0	4.55377	4.55377e+06	
8800	65.873	41.1762	0	3.22e-06	3.22e-06	0	4.55377	4.55377e+06	
8900	65.9065	41.5954	0	3.22e-06	3.22e-06	0	4.55377	4.55377e+06	
9000	65.8685	41.9491	0	3.22e-06	3.22e-06	0	4.55377	4.55377e+06	
9100	65.8958	42.374	0	3.22e-06	3.22e-06	0	4.55377	4.55377e+06	
9200	65.8847	42.7453	0	3.22e-06	3.22e-06	0	4.55377	4.55377e+06	
9300	65.8702	43.1306	0	3.22e-06	3.22e-06	0	4.55377	4.55377e+06	
9400	65.9108	43.559	0	3.22e-06	3.22e-06	0	4.55377	4.55377e+06	
9500	65.8702	43.9079	0	3.22e-06	3.22e-06	0	4.55377	4.55377e+06	
9600	65.8884	44.3228	0	3.22e-06	3.19714e-06	0	4.53763	4.53763e+06	
9700	65.8902	44.7038	0	3.22e-06	3.19714e-06	0	4.53763	4.53763e+06	
9800	65.8681	45.0769	0	3.22e-06	3.19714e-06	0	4.53763	4.53763e+06	
9900	65.9124	45.5089	0	3.22e-06	3.19714e-06	0	4.53763	4.53763e+06	
10000	65.8736	45.8541	0	3.22e-06	3.19714e-06	0	4.53763	4.53763e+06	
10100	65.8808	46.2621	0	3.22e-06	3.22e-06	0	4.55377	4.55377e+06	
10200	65.8967	46.6607	0	3.22e-06	3.22e-06	0	4.55377	4.55377e+06	
10300	65.8673	47.0272	0	3.22e-06	3.22e-06	0	4.55377	4.55377e+06	
10400	65.9085	47.4614	0	3.22e-06	3.22e-06	0	4.55377	4.55377e+06	
10500	65.877	47.815	0	3.22e-06	3.22e-06	0	4.55377	4.55377e+06	
10600	65.8913	47.6423	0	2.64611e-06	-1.08169e-06	0	2.85866	2.85866e+06	
10700	65.9088	47.4812	0	2.64611e-06	-1.08169e-06	0	2.85866	2.85866e+06	
10800	65.8983	47.3867	0	2.64611e-06	-1.08169e-06	0	2.85866	2.85866e+06	
10900	65.8857	47.3034	0	2.64611e-06	-1.08169e-06	0	2.85866	2.85866e+06	
11000	65.8743	47.2097	0	2.64611e-06	-1.08169e-06	0	2.85866	2.85866e+06	
11100	65.9099	47.4605	0	3.22e-06	1.63349e-06	0	3.61064	3.61064e+06	
11200	65.9002	47.6286	0	3.22e-06	1.63349e-06	0	3.61064	3.61064e+06	
11300	65.8801	47.7745	0	3.22e-06	1.63349e-06	0	3.61064	3.61064e+06	
11400	65.8681	47.95	0	3.22e-06	1.63349e-06	0	3.61064	3.61064e+06	
11500	65.8727	48.1624	0	3.22e-06	1.63349e-06	0	3.61064	3.61064e+06	
11600	65.8955	48.3588	0	3.22e-06	1.22389e-06	0	3.44475	3.44475e+06	
11700	65.912	48.5358	0	3.22e-06	1.22389e-06	0	3.44475	3.44475e+06	
11800	65.8992	48.6326	0	3.22e-06	1.22389e-06	0	3.44475	3.44475e+06	
11900	65.8858	48.725	0	3.22e-06	1.22389e-06	0	3.44475	3.44475e+06	
12000	65.8742	48.8342	0	3.22e-06	1.22389e-06	0	3.44475	3.44475e+06	
12100	65.9123	48.4643	0	3.22e-06	-2.70033e-06	0	4.2024	4.2024e+06	
12200	65.8767	48.1851	0	3.22e-06	-2.70033e-06	0	4.2024	4.2024e+06	
12300	65.8711	47.8555	0	3.22e-06	-2.70033e-06	0	4.2024	4.2024e+06	
12400	65.9127	47.4828	0	3.22e-06	-2.70033e-06	0	4.2024	4.2024e+06	
12500	65.8784	47.2026	0	3.22e-06	-2.70033e-06	0	4.2024	4.2024e+06	
12600	65.8706	47.1132	0	3.22e-06	-9.65871e-07	0	3.36174	3.36174e+06	
12700	65.8673	47.0048	0	3.22e-06	-9.65871e-07	0	3.36174	3.36174e+06	
12800	65.8706	46.8741	0	3.22e-06	-9.65871e-07	0	3.36174	3.36174e+06	
12900	65.8849	46.718	0	3.22e-06	-9.65871e-07	0	3.36174	3.36174e+06	
13000	65.9098	46.5453	0	3.22e-06	-9.65871e-07	0	3.36174	3.36174e+06	
13100	65.8886	46.7073	0	3.22e-06	1.78633e-06	0	3.6823	3.6823e+06	
13200	65.8707	46.889	0	3.22e-06	1.78633e-06	0	3.6823	3.6823e+06	
13300	65.8695	47.1098	0	3.22e-06	1.78633e-06	0	3.6823	3.6823e+06	
13400	65.8969	47.3716	0	3.22e-06	1.78633e-06	0	3.6823	3.6823e+06	
13500	65.9058	47.5929	0	3.22e-06	1.78633e-06	0	3.6823	3.6823e+06	
13600	65.8814	47.7646	0	3.22e-06	1.8622e-06	0	3.7197	3.7197e+06	
13700	65.8677	47.9692	0	3.22e-06	1.8622e-06	0	3.7197	3.7197e+06	
13800	65.877	48.2163	0	3.22e-06	1.8622e-06	0	3.7197	3.7197e+06	
13900	65.9123	48.4921	0	3.22e-06	1.8622e-06	0	3.7197	3.7197e+06	
14000	65.8935	48.674	0	3.22e-06	1.8622e-06	0	3.7197	3.7197e+06	
14100	65.8674	49.0362	0	3.22e-06	3.16476e-06	0	4.51488	4.51488e+06	
14200	65.9089	49.4642	0	3.22e-06	3.16476e-06	0	4.51488	4.51488e+06	
14300	65.8774	49.8104	0	3.22e-06	3.16476e-06	0	4.51488	4.51488e+06	
14400	65.875	50.2021	0	3.22e-06	3.16476e-06	0	4.51488	4.51488e+06	
14500	65.9624	50.6567	0	3.22e-06	3.16476e-06	0	4.51488	4.51488e+06	
14600	66.1037	50.9962	0	3.22e-06	1.87079e-06	0	3.72401	3.72401e+06	
14700	66.3234	51.3447	0	3.22e-06	1.87079e-06	0	3.72401	3.72401e+06	
14800	66.6268	51.6701	0	3.22e-06	1.87079e-06	0	3.72401	3.72401e+06	
14900	66.9958	51.9472	0	3.22e-06	1.87079e-06	0	3.72401	3.72401e+06	
15000	67.3929	52.1861	0	3.22e-06	1.87079e-06	0	3.72401	3.72401e+06	
15100	67.7928	52.3599	0	3.22e-06	1.3976e-06	0	3.51023	3.51023e+06	
15200	68.1928	52.5335	0	3.22e-06	1.3976e-06	0	3.51023	3.51023e+06	
15300	68.5928	52.7071	0	3.22e-06	1.3976e-06	0	3.51023	3.51023e+06	
15400	68.9928	52.8807	0	3.22e-06	1.3976e-06	0	3.51023	3.51023e+06	
15500	69.3928	53.0543	0	3.22e-06	1.3976e-06	0	3.51023	3.51023e+06	
15600	69.7928	53.2181	0	3.22e-06	1.31829e-06	0	3.47941	3.47941e+06	
15700	70.1928	53.3818	0	3.22e-06	1.31829e-06	0	3.47941	3.47941e+06	
15800	70.5928	53.5456	0	3.22e-06	1.31829e-06	0	3.47941	3.47941e+06	
15900	70.9928	53.7094	0	3.22e-06	1.31829e-06	0	3.47941	3.47941e+06	
16000	71.3928	53.8731	0	3.22e-06	1.31829e-06	0	3.47941	3.47941e+06	
16100	71.7928	53.8071	0	3.22e-06	-5.31272e-07	0	3.26353	3.26353e+06	
16200	72.1928	53.7411	0	3.22e-06	-5.31272e-07	0	3.26353	3.26353e+06	
16300	72.5928	53.6751	0	3.22e-06	-5.31272e-07	0	3.26353	3.26353e+06	
16400	72.9928	53.6091	0	3.22e-06	-5.31272e-07	0	3.26353	3.26353e+06	
16500	73.3928	53.5432	0	3.22e-06	-5.31272e-07	0	3.26353	3.26353e+06	
16600	73.7926	53.7701	0	3.22e-06	1.82682e-06	0	3.70212	3.70212e+06	
16700	73.8675	53.9809	0	3.22e-06	1.82682e-06	0	3.70212	3.70212e+06	
16800	73.8779	54.2256	0	3.22e-06	1.82682e-06	0	3.70212	3.70212e+06	
16900	73.9126	54.4966	0	3.22e-06	1.82682e-06	0	3.70212	3.70212e+06	
17000	73.8936	54.673	0	3.22e-06	1.82682e-06	0	3.70212	3.70212e+06	
17100	73.8954	54.3335	0	3.22e-06	-2.81703e-06	0	4.27833	4.27833e+06	
17200	73.8676	54.0205	0	3.22e-06	-2.81703e-06	0	4.27833	4.27833e+06	
17300	73.8935	53.6437	0	3.22e-06	-2.81703e-06	0	4.27833	4.27833e+06	
17400	73.8924	53.3131	0	3.22e-06	-2.81703e-06	0	4.27833	4.27833e+06	
17500	73.8674	52.9956	0	3.22e-06	-2.81703e-06	0	4.27833	4.27833e+06	
17600	73.8736	53.1738	0	3.22e-06	1.31502e-06	0	3.47817	3.47817e+06	
17700	73.8993	53.3836	0	3.22e-06	1.31502e-06	0	3.47817	3.47817e+06	
17800	73.9101	53.5574	0	3.22e-06	1.31502e-06	0	3.47817	3.47817e+06	
17900	73.895	53.6604	0	3.22e-06	1.31502e-06	0	3.47817	3.47817e+06	
18000	73.8805	53.7691	0	3.22e-06	1.31502e-06	0	3.47817	3.47817e+06	
18100	73.8697	53.9064	0	3.22e-06	1.3611e-06	0	3.49585	3.49585e+06	
18200	73.8682	54.0727	0	3.22e-06	1.3611e-06	0	3.49585	3.49585e+06	
18300	73.8834	54.272	0	3.22e-06	1.3611e-06	0	3.49585	3.49585e+06	
18400	73.9124	54.488	0	3.22e-06	1.3611e-06	0	3.49585	3.49585e+06	
18500	73.9019	54.6164	0	3.22e-06	1.3611e-06	0	3.49585	3.49585e+06	
18600	73.8774	54.8034	0	3.22e-06	1.95617e-06	0	3.76762	3.76762e+06	
18700	73.8674	55.0292	0	3.22e-06	1.95617e-06	0	3.76762	3.76762e+06	
18800	73.8865	55.3002	0	3.22e-06	1.95617e-06	0	3.76762	3.76762e+06	
18900	73.9096	55.5646	0	3.22e-06	1.95617e-06	0	3.76762	3.76762e+06	
19000	73.8835	55.7471	0	3.22e-06	1.95617e-06	0	3.76762	3.76762e+06	
19100	73.8684	55.9404	0	3.22e-06	1.80757e-06	0	3.69265	3.69265e+06	
19200	73.8735	56.1744	0	3.22e-06	1.80757e-06	0	3.69265	3.69265e+06	
19300	73.9079	56.4455	0	3.22e-06	1.80757e-06	0	3.69265	3.69265e+06	
19400	73.899	56.6379	0	3.22e-06	1.80757e-06	0	3.69265	3.69265e+06	
19500	73.8768	56.8085	0	3.22e-06	1.80757e-06	0	3.69265	3.69265e+06	
19600	73.8826	56.742	0	3.22e-06	-2.03462e-07	0	3.22642	3.22642e+06	
19700	73.8931	56.6641	0	3.22e-06	-2.03462e-07	0	3.22642	3.22642e+06	
19800	73.9058	56.5806	0	3.22e-06	-2.03462e-07	0	3.22642	3.22642e+06	
19900	73.9125	56.5187	0	3.22e-06	-2.03462e-07	0	3.22642	3.22642e+06	
20000	73.9129	56.4909	0	3.22e-06	-2.03462e-07	0	3.22642	3.22642e+06	
20100	73.9126	56.4807	0	3.22e-06	-1.92696e-07	0	3.22576	3.22576e+06	
20200	73.9124	56.4765	0	3.22e-06	-1.92696e-07	0	3.22576	3.22576e+06	
20300	73.9123	56.4747	0	3.22e-06	-1.92696e-07	0	3.22576	3.22576e+06	
20400	73.9122	56.474	0	3.22e-06	-1.92696e-07	0	3.22576	3.22576e+06	
20500	73.9122	56.4736	0	3.22e-06	-1.92696e-07	0	3.22576	3.22576e+06	
20600	73.876	56.8254	0	3.22e-06	3.22e-06	0	4.55377	4.55377e+06	
20700	73.8773	57.2277	0	3.22e-06	3.22e-06	0	4.55377	4.55377e+06	
20800	73.9007	57.6348	0	3.22e-06	3.22e-06	0	4.55377	4.55377e+06	
20900	73.8675	57.9959	0	3.22e-06	3.22e-06	0	4.55377	4.55377e+06	
21000	73.9039	58.4272	0	3.22e-06	3.22e-06	0	4.55377	4.55377e+06	
21100	73.8798	58.787	0	3.22e-06	3.22e-06	0	4.55377	4.55377e+06	
21200	73.8733	59.1813	0	3.22e-06	3.22e-06	0	4.55377	4.55377e+06	
21300	73.906	59.5994	0	3.22e-06	3.22e-06	0	4.55377	4.55377e+06	
21400	73.8683	59.9537	0	3.22e-06	3.22e-06	0	4.55377	4.55377e+06	
21500	73.8966	60.3793	0	3.22e-06	3.22e-06	0	4.55377	4.55377e+06	
21600	73.9004	60.6302	0	3.22e-06	2.12654e-06	0	3.85883	3.85883e+06	
21700	73.8741	60.8422	0	3.22e-06	2.12654e-06	0	3.85883	3.85883e+06	
21800	73.869	61.0995	0	3.22e-06	2.12654e-06	0	3.85883	3.85883e+06	
21900	73.9015	61.4039	0	3.22e-06	2.12654e-06	0	3.85883	3.85883e+06	
22000	73.898	61.6456	0	3.22e-06	2.12654e-06	0	3.85883	3.85883e+06	
22100	73.8674	62.0091	0	3.22e-06	3.22e-06	0	4.55377	4.55377e+06	
22200	73.906	62.4418	0	3.22e-06	3.22e-06	0	4.55377	4.55377e+06	
22300	73.8786	62.7988	0	3.22e-06	3.22e-06	0	4.55377	4.55377e+06	
22400	73.8744	63.1956	0	3.22e-06	3.22e-06	0	4.55377	4.55377e+06	
22500	73.9044	63.6104	0	3.22e-06	3.22e-06	0	4.55377	4.55377e+06	
22600	73.868	63.9667	0	3.22e-06	3.22e-06	0	4.55377	4.55377e+06	
22700	73.8988	64.3942	0	3.22e-06	3.22e-06	0	4.55377	4.55377e+06	
22800	73.8828	64.7609	0	3.22e-06	3.22e-06	0	4.55377	4.55377e+06	
22900	73.8712	65.1497	0	3.22e-06	3.22e-06	0	4.55377	4.55377e+06	
23000	73.9092	65.5745	0	3.22e-06	3.22e-06	0	4.55377	4.55377e+06	
23100	73.8788	65.7907	0	3.22e-06	2.21758e-06	0	3.90974	3.90974e+06	
23200	73.871	65.8618	0	3.22e-06	2.21758e-06	0	3.90974	3.90974e+06	
23300	73.871	65.8618	0	3.22e-06	2.21758e-06	0	3.90974	3.90974e+06	
23400	73.871	65.8618	0	3.22e-06	2.21758e-06	0	3.90974	3.90974e+06	
23500	73.871	65.8618	0	3.22e-06	2.21758e-06	0	3.90974	3.90974e+06	
23600	73.8709	65.8627	0	3.22e-06	2.30157e-06	0	3.95798	3.95798e+06	
23700	73.8709	65.8627	0	3.22e-06	2.30157e-06	0	3.95798	3.95798e+06	
23800	73.8709	65.8627	0	3.22e-06	2.30157e-06	0	3.95798	3.95798e+06	
23900	73.8709	65.8627	0	3.22e-06	2.30157e-06	0	3.95798	3.95798e+06	
24000	73.8709	65.8627	0	3.22e-06	2.30157e-06	0	3.95798	3.95798e+06	
24100	73.8145	65.8581	0	1.70307e-07	1.38493e-06	0	1.39536	1.39536e+06	
24200	73.8036	65.8593	0	1.70307e-07	1.38493e-06	0	1.39536	1.39536e+06	
24300	73.7976	65.8599	0	1.70307e-07	1.38493e-06	0	1.39536	1.39536e+06	
24400	73.7936	65.8603	0	1.70307e-07	1.38493e-06	0	1.39536	1.39536e+06	
24500	73.7908	65.8606	0	1.70307e-07	1.38493e-06	0	1.39536	1.39536e+06	
24600	73.489	65.8979	0	-2.27483e-06	1.64411e-06	0	2.80677	2.80677e+06	
24700	73.2361	65.8697	0	-2.27483e-06	1.64411e-06	0	2.80677	2.80677e+06	
24800	72.9645	65.854	0	-2.27483e-06	1.64411e-06	0	2.80677	2.80677e+06	
24900	72.6671	65.875	0	-2.27483e-06	1.64411e-06	0	2.80677	2.80677e+06	
25000	72.3842	65.8908	0	-2.27483e-06	1.64411e-06	0	2.80677	2.80677e+06	
25100	72.2919	65.8589	0	-8.80023e-07	6.75731e-07	0	1.10953	1.10953e+06	
25200	72.1933	65.847	0	-8.80023e-07	6.75731e-07	0	1.10953	1.10953e+06	
25300	72.0901	65.8392	0	-8.80023e-07	6.75731e-07	0	1.10953	1.10953e+06	
25400	71.9823	65.8362	0	-8.80023e-07	6.75731e-07	0	1.10953	1.10953e+06	
25500	71.8702	65.8386	0	-8.80023e-07	6.75731e-07	0	1.10953	1.10953e+06	
25600	71.9928	65.8494	0	1.02428e-06	1.30535e-06	0	1.65924	1.65924e+06	
25700	72.1243	65.852	0	1.02428e-06	1.30535e-06	0	1.65924	1.65924e+06	
25800	72.265	65.8635	0	1.02428e-06	1.30535e-06	0	1.65924	1.65924e+06	
25900	72.4124	65.884	0	1.02428e-06	1.30535e-06	0	1.65924	1.65924e+06	
26000	72.5442	65.8932	0	1.02428e-06	1.30535e-06	0	1.65924	1.65924e+06	
26100	72.7677	65.7774	0	1.826e-06	-7.14549e-07	0	1.96083	1.96083e+06	
26200	72.9945	65.688	0	1.826e-06	-7.14549e-07	0	1.96083	1.96083e+06	
26300	73.2213	65.5992	0	1.826e-06	-7.14549e-07	0	1.96083	1.96083e+06	
26400	73.4482	65.5104	0	1.826e-06	-7.14549e-07	0	1.96083	1.96083e+06	
26500	73.675	65.4217	0	1.826e-06	-7.14549e-07	0	1.96083	1.96083e+06	
26600	73.896	65.6408	0	2.79585e-06	1.91269e-06	0	3.3875	3.3875e+06	
26700	73.8722	65.8281	0	2.79585e-06	1.91269e-06	0	3.3875	3.3875e+06	
26800	73.8684	65.859	0	2.79585e-06	1.91269e-06	0	3.3875	3.3875e+06	
26900	73.8684	65.859	0	2.79585e-06	1.91269e-06	0	3.3875	3.3875e+06	
27000	73.8684	65.859	0	2.79585e-06	1.91269e-06	0	3.3875	3.3875e+06	
27100	73.8628	65.8219	0	1.79679e-06	3.44098e-07	0	1.82945	1.82945e+06	
27200	73.8633	65.8171	0	1.79679e-06	3.44098e-07	0	1.82945	1.82945e+06	
27300	73.8634	65.8157	0	1.79679e-06	3.44098e-07	0	1.82945	1.82945e+06	
27400	73.8635	65.8152	0	1.79679e-06	3.44098e-07	0	1.82945	1.82945e+06	
27500	73.8635	65.8151	0	1.79679e-06	3.44098e-07	0	1.82945	1.82945e+06	
27600	73.9056	65.3976	0	3.22e-06	-3.22e-06	0	4.55377	4.55377e+06	
27700	73.8682	65.0428	0	3.22e-06	-3.22e-06	0	4.55377	4.55377e+06	
27800	73.8972	64.6166	0	3.22e-06	-3.22e-06	0	4.55377	4.55377e+06	
27900	73.8838	64.2475	0	3.22e-06	-3.22e-06	0	4.55377	4.55377e+06	
28000	73.8706	63.8605	0	3.22e-06	-3.22e-06	0	4.55377	4.55377e+06	
28100	73.7878	63.4576	0	-3.9345e-07	-3.22e-06	0	3.24395	3.24395e+06	
28200	73.738	63.0577	0	-3.9345e-07	-3.22e-06	0	3.24395	3.24395e+06	
28300	73.6889	62.6577	0	-3.9345e-07	-3.22e-06	0	3.24395	3.24395e+06	
28400	73.64	62.2577	0	-3.9345e-07	-3.22e-06	0	3.24395	3.24395e+06	
28500	73.5912	61.8577	0	-3.9345e-07	-3.22e-06	0	3.24395	3.24395e+06	
28600	73.6459	61.6244	0	4.40353e-07	-1.8782e-06	0	1.92913	1.92913e+06	
28700	73.7006	61.3911	0	4.40353e-07	-1.8782e-06	0	1.92913	1.92913e+06	
28800	73.755	61.1578	0	4.40353e-07	-1.8782e-06	0	1.92913	1.92913e+06	
28900	73.8034	60.9245	0	4.40353e-07	-1.8782e-06	0	1.92913	1.92913e+06	
29000	73.8347	60.689	0	4.40353e-07	-1.8782e-06	0	1.92913	1.92913e+06	
29100	73.8947	60.5506	0	1.65607e-06	-9.49001e-07	0	1.90871	1.90871e+06	
29200	73.8961	60.4372	0	1.65607e-06	-9.49001e-07	0	1.90871	1.90871e+06	
29300	73.8837	60.3509	0	1.65607e-06	-9.49001e-07	0	1.90871	1.90871e+06	
29400	73.8713	60.2633	0	1.65607e-06	-9.49001e-07	0	1.90871	1.90871e+06	
29500	73.8613	60.1671	0	1.65607e-06	-9.49001e-07	0	1.90871	1.90871e+06	
29600	73.9117	60.4849	0	3.22e-06	2.21967e-06	0	3.91092	3.91092e+06	
29700	73.8885	60.7106	0	3.22e-06	2.21967e-06	0	3.91092	3.91092e+06	
29800	73.8682	60.952	0	3.22e-06	2.21967e-06	0	3.91092	3.91092e+06	
29900	73.8796	61.244	0	3.22e-06	2.21967e-06	0	3.91092	3.91092e+06	
30000	73.9112	61.55	0	3.22e-06	2.21967e-06	0	3.91092	3.91092e+06	
30100	73.9092	61.5598	0	3.22e-06	4.35268e-07	0	3.24929	3.24929e+06	
30200	73.9084	61.5658	0	3.22e-06	4.35268e-07	0	3.24929	3.24929e+06	
30300	73.9079	61.5695	0	3.22e-06	4.35268e-07	0	3.24929	3.24929e+06	
30400	73.9076	61.572	0	3.22e-06	4.35268e-07	0	3.24929	3.24929e+06	
30500	73.9074	61.5737	0	3.22e-06	4.35268e-07	0	3.24929	3.24929e+06	
30600	73.9128	61.485	0	3.22e-06	-5.61397e-07	0	3.26857	3.26857e+06	
30700	73.91	61.4466	0	3.22e-06	-5.61397e-07	0	3.26857	3.26857e+06	
30800	73.9074	61.4258	0	3.22e-06	-5.61397e-07	0	3.26857	3.26857e+06	
30900	73.9054	61.4116	0	3.22e-06	-5.61397e-07	0	3.26857	3.26857e+06	
31000	73.9038	61.4005	0	3.22e-06	-5.61397e-07	0	3.26857	3.26857e+06	
31100	73.8847	61.2644	0	3.22e-06	-1.58474e-06	0	3.58885	3.58885e+06	
31200	73.8703	61.1039	0	3.22e-06	-1.58474e-06	0	3.58885	3.58885e+06	
31300	73.8688	60.9092	0	3.22e-06	-1.58474e-06	0	3.58885	3.58885e+06	
31400	73.8899	60.6769	0	3.22e-06	-1.58474e-06	0	3.58885	3.58885e+06	
31500	73.9113	60.4541	0	3.22e-06	-1.58474e-06	0	3.58885	3.58885e+06	
31600	73.9126	60.4831	0	3.22e-06	2.33876e-08	0	3.22008	3.22008e+06	
31700	73.913	60.4952	0	3.22e-06	2.33876e-08	0	3.22008	3.22008e+06	
31800	73.913	60.5	0	3.22e-06	2.33876e-08	0	3.22008	3.22008e+06	
31900	73.913	60.5019	0	3.22e-06	2.33876e-08	0	3.22008	3.22008e+06	
32000	73.913	60.5026	0	3.22e-06	2.33876e-08	0	3.22008	3.22008e+06	
32100	73.8999	60.3704	0	3.22e-06	-1.43272e-06	0	3.52436	3.52436e+06	
32200	73.8829	60.2509	0	3.22e-06	-1.43272e-06	0	3.52436	3.52436e+06	
32300	73.8705	60.1083	0	3.22e-06	-1.43272e-06	0	3.52436	3.52436e+06	
32400	73.868	59.9351	0	3.22e-06	-1.43272e-06	0	3.52436	3.52436e+06	
32500	73.8833	59.7277	0	3.22e-06	-1.43272e-06	0	3.52436	3.52436e+06	
32600	73.902	59.4646	0	1.95416e-06	-1.94839e-06	0	2.75953	2.75953e+06	
32700	73.8752	59.2593	0	1.95416e-06	-1.94839e-06	0	2.75953	2.75953e+06	
32800	73.8581	59.0357	0	1.95416e-06	-1.94839e-06	0	2.75953	2.75953e+06	
32900	73.8661	58.7845	0	1.95416e-06	-1.94839e-06	0	2.75953	2.75953e+06	
33000	73.9006	58.5165	0	1.95416e-06	-1.94839e-06	0	2.75953	2.75953e+06	
33100	73.8862	58.5223	0	8.9293e-07	9.01178e-08	0	0.897466	897466	
33200	73.8858	58.5274	0	8.9293e-07	9.01178e-08	0	0.897466	897466	
33300	73.8856	58.5315	0	8.9293e-07	9.01178e-08	0	0.897466	897466	
33400	73.8853	58.5348	0	8.9293e-07	9.01178e-08	0	0.897466	897466	
33500	73.8851	58.5375	0	8.9293e-07	9.01178e-08	0	0.897466	897466	
33600	73.8792	58.5599	0	7.28226e-07	2.55999e-07	0	0.771912	771912	
33700	73.8767	58.5802	0	7.28226e-07	2.55999e-07	0	0.771912	771912	
33800	73.874	58.5989	0	7.28226e-07	2.55999e-07	0	0.771912	771912	
33900	73.8713	58.6169	0	7.28226e-07	2.55999e-07	0	0.771912	771912	
34000	73.8686	58.6347	0	7.28226e-07	2.55999e-07	0	0.771912	771912	
34100	73.8447	58.928	0	8.49447e-07	2.46539e-06	0	2.60762	2.60762e+06	
34200	73.8484	59.2376	0	8.49447e-07	2.46539e-06	0	2.60762	2.60762e+06	
34300	73.8819	59.5499	0	8.49447e-07	2.46539e-06	0	2.60762	2.60762e+06	
34400	73.8513	59.8392	0	8.49447e-07	2.46539e-06	0	2.60762	2.60762e+06	
34500	73.843	60.1444	0	8.49447e-07	2.46539e-06	0	2.60762	2.60762e+06	
34600	73.9099	60.5684	0	3.22e-06	3.22e-06	0	4.55377	4.55377e+06	
34700	73.8697	60.9183	0	3.22e-06	3.22e-06	0	4.55377	4.55377e+06	
34800	73.8905	61.3381	0	3.22e-06	3.22e-06	0	4.55377	4.55377e+06	
34900	73.8883	61.7179	0	3.22e-06	3.22e-06	0	4.55377	4.55377e+06	
35000	73.8687	62.0972	0	3.22e-06	3.22e-06	0	4.55377	4.55377e+06	
35100	73.9125	62.5302	0	3.22e-06	3.22e-06	0	4.55377	4.55377e+06	
35200	73.872	62.8778	0	3.22e-06	3.22e-06	0	4.55377	4.55377e+06	
35300	73.8841	63.2902	0	3.22e-06	3.22e-06	0	4.55377	4.55377e+06	
35400	73.8934	63.6818	0	3.22e-06	3.22e-06	0	4.55377	4.55377e+06	
35500	73.8676	64.0531	0	3.22e-06	3.22e-06	0	4.55377	4.55377e+06	
35600	73.9004	64.3993	0	3.22e-06	2.49934e-06	0	4.07616	4.07616e+06	
35700	73.8928	64.6824	0	3.22e-06	2.49934e-06	0	4.07616	4.07616e+06	
35800	73.8681	64.9556	0	3.22e-06	2.49934e-06	0	4.07616	4.07616e+06	
35900	73.8842	65.2859	0	3.22e-06	2.49934e-06	0	4.07616	4.07616e+06	
36000	73.9045	65.6058	0	3.22e-06	2.49934e-06	0	4.07616	4.07616e+06	
36100	73.8764	65.8137	0	3.22e-06	2.14096e-06	0	3.86679	3.86679e+06	
36200	73.8711	65.861	0	3.22e-06	2.14096e-06	0	3.86679	3.86679e+06	
36300	73.8711	65.861	0	3.22e-06	2.14096e-06	0	3.86679	3.86679e+06	
36400	73.8711	65.861	0	3.22e-06	2.14096e-06	0	3.86679	3.86679e+06	
36500	73.8711	65.861	0	3.22e-06	2.14096e-06	0	3.86679	3.86679e+06	
36600	73.868	65.8675	0	2.88123e-06	2.82374e-06	0	4.03423	4.03423e+06	
36700	73.868	65.8675	0	2.88123e-06	2.82374e-06	0	4.03423	4.03423e+06	
36800	73.868	65.8675	0	2.88123e-06	2.82374e-06	0	4.03423	4.03423e+06	
36900	73.868	65.8675	0	2.88123e-06	2.82374e-06	0	4.03423	4.03423e+06	
37000	73.868	65.8675	0	2.88123e-06	2.82374e-06	0	4.03423	4.03423e+06	
37100	73.8835	65.7317	0	3.22e-06	-5.45181e-07	0	3.26583	3.26583e+06	
37200	73.9012	65.6089	0	3.22e-06	-5.45181e-07	0	3.26583	3.26583e+06	
37300	73.9129	65.5045	0	3.22e-06	-5.45181e-07	0	3.26583	3.26583e+06	
37400	73.911	65.4568	0	3.22e-06	-5.45181e-07	0	3.26583	3.26583e+06	
37500	73.9084	65.4335	0	3.22e-06	-5.45181e-07	0	3.26583	3.26583e+06	
37600	73.8406	65.4231	0	-7.57313e-08	-1.40905e-07	0	0.159967	159967	
37700	73.821	65.4069	0	-7.57313e-08	-1.40905e-07	0	0.159967	159967	
37800	73.8066	65.3901	0	-7.57313e-08	-1.40905e-07	0	0.159967	159967	
37900	73.7943	65.373	0	-7.57313e-08	-1.40905e-07	0	0.159967	159967	
38000	73.7831	65.3558	0	-7.57313e-08	-1.40905e-07	0	0.159967	159967	
38100	73.8961	65.4884	0	1.51813e-06	1.01365e-06	0	1.82543	1.82543e+06	
38200	73.89	65.5978	0	1.51813e-06	1.01365e-06	0	1.82543	1.82543e+06	
38300	73.8756	65.6935	0	1.51813e-06	1.01365e-06	0	1.82543	1.82543e+06	
38400	73.8632	65.794	0	1.51813e-06	1.01365e-06	0	1.82543	1.82543e+06	
38500	73.8572	65.8457	0	1.51813e-06	1.01365e-06	0	1.82543	1.82543e+06	
38600	73.7721	65.8387	0	-4.16405e-07	4.64514e-07	0	0.623832	623832	
38700	73.7135	65.8449	0	-4.16405e-07	4.64514e-07	0	0.623832	623832	
38800	73.6548	65.8526	0	-4.16405e-07	4.64514e-07	0	0.623832	623832	
38900	73.5958	65.8614	0	-4.16405e-07	4.64514e-07	0	0.623832	623832	
39000	73.5383	65.8692	0	-4.16405e-07	4.64514e-07	0	0.623832	623832	
39100	73.6871	65.6283	0	1.20158e-06	-1.9027e-06	0	2.25034	2.25034e+06	
39200	73.8347	65.3922	0	1.20158e-06	-1.9027e-06	0	2.25034	2.25034e+06	
39300	73.8569	65.1706	0	1.20158e-06	-1.9027e-06	0	2.25034	2.25034e+06	
39400	73.848	64.9387	0	1.20158e-06	-1.9027e-06	0	2.25034	2.25034e+06	
39500	73.865	64.6915	0	1.20158e-06	-1.9027e-06	0	2.25034	2.25034e+06	
39600	73.8951	64.5456	0	1.64155e-06	-9.7862e-07	0	1.91112	1.91112e+06	
39700	73.8953	64.4307	0	1.64155e-06	-9.7862e-07	0	1.91112	1.91112e+06	
39800	73.8821	64.341	0	1.64155e-06	-9.7862e-07	0	1.91112	1.91112e+06	
39900	73.8694	64.2486	0	1.64155e-06	-9.7862e-07	0	1.91112	1.91112e+06	
40000	73.8596	64.1468	0	1.64155e-06	-9.7862e-07	0	1.91112	1.91112e+06	
40100	73.8808	63.738	0	3.22e-06	-3.22e-06	0	4.55377	4.55377e+06	
40200	73.8967	63.3394	0	3.22e-06	-3.22e-06	0	4.55377	4.55377e+06	
40300	73.8673	62.9728	0	3.22e-06	-3.22e-06	0	4.55377	4.55377e+06	
40400	73.9085	62.5386	0	3.22e-06	-3.22e-06	0	4.55377	4.55377e+06	
40500	73.877	62.185	0	3.22e-06	-3.22e-06	0	4.55377	4.55377e+06	
40600	73.9065	62.4338	0	3.22e-06	1.61583e-06	0	3.60268	3.60268e+06	
40700	73.9029	62.6117	0	3.22e-06	1.61583e-06	0	3.60268	3.60268e+06	
40800	73.8826	62.7529	0	3.22e-06	1.61583e-06	0	3.60268	3.60268e+06	
40900	73.8691	62.9213	0	3.22e-06	1.61583e-06	0	3.60268	3.60268e+06	
41000	73.8704	63.1255	0	3.22e-06	1.61583e-06	0	3.60268	3.60268e+06	
41100	73.8654	63.1114	0	2.5231e-06	-2.56143e-07	0	2.53607	2.53607e+06	
41200	73.8646	63.0948	0	2.5231e-06	-2.56143e-07	0	2.53607	2.53607e+06	
41300	73.8638	63.0755	0	2.5231e-06	-2.56143e-07	0	2.53607	2.53607e+06	
41400	73.8631	63.0532	0	2.5231e-06	-2.56143e-07	0	2.53607	2.53607e+06	
41500	73.8626	63.0274	0	2.5231e-06	-2.56143e-07	0	2.53607	2.53607e+06	
41600	73.8718	62.8524	0	3.22e-06	-1.32425e-06	0	3.48167	3.48167e+06	
41700	73.8948	62.6451	0	3.22e-06	-1.32425e-06	0	3.48167	3.48167e+06	
41800	73.9115	62.4578	0	3.22e-06	-1.32425e-06	0	3.48167	3.48167e+06	
41900	73.8968	62.3511	0	3.22e-06	-1.32425e-06	0	3.48167	3.48167e+06	
42000	73.8819	62.243	0	3.22e-06	-1.32425e-06	0	3.48167	3.48167e+06	
42100	73.9124	62.4911	0	3.22e-06	1.62741e-06	0	3.60789	3.60789e+06	
42200	73.8974	62.6468	0	3.22e-06	1.62741e-06	0	3.60789	3.60789e+06	
42300	73.878	62.7949	0	3.22e-06	1.62741e-06	0	3.60789	3.60789e+06	
42400	73.8676	62.974	0	3.22e-06	1.62741e-06	0	3.60789	3.60789e+06	
42500	73.8748	63.1902	0	3.22e-06	1.62741e-06	0	3.60789	3.60789e+06	
42600	73.8782	63.2344	0	2.95056e-06	6.60144e-08	0	2.9513	2.9513e+06	
42700	73.8844	63.286	0	2.95056e-06	6.60144e-08	0	2.9513	2.9513e+06	
42800	73.8928	63.3451	0	2.95056e-06	6.60144e-08	0	2.9513	2.9513e+06	
42900	73.9024	63.4075	0	2.95056e-06	6.60144e-08	0	2.9513	2.9513e+06	
43000	73.9091	63.4588	0	2.95056e-06	6.60144e-08	0	2.9513	2.9513e+06	
43100	73.868	63.6589	0	6.43476e-07	1.67158e-06	0	1.79116	1.79116e+06	
43200	73.8438	63.8549	0	6.43476e-07	1.67158e-06	0	1.79116	1.79116e+06	
43300	73.8356	64.0606	0	6.43476e-07	1.67158e-06	0	1.79116	1.79116e+06	
43400	73.8464	64.2733	0	6.43476e-07	1.67158e-06	0	1.79116	1.79116e+06	
43500	73.8729	64.4877	0	6.43476e-07	1.67158e-06	0	1.79116	1.79116e+06	
43600	73.6593	64.243	0	-1.67419e-06	-1.97284e-06	0	2.58747	2.58747e+06	
43700	73.4513	63.9979	0	-1.67419e-06	-1.97284e-06	0	2.58747	2.58747e+06	
43800	73.2433	63.7528	0	-1.67419e-06	-1.97284e-06	0	2.58747	2.58747e+06	
43900	73.0353	63.5077	0	-1.67419e-06	-1.97284e-06	0	2.58747	2.58747e+06	
44000	72.8274	63.2627	0	-1.67419e-06	-1.97284e-06	0	2.58747	2.58747e+06	
44100	72.4833	62.8627	0	-2.76998e-06	-3.22e-06	0	4.24749	4.24749e+06	
44200	72.1392	62.4627	0	-2.76998e-06	-3.22e-06	0	4.24749	4.24749e+06	
44300	71.7951	62.0627	0	-2.76998e-06	-3.22e-06	0	4.24749	4.24749e+06	
44400	71.451	61.6627	0	-2.76998e-06	-3.22e-06	0	4.24749	4.24749e+06	
44500	71.1069	61.2627	0	-2.76998e-06	-3.22e-06	0	4.24749	4.24749e+06	
44600	71.1369	61.2754	0	2.41558e-07	1.02398e-07	0	0.262365	262365	
44700	71.1669	61.2881	0	2.41558e-07	1.02398e-07	0	0.262365	262365	
44800	71.1969	61.3008	0	2.41558e-07	1.02398e-07	0	0.262365	262365	
44900	71.2269	61.3135	0	2.41558e-07	1.02398e-07	0	0.262365	262365	
45000	71.2569	61.3263	0	2.41558e-07	1.02398e-07	0	0.262365	262365	
45100	71.4005	61.6104	0	1.15612e-06	2.28741e-06	0	2.56298	2.56298e+06	
45200	71.5442	61.8946	0	1.15612e-06	2.28741e-06	0	2.56298	2.56298e+06	
45300	71.6878	62.1787	0	1.15612e-06	2.28741e-06	0	2.56298	2.56298e+06	
45400	71.8314	62.4629	0	1.15612e-06	2.28741e-06	0	2.56298	2.56298e+06	
45500	71.975	62.747	0	1.15612e-06	2.28741e-06	0	2.56298	2.56298e+06	
45600	72.0179	62.5135	0	3.45008e-07	-1.88001e-06	0	1.91141	1.91141e+06	
45700	72.0607	62.2799	0	3.45008e-07	-1.88001e-06	0	1.91141	1.91141e+06	
45800	72.1036	62.0464	0	3.45008e-07	-1.88001e-06	0	1.91141	1.91141e+06	
45900	72.1464	61.8129	0	3.45008e-07	-1.88001e-06	0	1.91141	1.91141e+06	
46000	72.1893	61.5793	0	3.45008e-07	-1.88001e-06	0	1.91141	1.91141e+06	
46100	72.1162	61.8875	0	-5.88305e-07	2.48066e-06	0	2.54947	2.54947e+06	
46200	72.0431	62.1956	0	-5.88305e-07	2.48066e-06	0	2.54947	2.54947e+06	
46300	71.9701	62.5038	0	-5.88305e-07	2.48066e-06	0	2.54947	2.54947e+06	
46400	71.897	62.8119	0	-5.88305e-07	2.48066e-06	0	2.54947	2.54947e+06	
46500	71.8239	63.1201	0	-5.88305e-07	2.48066e-06	0	2.54947	2.54947e+06	
46600	72.1483	63.1462	0	2.61161e-06	2.10361e-07	0	2.62007	2.62007e+06	
46700	72.4727	63.1724	0	2.61161e-06	2.10361e-07	0	2.62007	2.62007e+06	
46800	72.7972	63.1985	0	2.61161e-06	2.10361e-07	0	2.62007	2.62007e+06	
46900	73.1216	63.2246	0	2.61161e-06	2.10361e-07	0	2.62007	2.62007e+06	
47000	73.446	63.2507	0	2.61161e-06	2.10361e-07	0	2.62007	2.62007e+06	
47100	73.6572	63.3033	0	1.70014e-06	4.23376e-07	0	1.75206	1.75206e+06	
47200	73.8607	63.3571	0	1.70014e-06	4.23376e-07	0	1.75206	1.75206e+06	
47300	73.8944	63.4352	0	1.70014e-06	4.23376e-07	0	1.75206	1.75206e+06	
47400	73.8998	63.5006	0	1.70014e-06	4.23376e-07	0	1.75206	1.75206e+06	
47500	73.8981	63.5425	0	1.70014e-06	4.23376e-07	0	1.75206	1.75206e+06	
47600	73.8348	63.8119	0	1.38414e-07	2.25091e-06	0	2.25516	2.25516e+06	
47700	73.8136	64.0904	0	1.38414e-07	2.25091e-06	0	2.25516	2.25516e+06	
47800	73.8161	64.3713	0	1.38414e-07	2.25091e-06	0	2.25516	2.25516e+06	
47900	73.8267	64.6507	0	1.38414e-07	2.25091e-06	0	2.25516	2.25516e+06	
48000	73.8177	64.928	0	1.38414e-07	2.25091e-06	0	2.25516	2.25516e+06	
48100	73.6755	65.0957	0	-1.1095e-06	1.35065e-06	0	1.74792	1.74792e+06	
48200	73.5377	65.2635	0	-1.1095e-06	1.35065e-06	0	1.74792	1.74792e+06	
48300	73.3998	65.4312	0	-1.1095e-06	1.35065e-06	0	1.74792	1.74792e+06	
48400	73.262	65.599	0	-1.1095e-06	1.35065e-06	0	1.74792	1.74792e+06	
48500	73.1242	65.7666	0	-1.1095e-06	1.35065e-06	0	1.74792	1.74792e+06	
48600	72.8334	65.3704	0	-2.34095e-06	-3.18783e-06	0	3.95503	3.95503e+06	
48700	72.5426	64.9744	0	-2.34095e-06	-3.18783e-06	0	3.95503	3.95503e+06	
48800	72.2518	64.5784	0	-2.34095e-06	-3.18783e-06	0	3.95503	3.95503e+06	
48900	71.961	64.1824	0	-2.34095e-06	-3.18783e-06	0	3.95503	3.95503e+06	
49000	71.6702	63.7864	0	-2.34095e-06	-3.18783e-06	0	3.95503	3.95503e+06	
49100	71.2702	63.3864	0	-3.22e-06	-3.22e-06	0	4.55377	4.55377e+06	
49200	70.8702	62.9864	0	-3.22e-06	-3.22e-06	0	4.55377	4.55377e+06	
49300	70.4702	62.5864	0	-3.22e-06	-3.22e-06	0	4.55377	4.55377e+06	
49400	70.0702	62.1864	0	-3.22e-06	-3.22e-06	0	4.55377	4.55377e+06	
49500	69.6702	61.7864	0	-3.22e-06	-3.22e-06	0	4.55377	4.55377e+06	
49600	69.2702	61.6827	0	-3.22e-06	-8.3468e-07	0	3.32642	3.32642e+06	
49700	68.8702	61.5791	0	-3.22e-06	-8.3468e-07	0	3.32642	3.32642e+06	
49800	68.4702	61.4754	0	-3.22e-06	-8.3468e-07	0	3.32642	3.32642e+06	
49900	68.0702	61.3717	0	-3.22e-06	-8.3468e-07	0	3.32642	3.32642e+06	
50000	67.6702	61.268	0	-3.22e-06	-8.3468e-07	0	3.32642	3.32642e+06	
