0	56	28	0	3.22e-06	3.22e-06	0	4.55377	4.55377e+06	
100	56.4	28.4	0	3.22e-06	3.22e-06	0	4.55377	4.55377e+06	
200	56.8	28.8	0	3.22e-06	3.22e-06	0	4.55377	4.55377e+06	
300	57.2	29.2	0	3.22e-06	3.22e-06	0	4.55377	4.55377e+06	
400	57.6	29.6	0	3.22e-06	3.22e-06	0	4.55377	4.55377e+06	
500	58	30	0	3.22e-06	3.22e-06	0	4.55377	4.55377e+06	
600	58.4	30.4	0	3.22e-06	3.22e-06	0	4.55377	4.55377e+06	
700	58.8	30.8	0	3.22e-06	3.22e-06	0	4.55377	4.55377e+06	
800	59.2	31.2	0	3.22e-06	3.22e-06	0	4.55377	4.55377e+06	
900	59.6	31.6	0	3.22e-06	3.22e-06	0	4.55377	4.55377e+06	
1000	60	32	0	3.22e-06	3.22e-06	0	4.55377	4.55377e+06	
1100	60.4	32.4	0	3.22e-06	3.22e-06	0	4.55377	4.55377e+06	
1200	60.8	32.8	0	3.22e-06	3.22e-06	0	4.55377	4.55377e+06	
1300	61.2	33.2	0	3.22e-06	3.22e-06	0	4.55377	4.55377e+06	
1400	61.6	33.6	0	3.22e-06	3.22e-06	0	4.55377	4.55377e+06	
1500	62	34	0	3.22e-06	3.22e-06	0	4.55377	4.55377e+06	
1600	62.1983	34.4	0	1.59606e-06	3.22e-06	0	3.59385	3.59385e+06	
1700	62.3965	34.8	0	1.59606e-06	3.22e-06	0	3.59385	3.59385e+06	
1800	62.5948	35.2	0	1.59606e-06	3.22e-06	0	3.59385	3.59385e+06	
1900	62.7931	35.6	0	1.59606e-06	3.22e-06	0	3.59385	3.59385e+06	
2000	62.9913	36	0	1.59606e-06	3.22e-06	0	3.59385	3.59385e+06	
2100	62.9963	36.4	0	4.01189e-08	3.22e-06	0	3.22025	3.22025e+06	
2200	63.0013	36.8	0	4.01189e-08	3.22e-06	0	3.22025	3.22025e+06	
2300	63.0063	37.2	0	4.01189e-08	3.22e-06	0	3.22025	3.22025e+06	
2400	63.0113	37.6	0	4.01189e-08	3.22e-06	0	3.22025	3.22025e+06	
2500	63.0163	38	0	4.01189e-08	3.22e-06	0	3.22025	3.22025e+06	
2600	63.0141	38.4	0	-1.70982e-08	3.22e-06	0	3.22005	3.22005e+06	
2700	63.012	38.8	0	-1.70982e-08	3.22e-06	0	3.22005	3.22005e+06	
2800	63.0099	39.2	0	-1.70982e-08	3.22e-06	0	3.22005	3.22005e+06	
2900	63.0078	39.6	0	-1.70982e-08	3.22e-06	0	3.22005	3.22005e+06	
3000	63.0056	40	0	-1.70982e-08	3.22e-06	0	3.22005	3.22005e+06	
3100	63.2853	40.3458	0	2.25142e-06	2.78354e-06	0	3.58009	3.58009e+06	
3200	63.565	40.6916	0	2.25142e-06	2.78354e-06	0	3.58009	3.58009e+06	
3300	63.8447	41.0373	0	2.25142e-06	2.78354e-06	0	3.58009	3.58009e+06	
3400	64.1244	41.3831	0	2.25142e-06	2.78354e-06	0	3.58009	3.58009e+06	
3500	64.404	41.7289	0	2.25142e-06	2.78354e-06	0	3.58009	3.58009e+06	
3600	64.4535	42.1289	0	3.97873e-07	3.22e-06	0	3.24449	3.24449e+06	
3700	64.5029	42.5289	0	3.97873e-07	3.22e-06	0	3.24449	3.24449e+06	
3800	64.5523	42.9289	0	3.97873e-07	3.22e-06	0	3.24449	3.24449e+06	
3900	64.6017	43.3289	0	3.97873e-07	3.22e-06	0	3.24449	3.24449e+06	
4000	64.6512	43.7289	0	3.97873e-07	3.22e-06	0	3.24449	3.24449e+06	
4100	64.8738	44.1289	0	1.79248e-06	3.22e-06	0	3.68529	3.68529e+06	
4200	65.0965	44.5289	0	1.79248e-06	3.22e-06	0	3.68529	3.68529e+06	
4300	65.3192	44.9289	0	1.79248e-06	3.22e-06	0	3.68529	3.68529e+06	
4400	65.5418	45.3289	0	1.79248e-06	3.22e-06	0	3.68529	3.68529e+06	
4500	65.7644	45.7289	0	1.79248e-06	3.22e-06	0	3.68529	3.68529e+06	
4600	65.8699	46.125	0	3.22e-06	3.22e-06	0	4.55377	4.55377e+06	
4700	65.9112	46.5543	0	3.22e-06	3.22e-06	0	4.55377	4.55377e+06	
4800	65.8705	46.9028	0	3.22e-06	3.22e-06	0	4.55377	4.55377e+06	
4900	65.888	47.3199	0	3.22e-06	3.22e-06	0	4.55377	4.55377e+06	
5000	65.8902	47.7041	0	3.22e-06	3.22e-06	0	4.55377	4.55377e+06	
5100	65.8682	48.0804	0	3.22e-06	3.22e-06	0	4.55377	4.55377e+06	
5200	65.9125	48.5147	0	3.22e-06	3.22e-06	0	4.55377	4.55377e+06	
5300	65.873	48.8627	0	3.22e-06	3.22e-06	0	4.55377	4.55377e+06	
5400	65.882	49.2722	0	3.22e-06	3.22e-06	0	4.55377	4.55377e+06	
5500	65.8955	49.6683	0	3.22e-06	3.22e-06	0	4.55377	4.55377e+06	
5600	65.8674	50.0366	0	3.22e-06	3.22e-06	0	4.55377	4.55377e+06	
5700	65.9157	50.4764	0	3.22e-06	3.22e-06	0	4.55377	4.55377e+06	
5800	66.0781	50.9581	0	3.22e-06	3.22e-06	0	4.55377	4.55377e+06	
5900	66.3688	51.4279	0	3.22e-06	3.22e-06	0	4.55377	4.55377e+06	
6000	66.7493	51.8477	0	3.22e-06	3.22e-06	0	4.55377	4.55377e+06	
6100	67.1491	52.2481	0	3.22e-06	3.22e-06	0	4.55377	4.55377e+06	
6200	67.5491	52.6481	0	3.22e-06	3.22e-06	0	4.55377	4.55377e+06	
6300	67.9491	53.0481	0	3.22e-06	3.22e-06	0	4.55377	4.55377e+06	
6400	68.3491	53.4481	0	3.22e-06	3.22e-06	0	4.55377	4.55377e+06	
6500	68.7491	53.8481	0	3.22e-06	3.22e-06	0	4.55377	4.55377e+06	
6600	69.1491	54.2481	0	3.22e-06	3.22e-06	0	4.55377	4.55377e+06	
6700	69.5491	54.6481	0	3.22e-06	3.22e-06	0	4.55377	4.55377e+06	
6800	69.9491	55.0481	0	3.22e-06	3.22e-06	0	4.55377	4.55377e+06	
6900	70.3491	55.4481	0	3.22e-06	3.22e-06	0	4.55377	4.55377e+06	
7000	70.7491	55.8481	0	3.22e-06	3.22e-06	0	4.55377	4.55377e+06	
7100	71.1491	56.2481	0	3.22e-06	3.22e-06	0	4.55377	4.55377e+06	
7200	71.5491	56.6481	0	3.22e-06	3.22e-06	0	4.55377	4.55377e+06	
7300	71.9491	57.0481	0	3.22e-06	3.22e-06	0	4.55377	4.55377e+06	
7400	72.3491	57.4481	0	3.22e-06	3.22e-06	0	4.55377	4.55377e+06	
7500	72.7491	57.8481	0	3.22e-06	3.22e-06	0	4.55377	4.55377e+06	
7600	73.1491	58.2481	0	3.22e-06	3.22e-06	0	4.55377	4.55377e+06	
7700	73.5491	58.6481	0	3.22e-06	3.22e-06	0	4.55377	4.55377e+06	
7800	73.8673	59.048	0	3.22e-06	3.22e-06	0	4.55377	4.55377e+06	
7900	73.9108	59.4831	0	3.22e-06	3.22e-06	0	4.55377	4.55377e+06	
8000	73.8753	59.8336	0	3.22e-06	3.22e-06	0	4.55377	4.55377e+06	
8100	73.8782	60.2375	0	3.22e-06	3.22e-06	0	4.55377	4.55377e+06	
8200	73.8995	60.6422	0	3.22e-06	3.22e-06	0	4.55377	4.55377e+06	
8300	73.8674	61.0048	0	3.22e-06	3.22e-06	0	4.55377	4.55377e+06	
8400	73.9053	61.4372	0	3.22e-06	3.22e-06	0	4.55377	4.55377e+06	
8500	73.879	61.795	0	3.22e-06	3.22e-06	0	4.55377	4.55377e+06	
8600	73.8741	62.191	0	3.22e-06	3.22e-06	0	4.55377	4.55377e+06	
8700	73.9049	62.6069	0	3.22e-06	3.22e-06	0	4.55377	4.55377e+06	
8800	73.8681	62.9625	0	3.22e-06	3.22e-06	0	4.55377	4.55377e+06	
8900	73.8981	63.3894	0	3.22e-06	3.22e-06	0	4.55377	4.55377e+06	
9000	73.8832	63.7572	0	3.22e-06	3.22e-06	0	4.55377	4.55377e+06	
9100	73.8631	64.1482	0	2.20857e-06	3.22e-06	0	3.90463	3.90463e+06	
9200	73.9028	64.5658	0	2.20857e-06	3.22e-06	0	3.90463	3.90463e+06	
9300	73.8621	64.9308	0	2.20857e-06	3.22e-06	0	3.90463	3.90463e+06	
9400	73.8824	65.345	0	2.20857e-06	3.22e-06	0	3.90463	3.90463e+06	
9500	73.8802	65.7292	0	2.20857e-06	3.22e-06	0	3.90463	3.90463e+06	
9600	73.7681	65.8795	0	-3.34723e-07	3.22e-06	0	3.23735	3.23735e+06	
9700	73.6765	65.8911	0	-3.34723e-07	3.22e-06	0	3.23735	3.23735e+06	
9800	73.5774	65.9062	0	-3.34723e-07	3.22e-06	0	3.23735	3.23735e+06	
9900	73.5057	65.9129	0	-3.34723e-07	3.22e-06	0	3.23735	3.23735e+06	
10000	73.475	65.9123	0	-3.34723e-07	3.22e-06	0	3.23735	3.23735e+06	
10100	73.4378	65.909	0	-6.03981e-07	3.22e-06	0	3.27616	3.27616e+06	
10200	73.4157	65.906	0	-6.03981e-07	3.22e-06	0	3.27616	3.27616e+06	
10300	73.3991	65.9036	0	-6.03981e-07	3.22e-06	0	3.27616	3.27616e+06	
10400	73.385	65.9014	0	-6.03981e-07	3.22e-06	0	3.27616	3.27616e+06	
10500	73.3718	65.8993	0	-6.03981e-07	3.22e-06	0	3.27616	3.27616e+06	
10600	73.4083	65.8963	0	-3.35937e-08	2.15489e-06	0	2.15515	2.15515e+06	
10700	73.4389	65.9005	0	-3.35937e-08	2.15489e-06	0	2.15515	2.15515e+06	
10800	73.4612	65.9029	0	-3.35937e-08	2.15489e-06	0	2.15515	2.15515e+06	
10900	73.4753	65.904	0	-3.35937e-08	2.15489e-06	0	2.15515	2.15515e+06	
11000	73.4834	65.9044	0	-3.35937e-08	2.15489e-06	0	2.15515	2.15515e+06	
11100	73.4105	65.9056	0	-9.32303e-07	3.22e-06	0	3.35225	3.35225e+06	
11200	73.3566	65.8973	0	-9.32303e-07	3.22e-06	0	3.35225	3.35225e+06	
11300	73.3008	65.889	0	-9.32303e-07	3.22e-06	0	3.35225	3.35225e+06	
11400	73.236	65.8808	0	-9.32303e-07	3.22e-06	0	3.35225	3.35225e+06	
11500	73.1581	65.8735	0	-9.32303e-07	3.22e-06	0	3.35225	3.35225e+06	
11600	73.2757	65.8804	0	6.86128e-07	2.65939e-06	0	2.74647	2.74647e+06	
11700	73.4062	65.8994	0	6.86128e-07	2.65939e-06	0	2.74647	2.74647e+06	
11800	73.5129	65.909	0	6.86128e-07	2.65939e-06	0	2.74647	2.74647e+06	
11900	73.5687	65.9045	0	6.86128e-07	2.65939e-06	0	2.74647	2.74647e+06	
12000	73.6065	65.899	0	6.86128e-07	2.65939e-06	0	2.74647	2.74647e+06	
12100	73.8733	65.8359	0	3.22e-06	6.42141e-07	0	3.2834	3.2834e+06	
12200	73.874	65.8292	0	3.22e-06	6.42141e-07	0	3.2834	3.2834e+06	
12300	73.8741	65.8285	0	3.22e-06	6.42141e-07	0	3.2834	3.2834e+06	
12400	73.8741	65.8285	0	3.22e-06	6.42141e-07	0	3.2834	3.2834e+06	
12500	73.8741	65.8285	0	3.22e-06	6.42141e-07	0	3.2834	3.2834e+06	
12600	73.874	65.8292	0	3.22e-06	6.56913e-07	0	3.28633	3.28633e+06	
12700	73.874	65.8293	0	3.22e-06	6.56913e-07	0	3.28633	3.28633e+06	
12800	73.874	65.8293	0	3.22e-06	6.56913e-07	0	3.28633	3.28633e+06	
12900	73.874	65.8293	0	3.22e-06	6.56913e-07	0	3.28633	3.28633e+06	
13000	73.874	65.8293	0	3.22e-06	6.56913e-07	0	3.28633	3.28633e+06	
13100	73.6595	65.8928	0	-1.19885e-06	3.22e-06	0	3.43593	3.43593e+06	
13200	73.4774	65.9127	0	-1.19885e-06	3.22e-06	0	3.43593	3.43593e+06	
13300	73.3794	65.9011	0	-1.19885e-06	3.22e-06	0	3.43593	3.43593e+06	
13400	73.2915	65.8879	0	-1.19885e-06	3.22e-06	0	3.43593	3.43593e+06	
13500	73.1891	65.8762	0	-1.19885e-06	3.22e-06	0	3.43593	3.43593e+06	
13600	73.224	65.8724	0	5.33025e-08	2.33609e-06	0	2.33669	2.33669e+06	
13700	73.2629	65.8768	0	5.33025e-08	2.33609e-06	0	2.33669	2.33669e+06	
13800	73.3067	65.8825	0	5.33025e-08	2.33609e-06	0	2.33669	2.33669e+06	
13900	73.3548	65.8895	0	5.33025e-08	2.33609e-06	0	2.33669	2.33669e+06	
14000	73.4043	65.8972	0	5.33025e-08	2.33609e-06	0	2.33669	2.33669e+06	
14100	73.7684	65.8819	0	3.22e-06	3.22e-06	0	4.55377	4.55377e+06	
14200	73.8701	65.8701	0	3.22e-06	3.22e-06	0	4.55377	4.55377e+06	
14300	73.8701	65.8701	0	3.22e-06	3.22e-06	0	4.55377	4.55377e+06	
14400	73.8701	65.8701	0	3.22e-06	3.22e-06	0	4.55377	4.55377e+06	
14500	73.8701	65.8701	0	3.22e-06	3.22e-06	0	4.55377	4.55377e+06	
14600	73.8708	65.8637	0	3.22e-06	2.40593e-06	0	4.01956	4.01956e+06	
14700	73.8708	65.8637	0	3.22e-06	2.40593e-06	0	4.01956	4.01956e+06	
14800	73.8708	65.8637	0	3.22e-06	2.40593e-06	0	4.01956	4.01956e+06	
14900	73.8708	65.8637	0	3.22e-06	2.40593e-06	0	4.01956	4.01956e+06	
15000	73.8708	65.8637	0	3.22e-06	2.40593e-06	0	4.01956	4.01956e+06	
15100	73.8771	65.794	0	3.22e-06	7.16793e-08	0	3.2208	3.2208e+06	
15200	73.881	65.7574	0	3.22e-06	7.16793e-08	0	3.2208	3.2208e+06	
15300	73.8858	65.7176	0	3.22e-06	7.16793e-08	0	3.2208	3.2208e+06	
15400	73.8922	65.6717	0	3.22e-06	7.16793e-08	0	3.2208	3.2208e+06	
15500	73.9	65.6209	0	3.22e-06	7.16793e-08	0	3.2208	3.2208e+06	
15600	73.9089	65.5588	0	3.22e-06	-5.91252e-08	0	3.22054	3.22054e+06	
15700	73.9125	65.52	0	3.22e-06	-5.91252e-08	0	3.22054	3.22054e+06	
15800	73.913	65.5031	0	3.22e-06	-5.91252e-08	0	3.22054	3.22054e+06	
15900	73.913	65.4964	0	3.22e-06	-5.91252e-08	0	3.22054	3.22054e+06	
16000	73.913	65.4938	0	3.22e-06	-5.91252e-08	0	3.22054	3.22054e+06	
16100	73.8853	65.7354	0	3.22e-06	2.36733e-06	0	3.99658	3.99658e+06	
16200	73.8709	65.8633	0	3.22e-06	2.36733e-06	0	3.99658	3.99658e+06	
16300	73.8709	65.8633	0	3.22e-06	2.36733e-06	0	3.99658	3.99658e+06	
16400	73.8709	65.8633	0	3.22e-06	2.36733e-06	0	3.99658	3.99658e+06	
16500	73.8709	65.8633	0	3.22e-06	2.36733e-06	0	3.99658	3.99658e+06	
16600	73.8703	65.8679	0	3.22e-06	2.9177e-06	0	4.34527	4.34527e+06	
16700	73.8703	65.8679	0	3.22e-06	2.9177e-06	0	4.34527	4.34527e+06	
16800	73.8703	65.8679	0	3.22e-06	2.9177e-06	0	4.34527	4.34527e+06	
16900	73.8703	65.8679	0	3.22e-06	2.9177e-06	0	4.34527	4.34527e+06	
17000	73.8703	65.8679	0	3.22e-06	2.9177e-06	0	4.34527	4.34527e+06	
17100	73.8715	65.8568	0	3.22e-06	1.78234e-06	0	3.68037	3.68037e+06	
17200	73.8715	65.8568	0	3.22e-06	1.78234e-06	0	3.68037	3.68037e+06	
17300	73.8715	65.8568	0	3.22e-06	1.78234e-06	0	3.68037	3.68037e+06	
17400	73.8715	65.8568	0	3.22e-06	1.78234e-06	0	3.68037	3.68037e+06	
17500	73.8715	65.8568	0	3.22e-06	1.78234e-06	0	3.68037	3.68037e+06	
17600	73.8701	65.8701	0	3.22e-06	3.22e-06	0	4.55377	4.55377e+06	
17700	73.8701	65.8701	0	3.22e-06	3.22e-06	0	4.55377	4.55377e+06	
17800	73.8701	65.8701	0	3.22e-06	3.22e-06	0	4.55377	4.55377e+06	
17900	73.8701	65.8701	0	3.22e-06	3.22e-06	0	4.55377	4.55377e+06	
18000	73.8701	65.8701	0	3.22e-06	3.22e-06	0	4.55377	4.55377e+06	
18100	73.8701	65.8701	0	3.22e-06	3.22e-06	0	4.55377	4.55377e+06	
18200	73.8701	65.8701	0	3.22e-06	3.22e-06	0	4.55377	4.55377e+06	
18300	73.8701	65.8701	0	3.22e-06	3.22e-06	0	4.55377	4.55377e+06	
18400	73.8701	65.8701	0	3.22e-06	3.22e-06	0	4.55377	4.55377e+06	
18500	73.8701	65.8701	0	3.22e-06	3.22e-06	0	4.55377	4.55377e+06	
18600	73.8701	65.8701	0	3.22e-06	3.22e-06	0	4.55377	4.55377e+06	
18700	73.8701	65.8701	0	3.22e-06	3.22e-06	0	4.55377	4.55377e+06	
18800	73.8701	65.8701	0	3.22e-06	3.22e-06	0	4.55377	4.55377e+06	
18900	73.8701	65.8701	0	3.22e-06	3.22e-06	0	4.55377	4.55377e+06	
19000	73.8701	65.8701	0	3.22e-06	3.22e-06	0	4.55377	4.55377e+06	
19100	73.8659	65.8706	0	2.66285e-06	3.22e-06	0	4.17842	4.17842e+06	
19200	73.8659	65.8706	0	2.66285e-06	3.22e-06	0	4.17842	4.17842e+06	
19300	73.8659	65.8706	0	2.66285e-06	3.22e-06	0	4.17842	4.17842e+06	
19400	73.8659	65.8706	0	2.66285e-06	3.22e-06	0	4.17842	4.17842e+06	
19500	73.8659	65.8706	0	2.66285e-06	3.22e-06	0	4.17842	4.17842e+06	
19600	73.863	65.8709	0	2.33713e-06	3.22e-06	0	3.97876	3.97876e+06	
19700	73.863	65.8709	0	2.33713e-06	3.22e-06	0	3.97876	3.97876e+06	
19800	73.863	65.8709	0	2.33713e-06	3.22e-06	0	3.97876	3.97876e+06	
19900	73.863	65.8709	0	2.33713e-06	3.22e-06	0	3.97876	3.97876e+06	
20000	73.863	65.8709	0	2.33713e-06	3.22e-06	0	3.97876	3.97876e+06	
20100	73.8474	65.8724	0	1.21071e-06	3.22e-06	0	3.44009	3.44009e+06	
20200	73.8474	65.8724	0	1.21071e-06	3.22e-06	0	3.44009	3.44009e+06	
20300	73.8474	65.8724	0	1.21071e-06	3.22e-06	0	3.44009	3.44009e+06	
20400	73.8474	65.8724	0	1.21071e-06	3.22e-06	0	3.44009	3.44009e+06	
20500	73.8474	65.8724	0	1.21071e-06	3.22e-06	0	3.44009	3.44009e+06	
20600	73.8552	65.8717	0	1.66561e-06	3.22e-06	0	3.62528	3.62528e+06	
20700	73.8552	65.8717	0	1.66561e-06	3.22e-06	0	3.62528	3.62528e+06	
20800	73.8552	65.8717	0	1.66561e-06	3.22e-06	0	3.62528	3.62528e+06	
20900	73.8552	65.8717	0	1.66561e-06	3.22e-06	0	3.62528	3.62528e+06	
21000	73.8552	65.8717	0	1.66561e-06	3.22e-06	0	3.62528	3.62528e+06	
21100	73.8594	65.8713	0	1.99646e-06	3.22e-06	0	3.7887	3.7887e+06	
21200	73.8594	65.8713	0	1.99646e-06	3.22e-06	0	3.7887	3.7887e+06	
21300	73.8594	65.8713	0	1.99646e-06	3.22e-06	0	3.7887	3.7887e+06	
21400	73.8594	65.8713	0	1.99646e-06	3.22e-06	0	3.7887	3.7887e+06	
21500	73.8594	65.8713	0	1.99646e-06	3.22e-06	0	3.7887	3.7887e+06	
21600	73.8617	65.871	0	2.20648e-06	3.22e-06	0	3.90346	3.90346e+06	
21700	73.8617	65.871	0	2.20648e-06	3.22e-06	0	3.90346	3.90346e+06	
21800	73.8617	65.871	0	2.20648e-06	3.22e-06	0	3.90346	3.90346e+06	
21900	73.8617	65.871	0	2.20648e-06	3.22e-06	0	3.90346	3.90346e+06	
22000	73.8617	65.871	0	2.20648e-06	3.22e-06	0	3.90346	3.90346e+06	
22100	73.8266	65.8742	0	5.61094e-07	3.22e-06	0	3.26852	3.26852e+06	
22200	73.8238	65.8745	0	5.61094e-07	3.22e-06	0	3.26852	3.26852e+06	
22300	73.8233	65.8745	0	5.61094e-07	3.22e-06	0	3.26852	3.26852e+06	
22400	73.8232	65.8746	0	5.61094e-07	3.22e-06	0	3.26852	3.26852e+06	
22500	73.8231	65.8746	0	5.61094e-07	3.22e-06	0	3.26852	3.26852e+06	
22600	73.8287	65.8741	0	6.59463e-07	3.22e-06	0	3.28684	3.28684e+06	
22700	73.8293	65.874	0	6.59463e-07	3.22e-06	0	3.28684	3.28684e+06	
22800	73.8294	65.874	0	6.59463e-07	3.22e-06	0	3.28684	3.28684e+06	
22900	73.8294	65.874	0	6.59463e-07	3.22e-06	0	3.28684	3.28684e+06	
23000	73.8294	65.874	0	6.59463e-07	3.22e-06	0	3.28684	3.28684e+06	
23100	73.8575	65.8715	0	1.836e-06	3.22e-06	0	3.70665	3.70665e+06	
23200	73.8575	65.8715	0	1.836e-06	3.22e-06	0	3.70665	3.70665e+06	
23300	73.8575	65.8715	0	1.836e-06	3.22e-06	0	3.70665	3.70665e+06	
23400	73.8575	65.8715	0	1.836e-06	3.22e-06	0	3.70665	3.70665e+06	
23500	73.8575	65.8715	0	1.836e-06	3.22e-06	0	3.70665	3.70665e+06	
23600	73.8584	65.8714	0	1.90744e-06	3.22e-06	0	3.74256	3.74256e+06	
23700	73.8584	65.8714	0	1.90744e-06	3.22e-06	0	3.74256	3.74256e+06	
23800	73.8584	65.8714	0	1.90744e-06	3.22e-06	0	3.74256	3.74256e+06	
23900	73.8584	65.8714	0	1.90744e-06	3.22e-06	0	3.74256	3.74256e+06	
24000	73.8584	65.8714	0	1.90744e-06	3.22e-06	0	3.74256	3.74256e+06	
24100	73.8668	65.8705	0	2.77598e-06	3.22e-06	0	4.25141	4.25141e+06	
24200	73.8668	65.8705	0	2.77598e-06	3.22e-06	0	4.25141	4.25141e+06	
24300	73.8668	65.8705	0	2.77598e-06	3.22e-06	0	4.25141	4.25141e+06	
24400	73.8668	65.8705	0	2.77598e-06	3.22e-06	0	4.25141	4.25141e+06	
24500	73.8668	65.8705	0	2.77598e-06	3.22e-06	0	4.25141	4.25141e+06	
24600	73.8493	65.8722	0	1.30441e-06	3.22e-06	0	3.47418	3.47418e+06	
24700	73.8493	65.8722	0	1.30441e-06	3.22e-06	0	3.47418	3.47418e+06	
24800	73.8493	65.8722	0	1.30441e-06	3.22e-06	0	3.47418	3.47418e+06	
24900	73.8493	65.8722	0	1.30441e-06	3.22e-06	0	3.47418	3.47418e+06	
25000	73.8493	65.8722	0	1.30441e-06	3.22e-06	0	3.47418	3.47418e+06	
25100	73.8704	65.8674	0	3.22e-06	2.84319e-06	0	4.2956	4.2956e+06	
25200	73.8704	65.8674	0	3.22e-06	2.84319e-06	0	4.2956	4.2956e+06	
25300	73.8704	65.8674	0	3.22e-06	2.84319e-06	0	4.2956	4.2956e+06	
25400	73.8704	65.8674	0	3.22e-06	2.84319e-06	0	4.2956	4.2956e+06	
25500	73.8704	65.8674	0	3.22e-06	2.84319e-06	0	4.2956	4.2956e+06	
25600	73.8719	65.8524	0	3.22e-06	1.48189e-06	0	3.54463	3.54463e+06	
25700	73.8719	65.8524	0	3.22e-06	1.48189e-06	0	3.54463	3.54463e+06	
25800	73.8719	65.8524	0	3.22e-06	1.48189e-06	0	3.54463	3.54463e+06	
25900	73.8719	65.8524	0	3.22e-06	1.48189e-06	0	3.54463	3.54463e+06	
26000	73.8719	65.8524	0	3.22e-06	1.48189e-06	0	3.54463	3.54463e+06	
26100	73.8675	65.8704	0	2.86071e-06	3.22e-06	0	4.30721	4.30721e+06	
26200	73.8675	65.8704	0	2.86071e-06	3.22e-06	0	4.30721	4.30721e+06	
26300	73.8675	65.8704	0	2.86071e-06	3.22e-06	0	4.30721	4.30721e+06	
26400	73.8675	65.8704	0	2.86071e-06	3.22e-06	0	4.30721	4.30721e+06	
26500	73.8675	65.8704	0	2.86071e-06	3.22e-06	0	4.30721	4.30721e+06	
26600	73.8682	65.8693	0	2.93598e-06	3.066e-06	0	4.24503	4.24503e+06	
26700	73.8682	65.8693	0	2.93598e-06	3.066e-06	0	4.24503	4.24503e+06	
26800	73.8682	65.8693	0	2.93598e-06	3.066e-06	0	4.24503	4.24503e+06	
26900	73.8682	65.8693	0	2.93598e-06	3.066e-06	0	4.24503	4.24503e+06	
27000	73.8682	65.8693	0	2.93598e-06	3.066e-06	0	4.24503	4.24503e+06	
27100	73.8711	65.8608	0	3.22e-06	2.12326e-06	0	3.85702	3.85702e+06	
27200	73.8711	65.8608	0	3.22e-06	2.12326e-06	0	3.85702	3.85702e+06	
27300	73.8711	65.8608	0	3.22e-06	2.12326e-06	0	3.85702	3.85702e+06	
27400	73.8711	65.8608	0	3.22e-06	2.12326e-06	0	3.85702	3.85702e+06	
27500	73.8711	65.8608	0	3.22e-06	2.12326e-06	0	3.85702	3.85702e+06	
27600	73.8705	65.8669	0	3.22e-06	2.77891e-06	0	4.25332	4.25332e+06	
27700	73.8705	65.8669	0	3.22e-06	2.77891e-06	0	4.25332	4.25332e+06	
27800	73.8705	65.8669	0	3.22e-06	2.77891e-06	0	4.25332	4.25332e+06	
27900	73.8705	65.8669	0	3.22e-06	2.77891e-06	0	4.25332	4.25332e+06	
28000	73.8705	65.8669	0	3.22e-06	2.77891e-06	0	4.25332	4.25332e+06	
28100	73.8715	65.8568	0	3.22e-06	1.78017e-06	0	3.67932	3.67932e+06	
28200	73.8715	65.8568	0	3.22e-06	1.78017e-06	0	3.67932	3.67932e+06	
28300	73.8715	65.8568	0	3.22e-06	1.78017e-06	0	3.67932	3.67932e+06	
28400	73.8715	65.8568	0	3.22e-06	1.78017e-06	0	3.67932	3.67932e+06	
28500	73.8715	65.8568	0	3.22e-06	1.78017e-06	0	3.67932	3.67932e+06	
28600	73.8701	65.8701	0	3.22e-06	3.22e-06	0	4.55377	4.55377e+06	
28700	73.8701	65.8701	0	3.22e-06	3.22e-06	0	4.55377	4.55377e+06	
28800	73.8701	65.8701	0	3.22e-06	3.22e-06	0	4.55377	4.55377e+06	
28900	73.8701	65.8701	0	3.22e-06	3.22e-06	0	4.55377	4.55377e+06	
29000	73.8701	65.8701	0	3.22e-06	3.22e-06	0	4.55377	4.55377e+06	
29100	73.8701	65.8701	0	3.22e-06	3.22e-06	0	4.55377	4.55377e+06	
29200	73.8701	65.8701	0	3.22e-06	3.22e-06	0	4.55377	4.55377e+06	
29300	73.8701	65.8701	0	3.22e-06	3.22e-06	0	4.55377	4.55377e+06	
29400	73.8701	65.8701	0	3.22e-06	3.22e-06	0	4.55377	4.55377e+06	
29500	73.8701	65.8701	0	3.22e-06	3.22e-06	0	4.55377	4.55377e+06	
29600	73.8715	65.8574	0	3.22e-06	1.82712e-06	0	3.70226	3.70226e+06	
29700	73.8715	65.8574	0	3.22e-06	1.82712e-06	0	3.70226	3.70226e+06	
29800	73.8715	65.8574	0	3.22e-06	1.82712e-06	0	3.70226	3.70226e+06	
29900	73.8715	65.8574	0	3.22e-06	1.82712e-06	0	3.70226	3.70226e+06	
30000	73.8715	65.8574	0	3.22e-06	1.82712e-06	0	3.70226	3.70226e+06	
30100	73.8735	65.8346	0	3.22e-06	7.52346e-07	0	3.30672	3.30672e+06	
30200	73.8736	65.8339	0	3.22e-06	7.52346e-07	0	3.30672	3.30672e+06	
30300	73.8736	65.8339	0	3.22e-06	7.52346e-07	0	3.30672	3.30672e+06	
30400	73.8736	65.8339	0	3.22e-06	7.52346e-07	0	3.30672	3.30672e+06	
30500	73.8736	65.8339	0	3.22e-06	7.52346e-07	0	3.30672	3.30672e+06	
30600	73.8809	65.756	0	3.22e-06	-2.0761e-07	0	3.22669	3.22669e+06	
30700	73.8908	65.6793	0	3.22e-06	-2.0761e-07	0	3.22669	3.22669e+06	
30800	73.9037	65.595	0	3.22e-06	-2.0761e-07	0	3.22669	3.22669e+06	
30900	73.912	65.5266	0	3.22e-06	-2.0761e-07	0	3.22669	3.22669e+06	
31000	73.913	65.4937	0	3.22e-06	-2.0761e-07	0	3.22669	3.22669e+06	
31100	73.8936	65.6731	0	3.22e-06	1.84497e-06	0	3.71111	3.71111e+06	
31200	73.8734	65.8424	0	3.22e-06	1.84497e-06	0	3.71111	3.71111e+06	
31300	73.8714	65.8576	0	3.22e-06	1.84497e-06	0	3.71111	3.71111e+06	
31400	73.8714	65.8576	0	3.22e-06	1.84497e-06	0	3.71111	3.71111e+06	
31500	73.8714	65.8576	0	3.22e-06	1.84497e-06	0	3.71111	3.71111e+06	
31600	73.8701	65.8701	0	3.22e-06	3.22e-06	0	4.55377	4.55377e+06	
31700	73.8701	65.8701	0	3.22e-06	3.22e-06	0	4.55377	4.55377e+06	
31800	73.8701	65.8701	0	3.22e-06	3.22e-06	0	4.55377	4.55377e+06	
31900	73.8701	65.8701	0	3.22e-06	3.22e-06	0	4.55377	4.55377e+06	
32000	73.8701	65.8701	0	3.22e-06	3.22e-06	0	4.55377	4.55377e+06	
32100	73.8701	65.8701	0	3.22e-06	3.22e-06	0	4.55377	4.55377e+06	
32200	73.8701	65.8701	0	3.22e-06	3.22e-06	0	4.55377	4.55377e+06	
32300	73.8701	65.8701	0	3.22e-06	3.22e-06	0	4.55377	4.55377e+06	
32400	73.8701	65.8701	0	3.22e-06	3.22e-06	0	4.55377	4.55377e+06	
32500	73.8701	65.8701	0	3.22e-06	3.22e-06	0	4.55377	4.55377e+06	
32600	73.8701	65.8701	0	3.22e-06	3.22e-06	0	4.55377	4.55377e+06	
32700	73.8701	65.8701	0	3.22e-06	3.22e-06	0	4.55377	4.55377e+06	
32800	73.8701	65.8701	0	3.22e-06	3.22e-06	0	4.55377	4.55377e+06	
32900	73.8701	65.8701	0	3.22e-06	3.22e-06	0	4.55377	4.55377e+06	
33000	73.8701	65.8701	0	3.22e-06	3.22e-06	0	4.55377	4.55377e+06	
33100	73.8701	65.8701	0	3.22e-06	3.22e-06	0	4.55377	4.55377e+06	
33200	73.8701	65.8701	0	3.22e-06	3.22e-06	0	4.55377	4.55377e+06	
33300	73.8701	65.8701	0	3.22e-06	3.22e-06	0	4.55377	4.55377e+06	
33400	73.8701	65.8701	0	3.22e-06	3.22e-06	0	4.55377	4.55377e+06	
33500	73.8701	65.8701	0	3.22e-06	3.22e-06	0	4.55377	4.55377e+06	
33600	73.8701	65.8701	0	3.22e-06	3.22e-06	0	4.55377	4.55377e+06	
33700	73.8701	65.8701	0	3.22e-06	3.22e-06	0	4.55377	4.55377e+06	
33800	73.8701	65.8701	0	3.22e-06	3.22e-06	0	4.55377	4.55377e+06	
33900	73.8701	65.8701	0	3.22e-06	3.22e-06	0	4.55377	4.55377e+06	
34000	73.8701	65.8701	0	3.22e-06	3.22e-06	0	4.55377	4.55377e+06	
34100	73.865	65.8546	0	2.32618e-06	1.53579e-06	0	2.78743	2.78743e+06	
34200	73.865	65.8546	0	2.32618e-06	1.53579e-06	0	2.78743	2.78743e+06	
34300	73.865	65.8546	0	2.32618e-06	1.53579e-06	0	2.78743	2.78743e+06	
34400	73.865	65.8546	0	2.32618e-06	1.53579e-06	0	2.78743	2.78743e+06	
34500	73.865	65.8546	0	2.32618e-06	1.53579e-06	0	2.78743	2.78743e+06	
34600	73.6513	65.6409	0	-1.57486e-06	-1.61516e-06	0	2.25587	2.25587e+06	
34700	73.4556	65.4403	0	-1.57486e-06	-1.61516e-06	0	2.25587	2.25587e+06	
34800	73.26	65.2396	0	-1.57486e-06	-1.61516e-06	0	2.25587	2.25587e+06	
34900	73.0644	65.039	0	-1.57486e-06	-1.61516e-06	0	2.25587	2.25587e+06	
35000	72.8687	64.8383	0	-1.57486e-06	-1.61516e-06	0	2.25587	2.25587e+06	
35100	72.6801	64.9834	0	-1.51889e-06	1.16776e-06	0	1.91591	1.91591e+06	
35200	72.4914	65.1285	0	-1.51889e-06	1.16776e-06	0	1.91591	1.91591e+06	
35300	72.3027	65.2735	0	-1.51889e-06	1.16776e-06	0	1.91591	1.91591e+06	
35400	72.114	65.4186	0	-1.51889e-06	1.16776e-06	0	1.91591	1.91591e+06	
35500	71.9253	65.5636	0	-1.51889e-06	1.16776e-06	0	1.91591	1.91591e+06	
35600	71.7311	65.8108	0	-1.56266e-06	1.99723e-06	0	2.53591	2.53591e+06	
35700	71.5172	65.9015	0	-1.56266e-06	1.99723e-06	0	2.53591	2.53591e+06	
35800	71.3506	65.8881	0	-1.56266e-06	1.99723e-06	0	2.53591	2.53591e+06	
35900	71.1899	65.8675	0	-1.56266e-06	1.99723e-06	0	2.53591	2.53591e+06	
36000	71.0082	65.8579	0	-1.56266e-06	1.99723e-06	0	2.53591	2.53591e+06	
36100	70.8682	65.8631	0	-1.06647e-06	2.19452e-06	0	2.43993	2.43993e+06	
36200	70.7108	65.8776	0	-1.06647e-06	2.19452e-06	0	2.43993	2.43993e+06	
36300	70.5436	65.9016	0	-1.06647e-06	2.19452e-06	0	2.43993	2.43993e+06	
36400	70.4231	65.9	0	-1.06647e-06	2.19452e-06	0	2.43993	2.43993e+06	
36500	70.3333	65.8865	0	-1.06647e-06	2.19452e-06	0	2.43993	2.43993e+06	
36600	70.2722	65.8765	0	-7.88574e-07	2.06767e-06	0	2.21294	2.21294e+06	
36700	70.2036	65.8687	0	-7.88574e-07	2.06767e-06	0	2.21294	2.21294e+06	
36800	70.1261	65.8625	0	-7.88574e-07	2.06767e-06	0	2.21294	2.21294e+06	
36900	70.0383	65.8589	0	-7.88574e-07	2.06767e-06	0	2.21294	2.21294e+06	
37000	69.9391	65.8591	0	-7.88574e-07	2.06767e-06	0	2.21294	2.21294e+06	
37100	70.0009	65.8248	0	5.08373e-07	3.47326e-07	0	0.615693	615693	
37200	70.0647	65.8234	0	5.08373e-07	3.47326e-07	0	0.615693	615693	
37300	70.1297	65.8252	0	5.08373e-07	3.47326e-07	0	0.615693	615693	
37400	70.1958	65.8292	0	5.08373e-07	3.47326e-07	0	0.615693	615693	
37500	70.2628	65.8351	0	5.08373e-07	3.47326e-07	0	0.615693	615693	
37600	70.5816	65.9013	0	2.49899e-06	2.25911e-06	0	3.36876	3.36876e+06	
37700	70.8527	65.8668	0	2.49899e-06	2.25911e-06	0	3.36876	3.36876e+06	
37800	71.163	65.8648	0	2.49899e-06	2.25911e-06	0	3.36876	3.36876e+06	
37900	71.5007	65.9045	0	2.49899e-06	2.25911e-06	0	3.36876	3.36876e+06	
38000	71.7726	65.8745	0	2.49899e-06	2.25911e-06	0	3.36876	3.36876e+06	
38100	72.053	65.8676	0	2.3999e-06	3.22e-06	0	4.01596	4.01596e+06	
38200	72.3864	65.8985	0	2.3999e-06	3.22e-06	0	4.01596	4.01596e+06	
38300	72.663	65.8956	0	2.3999e-06	3.22e-06	0	4.01596	4.01596e+06	
38400	72.9185	65.8694	0	2.3999e-06	3.22e-06	0	4.01596	4.01596e+06	
38500	73.2284	65.8778	0	2.3999e-06	3.22e-06	0	4.01596	4.01596e+06	
38600	73.4504	65.9055	0	1.44368e-06	2.76128e-06	0	3.11591	3.11591e+06	
38700	73.6073	65.9004	0	1.44368e-06	2.76128e-06	0	3.11591	3.11591e+06	
38800	73.7344	65.8818	0	1.44368e-06	2.76128e-06	0	3.11591	3.11591e+06	
38900	73.8479	65.8694	0	1.44368e-06	2.76128e-06	0	3.11591	3.11591e+06	
39000	73.8525	65.8688	0	1.44368e-06	2.76128e-06	0	3.11591	3.11591e+06	
39100	73.8599	65.8661	0	1.96245e-06	2.52414e-06	0	3.19726	3.19726e+06	
39200	73.8599	65.8661	0	1.96245e-06	2.52414e-06	0	3.19726	3.19726e+06	
39300	73.8599	65.8661	0	1.96245e-06	2.52414e-06	0	3.19726	3.19726e+06	
39400	73.8599	65.8661	0	1.96245e-06	2.52414e-06	0	3.19726	3.19726e+06	
39500	73.8599	65.8661	0	1.96245e-06	2.52414e-06	0	3.19726	3.19726e+06	
39600	73.8544	65.8564	0	1.42809e-06	1.54578e-06	0	2.10449	2.10449e+06	
39700	73.8544	65.8564	0	1.42809e-06	1.54578e-06	0	2.10449	2.10449e+06	
39800	73.8544	65.8564	0	1.42809e-06	1.54578e-06	0	2.10449	2.10449e+06	
39900	73.8544	65.8564	0	1.42809e-06	1.54578e-06	0	2.10449	2.10449e+06	
40000	73.8544	65.8564	0	1.42809e-06	1.54578e-06	0	2.10449	2.10449e+06	
40100	73.8363	65.8734	0	7.99044e-07	3.22e-06	0	3.31766	3.31766e+06	
40200	73.8358	65.8734	0	7.99044e-07	3.22e-06	0	3.31766	3.31766e+06	
40300	73.8358	65.8734	0	7.99044e-07	3.22e-06	0	3.31766	3.31766e+06	
40400	73.8358	65.8734	0	7.99044e-07	3.22e-06	0	3.31766	3.31766e+06	
40500	73.8358	65.8734	0	7.99044e-07	3.22e-06	0	3.31766	3.31766e+06	
40600	73.5413	65.9094	0	-1.96637e-06	3.22e-06	0	3.77293	3.77293e+06	
40700	73.3368	65.8952	0	-1.96637e-06	3.22e-06	0	3.77293	3.77293e+06	
40800	73.14	65.8726	0	-1.96637e-06	3.22e-06	0	3.77293	3.77293e+06	
40900	72.9008	65.869	0	-1.96637e-06	3.22e-06	0	3.77293	3.77293e+06	
41000	72.6171	65.8985	0	-1.96637e-06	3.22e-06	0	3.77293	3.77293e+06	
41100	72.4204	65.9075	0	-1.57087e-06	3.22e-06	0	3.58274	3.58274e+06	
41200	72.2871	65.8877	0	-1.57087e-06	3.22e-06	0	3.58274	3.58274e+06	
41300	72.1335	65.872	0	-1.57087e-06	3.22e-06	0	3.58274	3.58274e+06	
41400	71.9468	65.8677	0	-1.57087e-06	3.22e-06	0	3.58274	3.58274e+06	
41500	71.7231	65.8838	0	-1.57087e-06	3.22e-06	0	3.58274	3.58274e+06	
41600	71.705	65.8371	0	-7.12414e-08	2.01097e-07	0	0.213343	213343	
41700	71.6923	65.8339	0	-7.12414e-08	2.01097e-07	0	0.213343	213343	
41800	71.6801	65.8343	0	-7.12414e-08	2.01097e-07	0	0.213343	213343	
41900	71.6679	65.8357	0	-7.12414e-08	2.01097e-07	0	0.213343	213343	
42000	71.6556	65.8373	0	-7.12414e-08	2.01097e-07	0	0.213343	213343	
42100	71.8102	65.8575	0	1.36159e-06	1.17578e-06	0	1.79899	1.79899e+06	
42200	71.9713	65.8478	0	1.36159e-06	1.17578e-06	0	1.79899	1.79899e+06	
42300	72.144	65.8506	0	1.36159e-06	1.17578e-06	0	1.79899	1.79899e+06	
42400	72.3268	65.8681	0	1.36159e-06	1.17578e-06	0	1.79899	1.79899e+06	
42500	72.509	65.8914	0	1.36159e-06	1.17578e-06	0	1.79899	1.79899e+06	
42600	72.7069	65.8629	0	1.71099e-06	7.26083e-07	0	1.85867	1.85867e+06	
42700	72.9094	65.842	0	1.71099e-06	7.26083e-07	0	1.85867	1.85867e+06	
42800	73.1224	65.8392	0	1.71099e-06	7.26083e-07	0	1.85867	1.85867e+06	
42900	73.3423	65.857	0	1.71099e-06	7.26083e-07	0	1.85867	1.85867e+06	
43000	73.5583	65.8798	0	1.71099e-06	7.26083e-07	0	1.85867	1.85867e+06	
43100	73.8732	65.8327	0	3.22e-06	4.35492e-07	0	3.24932	3.24932e+06	
43200	73.8751	65.8169	0	3.22e-06	4.35492e-07	0	3.24932	3.24932e+06	
43300	73.8755	65.8125	0	3.22e-06	4.35492e-07	0	3.24932	3.24932e+06	
43400	73.8757	65.8108	0	3.22e-06	4.35492e-07	0	3.24932	3.24932e+06	
43500	73.8758	65.81	0	3.22e-06	4.35492e-07	0	3.24932	3.24932e+06	
43600	73.8715	65.8565	0	3.22e-06	1.76128e-06	0	3.67022	3.67022e+06	
43700	73.8715	65.8565	0	3.22e-06	1.76128e-06	0	3.67022	3.67022e+06	
43800	73.8715	65.8565	0	3.22e-06	1.76128e-06	0	3.67022	3.67022e+06	
43900	73.8715	65.8565	0	3.22e-06	1.76128e-06	0	3.67022	3.67022e+06	
44000	73.8715	65.8565	0	3.22e-06	1.76128e-06	0	3.67022	3.67022e+06	
44100	73.8737	65.8332	0	3.22e-06	7.15173e-07	0	3.29847	3.29847e+06	
44200	73.8737	65.8323	0	3.22e-06	7.15173e-07	0	3.29847	3.29847e+06	
44300	73.8738	65.8322	0	3.22e-06	7.15173e-07	0	3.29847	3.29847e+06	
44400	73.8738	65.8322	0	3.22e-06	7.15173e-07	0	3.29847	3.29847e+06	
44500	73.8738	65.8322	0	3.22e-06	7.15173e-07	0	3.29847	3.29847e+06	
44600	73.871	65.8621	0	3.22e-06	2.24111e-06	0	3.92314	3.92314e+06	
44700	73.871	65.8621	0	3.22e-06	2.24111e-06	0	3.92314	3.92314e+06	
44800	73.871	65.8621	0	3.22e-06	2.24111e-06	0	3.92314	3.92314e+06	
44900	73.871	65.8621	0	3.22e-06	2.24111e-06	0	3.92314	3.92314e+06	
45000	73.871	65.8621	0	3.22e-06	2.24111e-06	0	3.92314	3.92314e+06	
45100	73.8708	65.864	0	3.22e-06	2.44443e-06	0	4.04272	4.04272e+06	
45200	73.8708	65.864	0	3.22e-06	2.44443e-06	0	4.04272	4.04272e+06	
45300	73.8708	65.864	0	3.22e-06	2.44443e-06	0	4.04272	4.04272e+06	
45400	73.8708	65.864	0	3.22e-06	2.44443e-06	0	4.04272	4.04272e+06	
45500	73.8708	65.864	0	3.22e-06	2.44443e-06	0	4.04272	4.04272e+06	
45600	73.8714	65.8575	0	3.22e-06	1.83928e-06	0	3.70828	3.70828e+06	
45700	73.8714	65.8575	0	3.22e-06	1.83928e-06	0	3.70828	3.70828e+06	
45800	73.8714	65.8575	0	3.22e-06	1.83928e-06	0	3.70828	3.70828e+06	
45900	73.8714	65.8575	0	3.22e-06	1.83928e-06	0	3.70828	3.70828e+06	
46000	73.8714	65.8575	0	3.22e-06	1.83928e-06	0	3.70828	3.70828e+06	
46100	73.8716	65.8564	0	3.22e-06	1.74942e-06	0	3.66454	3.66454e+06	
46200	73.8716	65.8564	0	3.22e-06	1.74942e-06	0	3.66454	3.66454e+06	
46300	73.8716	65.8564	0	3.22e-06	1.74942e-06	0	3.66454	3.66454e+06	
46400	73.8716	65.8564	0	3.22e-06	1.74942e-06	0	3.66454	3.66454e+06	
46500	73.8716	65.8564	0	3.22e-06	1.74942e-06	0	3.66454	3.66454e+06	
46600	73.8716	65.8555	0	3.22e-06	1.68705e-06	0	3.63518	3.63518e+06	
46700	73.8716	65.8555	0	3.22e-06	1.68705e-06	0	3.63518	3.63518e+06	
46800	73.8716	65.8555	0	3.22e-06	1.68705e-06	0	3.63518	3.63518e+06	
46900	73.8716	65.8555	0	3.22e-06	1.68705e-06	0	3.63518	3.63518e+06	
47000	73.8716	65.8555	0	3.22e-06	1.68705e-06	0	3.63518	3.63518e+06	
47100	73.8673	65.8455	0	2.48718e-06	1.05842e-06	0	2.70302	2.70302e+06	
47200	73.8673	65.8455	0	2.48718e-06	1.05842e-06	0	2.70302	2.70302e+06	
47300	73.8673	65.8455	0	2.48718e-06	1.05842e-06	0	2.70302	2.70302e+06	
47400	73.8673	65.8455	0	2.48718e-06	1.05842e-06	0	2.70302	2.70302e+06	
47500	73.8673	65.8455	0	2.48718e-06	1.05842e-06	0	2.70302	2.70302e+06	
47600	73.8122	65.8755	0	3.00663e-07	3.22e-06	0	3.23401	3.23401e+06	
47700	73.7982	65.8768	0	3.00663e-07	3.22e-06	0	3.23401	3.23401e+06	
47800	73.7885	65.8778	0	3.00663e-07	3.22e-06	0	3.23401	3.23401e+06	
47900	73.7802	65.8786	0	3.00663e-07	3.22e-06	0	3.23401	3.23401e+06	
48000	73.7722	65.8795	0	3.00663e-07	3.22e-06	0	3.23401	3.23401e+06	
48100	73.7215	65.8852	0	-2.6707e-08	3.22e-06	0	3.22011	3.22011e+06	
48200	73.6634	65.8933	0	-2.6707e-08	3.22e-06	0	3.22011	3.22011e+06	
48300	73.6005	65.903	0	-2.6707e-08	3.22e-06	0	3.22011	3.22011e+06	
48400	73.5471	65.9103	0	-2.6707e-08	3.22e-06	0	3.22011	3.22011e+06	
48500	73.5173	65.9126	0	-2.6707e-08	3.22e-06	0	3.22011	3.22011e+06	
48600	73.4043	65.9049	0	-1.18471e-06	3.22e-06	0	3.43103	3.43103e+06	
48700	73.3196	65.8919	0	-1.18471e-06	3.22e-06	0	3.43103	3.43103e+06	
48800	73.2246	65.8797	0	-1.18471e-06	3.22e-06	0	3.43103	3.43103e+06	
48900	73.11	65.8705	0	-1.18471e-06	3.22e-06	0	3.43103	3.43103e+06	
49000	72.9711	65.8674	0	-1.18471e-06	3.22e-06	0	3.43103	3.43103e+06	
49100	72.5368	65.9087	0	-3.22e-06	3.22e-06	0	4.55377	4.55377e+06	
49200	72.1835	65.8769	0	-3.22e-06	3.22e-06	0	4.55377	4.55377e+06	
49300	71.7831	65.8763	0	-3.22e-06	3.22e-06	0	4.55377	4.55377e+06	
49400	71.3733	65.9019	0	-3.22e-06	3.22e-06	0	4.55377	4.55377e+06	
49500	71.0139	65.8676	0	-3.22e-06	3.22e-06	0	4.55377	4.55377e+06	
49600	70.6663	65.8905	0	-2.58839e-06	3.22e-06	0	4.13136	4.13136e+06	
49700	70.3529	65.8982	0	-2.58839e-06	3.22e-06	0	4.13136	4.13136e+06	
49800	70.0751	65.8692	0	-2.58839e-06	3.22e-06	0	4.13136	4.13136e+06	
49900	69.7386	65.8812	0	-2.58839e-06	3.22e-06	0	4.13136	4.13136e+06	
50000	69.4027	65.9058	0	-2.58839e-06	3.22e-06	0	4.13136	4.13136e+06	
