0	29	35	0	-9.02468e-07	3.22e-06	0	3.34408	3.34408e+06	
100	28.696	35.4	0	-2.44736e-06	3.22e-06	0	4.0445	4.0445e+06	
200	28.392	35.8	0	-2.44736e-06	3.22e-06	0	4.0445	4.0445e+06	
300	28.0879	36.2	0	-2.44736e-06	3.22e-06	0	4.0445	4.0445e+06	
400	27.7839	36.6	0	-2.44736e-06	3.22e-06	0	4.0445	4.0445e+06	
500	27.4799	37	0	-2.44736e-06	3.22e-06	0	4.0445	4.0445e+06	
600	27.4285	37.4	0	-4.13676e-07	3.22e-06	0	3.24646	3.24646e+06	
700	27.3771	37.8	0	-4.13676e-07	3.22e-06	0	3.24646	3.24646e+06	
800	27.3257	38.2	0	-4.13676e-07	3.22e-06	0	3.24646	3.24646e+06	
900	27.2743	38.6	0	-4.13676e-07	3.22e-06	0	3.24646	3.24646e+06	
1000	27.2363	38.8805	0	-4.13676e-07	3.22e-06	0	3.24646	3.24646e+06	
1100	26.9176	38.8683	0	-2.70022e-06	3.22e-06	0	4.20233	4.20233e+06	
1200	26.5434	38.9085	0	-2.70022e-06	3.22e-06	0	4.20233	4.20233e+06	
1300	26.2531	38.8841	0	-2.70022e-06	3.22e-06	0	4.20233	4.20233e+06	
1400	25.9382	38.8678	0	-2.70022e-06	3.22e-06	0	4.20233	4.20233e+06	
1500	25.5655	38.9055	0	-2.70022e-06	3.22e-06	0	4.20233	4.20233e+06	
1600	25.5257	38.9122	0	-3.44684e-08	3.22e-06	0	3.22018	3.22018e+06	
1700	25.5074	38.9129	0	-3.44684e-08	3.22e-06	0	3.22018	3.22018e+06	
1800	25.5001	38.913	0	-3.44684e-08	3.22e-06	0	3.22018	3.22018e+06	
1900	25.4973	38.913	0	-3.44684e-08	3.22e-06	0	3.22018	3.22018e+06	
2000	25.4961	38.913	0	-3.44684e-08	3.22e-06	0	3.22018	3.22018e+06	
2100	25.8463	38.8739	0	3.22e-06	3.15315e-06	0	4.50674	4.50674e+06	
2200	26.2525	38.8793	0	3.22e-06	3.15315e-06	0	4.50674	4.50674e+06	
2300	26.6535	38.8974	0	3.22e-06	3.15315e-06	0	4.50674	4.50674e+06	
2400	27.0193	38.8669	0	3.22e-06	3.15315e-06	0	4.50674	4.50674e+06	
2500	27.4555	38.9108	0	3.22e-06	3.15315e-06	0	4.50674	4.50674e+06	
2600	27.7687	38.9952	0	2.0163e-06	2.40611e-06	0	3.13924	3.13924e+06	
2700	28.0908	39.1428	0	2.0163e-06	2.40611e-06	0	3.13924	3.13924e+06	
2800	28.4039	39.3519	0	2.0163e-06	2.40611e-06	0	3.13924	3.13924e+06	
2900	28.691	39.6137	0	2.0163e-06	2.40611e-06	0	3.13924	3.13924e+06	
3000	28.951	39.9056	0	2.0163e-06	2.40611e-06	0	3.13924	3.13924e+06	
3100	28.9828	40.0809	0	1.70558e-07	1.45354e-06	0	1.46352	1.46352e+06	
3200	29.0417	40.2459	0	1.70558e-07	1.45354e-06	0	1.46352	1.46352e+06	
3300	29.1013	40.414	0	1.70558e-07	1.45354e-06	0	1.46352	1.46352e+06	
3400	29.1507	40.5878	0	1.70558e-07	1.45354e-06	0	1.46352	1.46352e+06	
3500	29.1894	40.7657	0	1.70558e-07	1.45354e-06	0	1.46352	1.46352e+06	
3600	29.2965	41.165	0	8.37621e-07	3.21656e-06	0	3.32383	3.32383e+06	
3700	29.4005	41.5646	0	8.37621e-07	3.21656e-06	0	3.32383	3.32383e+06	
3800	29.5046	41.9642	0	8.37621e-07	3.21656e-06	0	3.32383	3.32383e+06	
3900	29.6086	42.3638	0	8.37621e-07	3.21656e-06	0	3.32383	3.32383e+06	
4000	29.7127	42.7633	0	8.37621e-07	3.21656e-06	0	3.32383	3.32383e+06	
4100	30.1127	43.1633	0	3.22e-06	3.22e-06	0	4.55377	4.55377e+06	
4200	30.5127	43.5633	0	3.22e-06	3.22e-06	0	4.55377	4.55377e+06	
4300	30.9127	43.9633	0	3.22e-06	3.22e-06	0	4.55377	4.55377e+06	
4400	31.3127	44.3633	0	3.22e-06	3.22e-06	0	4.55377	4.55377e+06	
4500	31.7127	44.7633	0	3.22e-06	3.22e-06	0	4.55377	4.55377e+06	
4600	32.1127	45.1633	0	3.22e-06	3.22e-06	0	4.55377	4.55377e+06	
4700	32.5127	45.5633	0	3.22e-06	3.22e-06	0	4.55377	4.55377e+06	
4800	32.9127	45.9633	0	3.22e-06	3.22e-06	0	4.55377	4.55377e+06	
4900	33.3127	46.3633	0	3.22e-06	3.22e-06	0	4.55377	4.55377e+06	
5000	33.7127	46.7633	0	3.22e-06	3.22e-06	0	4.55377	4.55377e+06	
5100	34.1127	47.1633	0	3.22e-06	3.22e-06	0	4.55377	4.55377e+06	
5200	34.5127	47.5633	0	3.22e-06	3.22e-06	0	4.55377	4.55377e+06	
5300	34.9127	47.9633	0	3.22e-06	3.22e-06	0	4.55377	4.55377e+06	
5400	35.3127	48.3633	0	3.22e-06	3.22e-06	0	4.55377	4.55377e+06	
5500	35.7127	48.7633	0	3.22e-06	3.22e-06	0	4.55377	4.55377e+06	
5600	36.1127	49.1633	0	3.22e-06	3.22e-06	0	4.55377	4.55377e+06	
5700	36.5127	49.5633	0	3.22e-06	3.22e-06	0	4.55377	4.55377e+06	
5800	36.9127	49.9633	0	3.22e-06	3.22e-06	0	4.55377	4.55377e+06	
5900	37.3127	50.3633	0	3.22e-06	3.22e-06	0	4.55377	4.55377e+06	
6000	37.7127	50.7633	0	3.22e-06	3.22e-06	0	4.55377	4.55377e+06	
6100	37.8745	51.1633	0	1.30279e-06	3.22e-06	0	3.47356	3.47356e+06	
6200	38.0364	51.5633	0	1.30279e-06	3.22e-06	0	3.47356	3.47356e+06	
6300	38.1982	51.9633	0	1.30279e-06	3.22e-06	0	3.47356	3.47356e+06	
6400	38.36	52.3633	0	1.30279e-06	3.22e-06	0	3.47356	3.47356e+06	
6500	38.5219	52.7633	0	1.30279e-06	3.22e-06	0	3.47356	3.47356e+06	
6600	38.7047	53.1633	0	1.47208e-06	3.22e-06	0	3.54054	3.54054e+06	
6700	38.8876	53.5633	0	1.47208e-06	3.22e-06	0	3.54054	3.54054e+06	
6800	39.0705	53.9633	0	1.47208e-06	3.22e-06	0	3.54054	3.54054e+06	
6900	39.2533	54.3633	0	1.47208e-06	3.22e-06	0	3.54054	3.54054e+06	
7000	39.4362	54.7633	0	1.47208e-06	3.22e-06	0	3.54054	3.54054e+06	
7100	39.4637	55.1633	0	2.20911e-07	3.22e-06	0	3.22757	3.22757e+06	
7200	39.4911	55.5633	0	2.20911e-07	3.22e-06	0	3.22757	3.22757e+06	
7300	39.5185	55.9633	0	2.20911e-07	3.22e-06	0	3.22757	3.22757e+06	
7400	39.546	56.3633	0	2.20911e-07	3.22e-06	0	3.22757	3.22757e+06	
7500	39.5734	56.7633	0	2.20911e-07	3.22e-06	0	3.22757	3.22757e+06	
7600	39.8251	57.1633	0	2.02636e-06	3.22e-06	0	3.80454	3.80454e+06	
7700	40.0769	57.5633	0	2.02636e-06	3.22e-06	0	3.80454	3.80454e+06	
7800	40.3286	57.9633	0	2.02636e-06	3.22e-06	0	3.80454	3.80454e+06	
7900	40.5803	58.3633	0	2.02636e-06	3.22e-06	0	3.80454	3.80454e+06	
8000	40.832	58.7633	0	2.02636e-06	3.22e-06	0	3.80454	3.80454e+06	
8100	40.9887	59.1633	0	1.26095e-06	3.22e-06	0	3.45809	3.45809e+06	
8200	41.1453	59.5633	0	1.26095e-06	3.22e-06	0	3.45809	3.45809e+06	
8300	41.302	59.9633	0	1.26095e-06	3.22e-06	0	3.45809	3.45809e+06	
8400	41.4586	60.3633	0	1.26095e-06	3.22e-06	0	3.45809	3.45809e+06	
8500	41.6152	60.7633	0	1.26095e-06	3.22e-06	0	3.45809	3.45809e+06	
8600	41.9428	61.1633	0	2.63662e-06	3.22e-06	0	4.16175	4.16175e+06	
8700	42.2703	61.5633	0	2.63662e-06	3.22e-06	0	4.16175	4.16175e+06	
8800	42.5978	61.9633	0	2.63662e-06	3.22e-06	0	4.16175	4.16175e+06	
8900	42.9254	62.3633	0	2.63662e-06	3.22e-06	0	4.16175	4.16175e+06	
9000	43.2529	62.7633	0	2.63662e-06	3.22e-06	0	4.16175	4.16175e+06	
9100	43.6332	63.1633	0	3.06181e-06	3.22e-06	0	4.44332	4.44332e+06	
9200	44.0136	63.5633	0	3.06181e-06	3.22e-06	0	4.44332	4.44332e+06	
9300	44.3939	63.9633	0	3.06181e-06	3.22e-06	0	4.44332	4.44332e+06	
9400	44.7743	64.3633	0	3.06181e-06	3.22e-06	0	4.44332	4.44332e+06	
9500	45.1546	64.7633	0	3.06181e-06	3.22e-06	0	4.44332	4.44332e+06	
9600	45.5546	64.8729	0	3.22e-06	8.81834e-07	0	3.33857	3.33857e+06	
9700	45.9546	64.9824	0	3.22e-06	8.81834e-07	0	3.33857	3.33857e+06	
9800	46.3546	65.092	0	3.22e-06	8.81834e-07	0	3.33857	3.33857e+06	
9900	46.7546	65.2015	0	3.22e-06	8.81834e-07	0	3.33857	3.33857e+06	
10000	47.1546	65.3111	0	3.22e-06	8.81834e-07	0	3.33857	3.33857e+06	
10100	47.5546	65.7111	0	3.22e-06	3.22e-06	0	4.55377	4.55377e+06	
10200	47.9349	65.869	0	3.22e-06	3.22e-06	0	4.55377	4.55377e+06	
10300	48.3575	65.8933	0	3.22e-06	3.22e-06	0	4.55377	4.55377e+06	
10400	48.7327	65.8863	0	3.22e-06	3.22e-06	0	4.55377	4.55377e+06	
10500	49.1153	65.8694	0	3.22e-06	3.22e-06	0	4.55377	4.55377e+06	
10600	49.546	65.9118	0	3.22e-06	3.22e-06	0	4.55377	4.55377e+06	
10700	49.894	65.871	0	3.22e-06	3.22e-06	0	4.55377	4.55377e+06	
10800	50.3095	65.8866	0	3.22e-06	3.22e-06	0	4.55377	4.55377e+06	
10900	50.6963	65.8913	0	3.22e-06	3.22e-06	0	4.55377	4.55377e+06	
11000	51.0708	65.8679	0	3.22e-06	3.22e-06	0	4.55377	4.55377e+06	
11100	51.1534	65.8725	0	5.00319e-07	3.22e-06	0	3.25864	3.25864e+06	
11200	51.2523	65.8817	0	5.00319e-07	3.22e-06	0	3.25864	3.25864e+06	
11300	51.3677	65.8976	0	5.00319e-07	3.22e-06	0	3.25864	3.25864e+06	
11400	51.4766	65.9121	0	5.00319e-07	3.22e-06	0	3.25864	3.25864e+06	
11500	51.5316	65.912	0	5.00319e-07	3.22e-06	0	3.25864	3.25864e+06	
11600	51.5576	65.9095	0	5.17818e-07	3.22e-06	0	3.26137	3.26137e+06	
11700	51.5725	65.9076	0	5.17818e-07	3.22e-06	0	3.26137	3.26137e+06	
11800	51.5826	65.9062	0	5.17818e-07	3.22e-06	0	3.26137	3.26137e+06	
11900	51.5901	65.9051	0	5.17818e-07	3.22e-06	0	3.26137	3.26137e+06	
12000	51.596	65.9042	0	5.17818e-07	3.22e-06	0	3.26137	3.26137e+06	
12100	51.6807	65.8851	0	1.04759e-06	2.27769e-06	0	2.50706	2.50706e+06	
12200	51.7735	65.8732	0	1.04759e-06	2.27769e-06	0	2.50706	2.50706e+06	
12300	51.8798	65.8642	0	1.04759e-06	2.27769e-06	0	2.50706	2.50706e+06	
12400	52.0017	65.8604	0	1.04759e-06	2.27769e-06	0	2.50706	2.50706e+06	
12500	52.1408	65.8644	0	1.04759e-06	2.27769e-06	0	2.50706	2.50706e+06	
12600	52.5669	65.9101	0	3.22e-06	3.22e-06	0	4.55377	4.55377e+06	
12700	52.9166	65.8698	0	3.22e-06	3.22e-06	0	4.55377	4.55377e+06	
12800	53.3361	65.8902	0	3.22e-06	3.22e-06	0	4.55377	4.55377e+06	
12900	53.7164	65.8885	0	3.22e-06	3.22e-06	0	4.55377	4.55377e+06	
13000	54.0954	65.8687	0	3.22e-06	3.22e-06	0	4.55377	4.55377e+06	
13100	54.2927	65.886	0	1.31605e-06	3.22e-06	0	3.47856	3.47856e+06	
13200	54.5001	65.9128	0	1.31605e-06	3.22e-06	0	3.47856	3.47856e+06	
13300	54.6189	65.9015	0	1.31605e-06	3.22e-06	0	3.47856	3.47856e+06	
13400	54.7218	65.8863	0	1.31605e-06	3.22e-06	0	3.47856	3.47856e+06	
13500	54.8428	65.8736	0	1.31605e-06	3.22e-06	0	3.47856	3.47856e+06	
13600	55.0801	65.8684	0	1.97887e-06	3.22e-06	0	3.77946	3.77946e+06	
13700	55.3626	65.8953	0	1.97887e-06	3.22e-06	0	3.77946	3.77946e+06	
13800	55.6057	65.9041	0	1.97887e-06	3.22e-06	0	3.77946	3.77946e+06	
13900	55.7942	65.8783	0	1.97887e-06	3.22e-06	0	3.77946	3.77946e+06	
14000	56.0211	65.8673	0	1.97887e-06	3.22e-06	0	3.77946	3.77946e+06	
14100	56.4548	65.9077	0	3.22e-06	3.22e-06	0	4.55377	4.55377e+06	
14200	56.8095	65.8775	0	3.22e-06	3.22e-06	0	4.55377	4.55377e+06	
14300	57.2085	65.8755	0	3.22e-06	3.22e-06	0	4.55377	4.55377e+06	
14400	57.6203	65.9029	0	3.22e-06	3.22e-06	0	4.55377	4.55377e+06	
14500	57.9784	65.8677	0	3.22e-06	3.22e-06	0	4.55377	4.55377e+06	
14600	58.2857	65.8843	0	2.29637e-06	3.22e-06	0	3.95496	3.95496e+06	
14700	58.5864	65.9071	0	2.29637e-06	3.22e-06	0	3.95496	3.95496e+06	
14800	58.8147	65.8765	0	2.29637e-06	3.22e-06	0	3.95496	3.95496e+06	
14900	59.0893	65.8686	0	2.29637e-06	3.22e-06	0	3.95496	3.95496e+06	
15000	59.4141	65.9029	0	2.29637e-06	3.22e-06	0	3.95496	3.95496e+06	
15100	59.4779	65.9123	0	2.00226e-07	3.22e-06	0	3.22622	3.22622e+06	
15200	59.5075	65.913	0	2.00226e-07	3.22e-06	0	3.22622	3.22622e+06	
15300	59.5193	65.9126	0	2.00226e-07	3.22e-06	0	3.22622	3.22622e+06	
15400	59.5241	65.9123	0	2.00226e-07	3.22e-06	0	3.22622	3.22622e+06	
15500	59.5262	65.9122	0	2.00226e-07	3.22e-06	0	3.22622	3.22622e+06	
15600	59.465	65.9118	0	-5.55769e-07	3.22e-06	0	3.26761	3.26761e+06	
15700	59.437	65.9089	0	-5.55769e-07	3.22e-06	0	3.26761	3.26761e+06	
15800	59.4201	65.9066	0	-5.55769e-07	3.22e-06	0	3.26761	3.26761e+06	
15900	59.4079	65.9049	0	-5.55769e-07	3.22e-06	0	3.26761	3.26761e+06	
16000	59.3981	65.9034	0	-5.55769e-07	3.22e-06	0	3.26761	3.26761e+06	
16100	59.5183	65.9128	0	7.66414e-07	3.22e-06	0	3.30995	3.30995e+06	
16200	59.574	65.9076	0	7.66414e-07	3.22e-06	0	3.30995	3.30995e+06	
16300	59.6107	65.9022	0	7.66414e-07	3.22e-06	0	3.30995	3.30995e+06	
16400	59.6436	65.8971	0	7.66414e-07	3.22e-06	0	3.30995	3.30995e+06	
16500	59.6781	65.8919	0	7.66414e-07	3.22e-06	0	3.30995	3.30995e+06	
16600	59.5913	65.9042	0	-2.27139e-07	3.22e-06	0	3.228	3.228e+06	
16700	59.5226	65.9123	0	-2.27139e-07	3.22e-06	0	3.228	3.228e+06	
16800	59.4905	65.9129	0	-2.27139e-07	3.22e-06	0	3.228	3.228e+06	
16900	59.4777	65.9125	0	-2.27139e-07	3.22e-06	0	3.228	3.228e+06	
17000	59.4723	65.9121	0	-2.27139e-07	3.22e-06	0	3.228	3.228e+06	
17100	59.6789	65.8929	0	2.02528e-06	3.22e-06	0	3.80396	3.80396e+06	
17200	59.887	65.8709	0	2.02528e-06	3.22e-06	0	3.80396	3.80396e+06	
17300	60.1398	65.871	0	2.02528e-06	3.22e-06	0	3.80396	3.80396e+06	
17400	60.4354	65.9063	0	2.02528e-06	3.22e-06	0	3.80396	3.80396e+06	
17500	60.6547	65.8965	0	2.02528e-06	3.22e-06	0	3.80396	3.80396e+06	
17600	60.9527	65.8683	0	2.72505e-06	3.22e-06	0	4.21833	4.21833e+06	
17700	61.3127	65.8874	0	2.72505e-06	3.22e-06	0	4.21833	4.21833e+06	
17800	61.6465	65.8984	0	2.72505e-06	3.22e-06	0	4.21833	4.21833e+06	
17900	61.9428	65.8686	0	2.72505e-06	3.22e-06	0	4.21833	4.21833e+06	
18000	62.3009	65.8859	0	2.72505e-06	3.22e-06	0	4.21833	4.21833e+06	
18100	62.6899	65.8922	0	3.22e-06	3.22e-06	0	4.55377	4.55377e+06	
18200	63.063	65.8678	0	3.22e-06	3.22e-06	0	4.55377	4.55377e+06	
18300	63.498	65.9119	0	3.22e-06	3.22e-06	0	4.55377	4.55377e+06	
18400	63.847	65.8742	0	3.22e-06	3.22e-06	0	4.55377	4.55377e+06	
18500	64.2536	65.8799	0	3.22e-06	3.22e-06	0	4.55377	4.55377e+06	
18600	64.6543	65.8976	0	3.22e-06	3.22e-06	0	4.55377	4.55377e+06	
18700	65.0195	65.8673	0	3.22e-06	3.22e-06	0	4.55377	4.55377e+06	
18800	65.4531	65.9075	0	3.22e-06	3.22e-06	0	4.55377	4.55377e+06	
18900	65.8081	65.8777	0	3.22e-06	3.22e-06	0	4.55377	4.55377e+06	
19000	66.2068	65.8754	0	3.22e-06	3.22e-06	0	4.55377	4.55377e+06	
19100	66.619	65.9031	0	3.22e-06	3.22e-06	0	4.55377	4.55377e+06	
19200	66.9768	65.8678	0	3.22e-06	3.22e-06	0	4.55377	4.55377e+06	
19300	67.4058	65.9006	0	3.22e-06	3.22e-06	0	4.55377	4.55377e+06	
19400	67.77	65.8817	0	3.22e-06	3.22e-06	0	4.55377	4.55377e+06	
19500	68.1607	65.8719	0	3.22e-06	3.22e-06	0	4.55377	4.55377e+06	
19600	68.5635	65.7711	0	3.22e-06	-5.68023e-07	0	3.26972	3.26972e+06	
19700	68.9635	65.7003	0	3.22e-06	-5.68023e-07	0	3.26972	3.26972e+06	
19800	69.3635	65.6297	0	3.22e-06	-5.68023e-07	0	3.26972	3.26972e+06	
19900	69.7635	65.5591	0	3.22e-06	-5.68023e-07	0	3.26972	3.26972e+06	
20000	70.1635	65.4886	0	3.22e-06	-5.68023e-07	0	3.26972	3.26972e+06	
20100	70.5635	65.729	0	3.22e-06	1.93559e-06	0	3.75698	3.75698e+06	
20200	70.9566	65.8585	0	3.22e-06	1.93559e-06	0	3.75698	3.75698e+06	
20300	71.371	65.8827	0	3.22e-06	1.93559e-06	0	3.75698	3.75698e+06	
20400	71.753	65.875	0	3.22e-06	1.93559e-06	0	3.75698	3.75698e+06	
20500	72.1452	65.8602	0	3.22e-06	1.93559e-06	0	3.75698	3.75698e+06	
20600	72.5702	65.9097	0	3.22e-06	3.22e-06	0	4.55377	4.55377e+06	
20700	72.9202	65.8696	0	3.22e-06	3.22e-06	0	4.55377	4.55377e+06	
20800	73.3404	65.8908	0	3.22e-06	3.22e-06	0	4.55377	4.55377e+06	
20900	73.7196	65.888	0	3.22e-06	3.22e-06	0	4.55377	4.55377e+06	
21000	73.8701	65.8701	0	3.22e-06	3.22e-06	0	4.55377	4.55377e+06	
21100	73.8703	65.8682	0	3.22e-06	2.95263e-06	0	4.3688	4.3688e+06	
21200	73.8703	65.8682	0	3.22e-06	2.95263e-06	0	4.3688	4.3688e+06	
21300	73.8703	65.8682	0	3.22e-06	2.95263e-06	0	4.3688	4.3688e+06	
21400	73.8703	65.8682	0	3.22e-06	2.95263e-06	0	4.3688	4.3688e+06	
21500	73.8703	65.8682	0	3.22e-06	2.95263e-06	0	4.3688	4.3688e+06	
21600	73.8716	65.856	0	3.22e-06	1.72257e-06	0	3.6518	3.6518e+06	
21700	73.8716	65.856	0	3.22e-06	1.72257e-06	0	3.6518	3.6518e+06	
21800	73.8716	65.856	0	3.22e-06	1.72257e-06	0	3.6518	3.6518e+06	
21900	73.8716	65.856	0	3.22e-06	1.72257e-06	0	3.6518	3.6518e+06	
22000	73.8716	65.856	0	3.22e-06	1.72257e-06	0	3.6518	3.6518e+06	
22100	73.8721	65.8327	0	2.97618e-06	6.83052e-07	0	3.05356	3.05356e+06	
22200	73.8722	65.8318	0	2.97618e-06	6.83052e-07	0	3.05356	3.05356e+06	
22300	73.8722	65.8317	0	2.97618e-06	6.83052e-07	0	3.05356	3.05356e+06	
22400	73.8722	65.8317	0	2.97618e-06	6.83052e-07	0	3.05356	3.05356e+06	
22500	73.8722	65.8317	0	2.97618e-06	6.83052e-07	0	3.05356	3.05356e+06	
22600	73.8545	65.868	0	1.56412e-06	2.68231e-06	0	3.10504	3.10504e+06	
22700	73.8545	65.868	0	1.56412e-06	2.68231e-06	0	3.10504	3.10504e+06	
22800	73.8545	65.868	0	1.56412e-06	2.68231e-06	0	3.10504	3.10504e+06	
22900	73.8545	65.868	0	1.56412e-06	2.68231e-06	0	3.10504	3.10504e+06	
23000	73.8545	65.868	0	1.56412e-06	2.68231e-06	0	3.10504	3.10504e+06	
23100	73.4838	65.9127	0	-2.61231e-06	3.22e-06	0	4.14639	4.14639e+06	
23200	73.2148	65.8796	0	-2.61231e-06	3.22e-06	0	4.14639	4.14639e+06	
23300	72.9035	65.8688	0	-2.61231e-06	3.22e-06	0	4.14639	4.14639e+06	
23400	72.5392	65.9091	0	-2.61231e-06	3.22e-06	0	4.14639	4.14639e+06	
23500	72.2605	65.885	0	-2.61231e-06	3.22e-06	0	4.14639	4.14639e+06	
23600	72.0391	65.8641	0	-1.98923e-06	2.65935e-06	0	3.32102	3.32102e+06	
23700	71.7793	65.8733	0	-1.98923e-06	2.65935e-06	0	3.32102	3.32102e+06	
23800	71.4976	65.9086	0	-1.98923e-06	2.65935e-06	0	3.32102	3.32102e+06	
23900	71.2949	65.8855	0	-1.98923e-06	2.65935e-06	0	3.32102	3.32102e+06	
24000	71.0791	65.8655	0	-1.98923e-06	2.65935e-06	0	3.32102	3.32102e+06	
24100	70.935	65.8572	0	-1.17108e-06	1.88305e-06	0	2.2175	2.2175e+06	
24200	70.7746	65.867	0	-1.17108e-06	1.88305e-06	0	2.2175	2.2175e+06	
24300	70.6005	65.8901	0	-1.17108e-06	1.88305e-06	0	2.2175	2.2175e+06	
24400	70.4485	65.9	0	-1.17108e-06	1.88305e-06	0	2.2175	2.2175e+06	
24500	70.3386	65.8846	0	-1.17108e-06	1.88305e-06	0	2.2175	2.2175e+06	
24600	70.3112	65.8903	0	-6.83229e-07	3.22e-06	0	3.29169	3.29169e+06	
24700	70.2814	65.8862	0	-6.83229e-07	3.22e-06	0	3.29169	3.29169e+06	
24800	70.2462	65.8818	0	-6.83229e-07	3.22e-06	0	3.29169	3.29169e+06	
24900	70.2041	65.8773	0	-6.83229e-07	3.22e-06	0	3.29169	3.29169e+06	
25000	70.1533	65.873	0	-6.83229e-07	3.22e-06	0	3.29169	3.29169e+06	
25100	70.213	65.8777	0	2.08991e-07	3.22e-06	0	3.22678	3.22678e+06	
25200	70.2841	65.8858	0	2.08991e-07	3.22e-06	0	3.22678	3.22678e+06	
25300	70.3662	65.8977	0	2.08991e-07	3.22e-06	0	3.22678	3.22678e+06	
25400	70.4465	65.9094	0	2.08991e-07	3.22e-06	0	3.22678	3.22678e+06	
25500	70.4951	65.913	0	2.08991e-07	3.22e-06	0	3.22678	3.22678e+06	
25600	70.4796	65.9095	0	-2.11299e-07	2.7754e-06	0	2.78343	2.78343e+06	
25700	70.4724	65.9091	0	-2.11299e-07	2.7754e-06	0	2.78343	2.78343e+06	
25800	70.4688	65.9088	0	-2.11299e-07	2.7754e-06	0	2.78343	2.78343e+06	
25900	70.467	65.9087	0	-2.11299e-07	2.7754e-06	0	2.78343	2.78343e+06	
26000	70.4661	65.9086	0	-2.11299e-07	2.7754e-06	0	2.78343	2.78343e+06	
26100	70.7715	65.8813	0	2.84116e-06	3.22e-06	0	4.29425	4.29425e+06	
26200	71.111	65.8693	0	2.84116e-06	3.22e-06	0	4.29425	4.29425e+06	
26300	71.5017	65.9123	0	2.84116e-06	3.22e-06	0	4.29425	4.29425e+06	
26400	71.8015	65.8781	0	2.84116e-06	3.22e-06	0	4.29425	4.29425e+06	
26500	72.1475	65.8712	0	2.84116e-06	3.22e-06	0	4.29425	4.29425e+06	
26600	72.5698	65.907	0	3.22e-06	2.78121e-06	0	4.25483	4.25483e+06	
26700	72.9266	65.8666	0	3.22e-06	2.78121e-06	0	4.25483	4.25483e+06	
26800	73.3445	65.8879	0	3.22e-06	2.78121e-06	0	4.25483	4.25483e+06	
26900	73.7254	65.8847	0	3.22e-06	2.78121e-06	0	4.25483	4.25483e+06	
27000	73.8705	65.8669	0	3.22e-06	2.78121e-06	0	4.25483	4.25483e+06	
27100	73.869	65.8659	0	2.99392e-06	2.63234e-06	0	3.98657	3.98657e+06	
27200	73.869	65.8659	0	2.99392e-06	2.63234e-06	0	3.98657	3.98657e+06	
27300	73.869	65.8659	0	2.99392e-06	2.63234e-06	0	3.98657	3.98657e+06	
27400	73.869	65.8659	0	2.99392e-06	2.63234e-06	0	3.98657	3.98657e+06	
27500	73.869	65.8659	0	2.99392e-06	2.63234e-06	0	3.98657	3.98657e+06	
27600	73.8622	65.871	0	2.25157e-06	3.22e-06	0	3.92912	3.92912e+06	
27700	73.8622	65.871	0	2.25157e-06	3.22e-06	0	3.92912	3.92912e+06	
27800	73.8622	65.871	0	2.25157e-06	3.22e-06	0	3.92912	3.92912e+06	
27900	73.8622	65.871	0	2.25157e-06	3.22e-06	0	3.92912	3.92912e+06	
28000	73.8622	65.871	0	2.25157e-06	3.22e-06	0	3.92912	3.92912e+06	
28100	73.8703	65.868	0	3.22e-06	2.93145e-06	0	4.35451	4.35451e+06	
28200	73.8703	65.868	0	3.22e-06	2.93145e-06	0	4.35451	4.35451e+06	
28300	73.8703	65.868	0	3.22e-06	2.93145e-06	0	4.35451	4.35451e+06	
28400	73.8703	65.868	0	3.22e-06	2.93145e-06	0	4.35451	4.35451e+06	
28500	73.8703	65.868	0	3.22e-06	2.93145e-06	0	4.35451	4.35451e+06	
28600	73.7004	65.8676	0	-1.02405e-06	1.30023e-06	0	1.65508	1.65508e+06	
28700	73.5533	65.8888	0	-1.02405e-06	1.30023e-06	0	1.65508	1.65508e+06	
28800	73.4302	65.8908	0	-1.02405e-06	1.30023e-06	0	1.65508	1.65508e+06	
28900	73.3288	65.8761	0	-1.02405e-06	1.30023e-06	0	1.65508	1.65508e+06	
29000	73.2239	65.8623	0	-1.02405e-06	1.30023e-06	0	1.65508	1.65508e+06	
29100	72.9349	65.8614	0	-2.41557e-06	2.33898e-06	0	3.36241	3.36241e+06	
29200	72.6091	65.8917	0	-2.41557e-06	2.33898e-06	0	3.36241	3.36241e+06	
29300	72.3264	65.8883	0	-2.41557e-06	2.33898e-06	0	3.36241	3.36241e+06	
29400	72.0553	65.8623	0	-2.41557e-06	2.33898e-06	0	3.36241	3.36241e+06	
29500	71.7433	65.8737	0	-2.41557e-06	2.33898e-06	0	3.36241	3.36241e+06	
29600	71.9997	65.867	0	2.26358e-06	3.1693e-06	0	3.89464	3.89464e+06	
29700	72.306	65.8866	0	2.26358e-06	3.1693e-06	0	3.89464	3.89464e+06	
29800	72.5968	65.9053	0	2.26358e-06	3.1693e-06	0	3.89464	3.89464e+06	
29900	72.8229	65.8754	0	2.26358e-06	3.1693e-06	0	3.89464	3.89464e+06	
30000	73.0949	65.8685	0	2.26358e-06	3.1693e-06	0	3.89464	3.89464e+06	
30100	73.5281	65.9125	0	3.22e-06	3.22e-06	0	4.55377	4.55377e+06	
30200	73.8591	65.8724	0	3.22e-06	3.22e-06	0	4.55377	4.55377e+06	
30300	73.8701	65.8701	0	3.22e-06	3.22e-06	0	4.55377	4.55377e+06	
30400	73.8701	65.8701	0	3.22e-06	3.22e-06	0	4.55377	4.55377e+06	
30500	73.8701	65.8701	0	3.22e-06	3.22e-06	0	4.55377	4.55377e+06	
30600	73.8701	65.8701	0	3.22e-06	3.22e-06	0	4.55377	4.55377e+06	
30700	73.8701	65.8701	0	3.22e-06	3.22e-06	0	4.55377	4.55377e+06	
30800	73.8701	65.8701	0	3.22e-06	3.22e-06	0	4.55377	4.55377e+06	
30900	73.8701	65.8701	0	3.22e-06	3.22e-06	0	4.55377	4.55377e+06	
31000	73.8701	65.8701	0	3.22e-06	3.22e-06	0	4.55377	4.55377e+06	
31100	73.8712	65.8596	0	3.22e-06	2.01171e-06	0	3.79676	3.79676e+06	
31200	73.8712	65.8596	0	3.22e-06	2.01171e-06	0	3.79676	3.79676e+06	
31300	73.8712	65.8596	0	3.22e-06	2.01171e-06	0	3.79676	3.79676e+06	
31400	73.8712	65.8596	0	3.22e-06	2.01171e-06	0	3.79676	3.79676e+06	
31500	73.8712	65.8596	0	3.22e-06	2.01171e-06	0	3.79676	3.79676e+06	
31600	73.8701	65.8701	0	3.22e-06	3.22e-06	0	4.55377	4.55377e+06	
31700	73.8701	65.8701	0	3.22e-06	3.22e-06	0	4.55377	4.55377e+06	
31800	73.8701	65.8701	0	3.22e-06	3.22e-06	0	4.55377	4.55377e+06	
31900	73.8701	65.8701	0	3.22e-06	3.22e-06	0	4.55377	4.55377e+06	
32000	73.8701	65.8701	0	3.22e-06	3.22e-06	0	4.55377	4.55377e+06	
32100	73.8712	65.8596	0	3.22e-06	2.00961e-06	0	3.79565	3.79565e+06	
32200	73.8712	65.8596	0	3.22e-06	2.00961e-06	0	3.79565	3.79565e+06	
32300	73.8712	65.8596	0	3.22e-06	2.00961e-06	0	3.79565	3.79565e+06	
32400	73.8712	65.8596	0	3.22e-06	2.00961e-06	0	3.79565	3.79565e+06	
32500	73.8712	65.8596	0	3.22e-06	2.00961e-06	0	3.79565	3.79565e+06	
32600	73.8701	65.8701	0	3.22e-06	3.22e-06	0	4.55377	4.55377e+06	
32700	73.8701	65.8701	0	3.22e-06	3.22e-06	0	4.55377	4.55377e+06	
32800	73.8701	65.8701	0	3.22e-06	3.22e-06	0	4.55377	4.55377e+06	
32900	73.8701	65.8701	0	3.22e-06	3.22e-06	0	4.55377	4.55377e+06	
33000	73.8701	65.8701	0	3.22e-06	3.22e-06	0	4.55377	4.55377e+06	
33100	73.8701	65.8701	0	3.22e-06	3.22e-06	0	4.55377	4.55377e+06	
33200	73.8701	65.8701	0	3.22e-06	3.22e-06	0	4.55377	4.55377e+06	
33300	73.8701	65.8701	0	3.22e-06	3.22e-06	0	4.55377	4.55377e+06	
33400	73.8701	65.8701	0	3.22e-06	3.22e-06	0	4.55377	4.55377e+06	
33500	73.8701	65.8701	0	3.22e-06	3.22e-06	0	4.55377	4.55377e+06	
33600	73.8701	65.8701	0	3.22e-06	3.22e-06	0	4.55377	4.55377e+06	
33700	73.8701	65.8701	0	3.22e-06	3.22e-06	0	4.55377	4.55377e+06	
33800	73.8701	65.8701	0	3.22e-06	3.22e-06	0	4.55377	4.55377e+06	
33900	73.8701	65.8701	0	3.22e-06	3.22e-06	0	4.55377	4.55377e+06	
34000	73.8701	65.8701	0	3.22e-06	3.22e-06	0	4.55377	4.55377e+06	
34100	73.8701	65.8701	0	3.22e-06	3.22e-06	0	4.55377	4.55377e+06	
34200	73.8701	65.8701	0	3.22e-06	3.22e-06	0	4.55377	4.55377e+06	
34300	73.8701	65.8701	0	3.22e-06	3.22e-06	0	4.55377	4.55377e+06	
34400	73.8701	65.8701	0	3.22e-06	3.22e-06	0	4.55377	4.55377e+06	
34500	73.8701	65.8701	0	3.22e-06	3.22e-06	0	4.55377	4.55377e+06	
34600	73.8709	65.8633	0	3.22e-06	2.36617e-06	0	3.9959	3.9959e+06	
34700	73.8709	65.8633	0	3.22e-06	2.36617e-06	0	3.9959	3.9959e+06	
34800	73.8709	65.8633	0	3.22e-06	2.36617e-06	0	3.9959	3.9959e+06	
34900	73.8709	65.8633	0	3.22e-06	2.36617e-06	0	3.9959	3.9959e+06	
35000	73.8709	65.8633	0	3.22e-06	2.36617e-06	0	3.9959	3.9959e+06	
35100	73.8722	65.8491	0	3.22e-06	1.29688e-06	0	3.47136	3.47136e+06	
35200	73.8722	65.8491	0	3.22e-06	1.29688e-06	0	3.47136	3.47136e+06	
35300	73.8722	65.8491	0	3.22e-06	1.29688e-06	0	3.47136	3.47136e+06	
35400	73.8722	65.8491	0	3.22e-06	1.29688e-06	0	3.47136	3.47136e+06	
35500	73.8722	65.8491	0	3.22e-06	1.29688e-06	0	3.47136	3.47136e+06	
35600	73.8713	65.8589	0	3.22e-06	1.95038e-06	0	3.76462	3.76462e+06	
35700	73.8713	65.8589	0	3.22e-06	1.95038e-06	0	3.76462	3.76462e+06	
35800	73.8713	65.8589	0	3.22e-06	1.95038e-06	0	3.76462	3.76462e+06	
35900	73.8713	65.8589	0	3.22e-06	1.95038e-06	0	3.76462	3.76462e+06	
36000	73.8713	65.8589	0	3.22e-06	1.95038e-06	0	3.76462	3.76462e+06	
36100	73.8717	65.8513	0	3.16709e-06	1.40889e-06	0	3.46632	3.46632e+06	
36200	73.8717	65.8513	0	3.16709e-06	1.40889e-06	0	3.46632	3.46632e+06	
36300	73.8717	65.8513	0	3.16709e-06	1.40889e-06	0	3.46632	3.46632e+06	
36400	73.8717	65.8513	0	3.16709e-06	1.40889e-06	0	3.46632	3.46632e+06	
36500	73.8717	65.8513	0	3.16709e-06	1.40889e-06	0	3.46632	3.46632e+06	
36600	73.8701	65.8701	0	3.22e-06	3.22e-06	0	4.55377	4.55377e+06	
36700	73.8701	65.8701	0	3.22e-06	3.22e-06	0	4.55377	4.55377e+06	
36800	73.8701	65.8701	0	3.22e-06	3.22e-06	0	4.55377	4.55377e+06	
36900	73.8701	65.8701	0	3.22e-06	3.22e-06	0	4.55377	4.55377e+06	
37000	73.8701	65.8701	0	3.22e-06	3.22e-06	0	4.55377	4.55377e+06	
37100	73.8582	65.8714	0	1.89438e-06	3.22e-06	0	3.73592	3.73592e+06	
37200	73.8582	65.8714	0	1.89438e-06	3.22e-06	0	3.73592	3.73592e+06	
37300	73.8582	65.8714	0	1.89438e-06	3.22e-06	0	3.73592	3.73592e+06	
37400	73.8582	65.8714	0	1.89438e-06	3.22e-06	0	3.73592	3.73592e+06	
37500	73.8582	65.8714	0	1.89438e-06	3.22e-06	0	3.73592	3.73592e+06	
37600	73.8601	65.8205	0	1.5702e-06	2.86982e-07	0	1.59621	1.59621e+06	
37700	73.8608	65.8141	0	1.5702e-06	2.86982e-07	0	1.59621	1.59621e+06	
37800	73.8611	65.8118	0	1.5702e-06	2.86982e-07	0	1.59621	1.59621e+06	
37900	73.8612	65.8109	0	1.5702e-06	2.86982e-07	0	1.59621	1.59621e+06	
38000	73.8612	65.8105	0	1.5702e-06	2.86982e-07	0	1.59621	1.59621e+06	
38100	73.8551	65.8586	0	1.49744e-06	1.72207e-06	0	2.28207	2.28207e+06	
38200	73.8551	65.8586	0	1.49744e-06	1.72207e-06	0	2.28207	2.28207e+06	
38300	73.8551	65.8586	0	1.49744e-06	1.72207e-06	0	2.28207	2.28207e+06	
38400	73.8551	65.8586	0	1.49744e-06	1.72207e-06	0	2.28207	2.28207e+06	
38500	73.8551	65.8586	0	1.49744e-06	1.72207e-06	0	2.28207	2.28207e+06	
38600	73.8709	65.845	0	2.9627e-06	1.0783e-06	0	3.15283	3.15283e+06	
38700	73.8709	65.8449	0	2.9627e-06	1.0783e-06	0	3.15283	3.15283e+06	
38800	73.8709	65.8449	0	2.9627e-06	1.0783e-06	0	3.15283	3.15283e+06	
38900	73.8709	65.8449	0	2.9627e-06	1.0783e-06	0	3.15283	3.15283e+06	
39000	73.8709	65.8449	0	2.9627e-06	1.0783e-06	0	3.15283	3.15283e+06	
39100	73.873	65.8405	0	3.22e-06	9.34786e-07	0	3.35294	3.35294e+06	
39200	73.873	65.8404	0	3.22e-06	9.34786e-07	0	3.35294	3.35294e+06	
39300	73.873	65.8404	0	3.22e-06	9.34786e-07	0	3.35294	3.35294e+06	
39400	73.873	65.8404	0	3.22e-06	9.34786e-07	0	3.35294	3.35294e+06	
39500	73.873	65.8404	0	3.22e-06	9.34786e-07	0	3.35294	3.35294e+06	
39600	73.8705	65.8663	0	3.22e-06	2.71285e-06	0	4.21046	4.21046e+06	
39700	73.8705	65.8663	0	3.22e-06	2.71285e-06	0	4.21046	4.21046e+06	
39800	73.8705	65.8663	0	3.22e-06	2.71285e-06	0	4.21046	4.21046e+06	
39900	73.8705	65.8663	0	3.22e-06	2.71285e-06	0	4.21046	4.21046e+06	
40000	73.8705	65.8663	0	3.22e-06	2.71285e-06	0	4.21046	4.21046e+06	
40100	73.8647	65.8707	0	2.51917e-06	3.22e-06	0	4.08835	4.08835e+06	
40200	73.8647	65.8707	0	2.51917e-06	3.22e-06	0	4.08835	4.08835e+06	
40300	73.8647	65.8707	0	2.51917e-06	3.22e-06	0	4.08835	4.08835e+06	
40400	73.8647	65.8707	0	2.51917e-06	3.22e-06	0	4.08835	4.08835e+06	
40500	73.8647	65.8707	0	2.51917e-06	3.22e-06	0	4.08835	4.08835e+06	
40600	73.7509	65.8814	0	-3.65805e-07	3.22e-06	0	3.24071	3.24071e+06	
40700	73.653	65.8946	0	-3.65805e-07	3.22e-06	0	3.24071	3.24071e+06	
40800	73.5527	65.9094	0	-3.65805e-07	3.22e-06	0	3.24071	3.24071e+06	
40900	73.4917	65.913	0	-3.65805e-07	3.22e-06	0	3.24071	3.24071e+06	
41000	73.4666	65.9118	0	-3.65805e-07	3.22e-06	0	3.24071	3.24071e+06	
41100	73.1707	65.8755	0	-2.8267e-06	3.22e-06	0	4.2847	4.2847e+06	
41200	72.8209	65.8733	0	-2.8267e-06	3.22e-06	0	4.2847	4.2847e+06	
41300	72.441	65.9107	0	-2.8267e-06	3.22e-06	0	4.2847	4.2847e+06	
41400	72.1446	65.8734	0	-2.8267e-06	3.22e-06	0	4.2847	4.2847e+06	
41500	71.7895	65.8759	0	-2.8267e-06	3.22e-06	0	4.2847	4.2847e+06	
41600	71.4765	65.9127	0	-2.21496e-06	3.22e-06	0	3.90825	3.90825e+06	
41700	71.2586	65.8844	0	-2.21496e-06	3.22e-06	0	3.90825	3.90825e+06	
41800	71.0111	65.8674	0	-2.21496e-06	3.22e-06	0	3.90825	3.90825e+06	
41900	70.7128	65.8846	0	-2.21496e-06	3.22e-06	0	3.90825	3.90825e+06	
42000	70.4202	65.908	0	-2.21496e-06	3.22e-06	0	3.90825	3.90825e+06	
42100	70.679	65.8883	0	2.27184e-06	2.48136e-06	0	3.36428	3.36428e+06	
42200	70.9302	65.8639	0	2.27184e-06	2.48136e-06	0	3.36428	3.36428e+06	
42300	71.2219	65.8717	0	2.27184e-06	2.48136e-06	0	3.36428	3.36428e+06	
42400	71.5312	65.9071	0	2.27184e-06	2.48136e-06	0	3.36428	3.36428e+06	
42500	71.7683	65.8765	0	2.27184e-06	2.48136e-06	0	3.36428	3.36428e+06	
42600	71.8895	65.8655	0	1.18531e-06	2.49322e-06	0	2.76064	2.76064e+06	
42700	72.0304	65.8623	0	1.18531e-06	2.49322e-06	0	2.76064	2.76064e+06	
42800	72.193	65.87	0	1.18531e-06	2.49322e-06	0	2.76064	2.76064e+06	
42900	72.3767	65.8928	0	1.18531e-06	2.49322e-06	0	2.76064	2.76064e+06	
43000	72.5399	65.9065	0	1.18531e-06	2.49322e-06	0	2.76064	2.76064e+06	
43100	72.7177	65.8873	0	1.90562e-06	3.22e-06	0	3.74163	3.74163e+06	
43200	72.9178	65.8693	0	1.90562e-06	3.22e-06	0	3.74163	3.74163e+06	
43300	73.1607	65.8724	0	1.90562e-06	3.22e-06	0	3.74163	3.74163e+06	
43400	73.4429	65.9075	0	1.90562e-06	3.22e-06	0	3.74163	3.74163e+06	
43500	73.6466	65.8977	0	1.90562e-06	3.22e-06	0	3.74163	3.74163e+06	
43600	73.871	65.8616	0	3.22e-06	2.18637e-06	0	3.89212	3.89212e+06	
43700	73.871	65.8615	0	3.22e-06	2.18637e-06	0	3.89212	3.89212e+06	
43800	73.871	65.8615	0	3.22e-06	2.18637e-06	0	3.89212	3.89212e+06	
43900	73.871	65.8615	0	3.22e-06	2.18637e-06	0	3.89212	3.89212e+06	
44000	73.871	65.8615	0	3.22e-06	2.18637e-06	0	3.89212	3.89212e+06	
44100	73.8632	65.8709	0	2.354e-06	3.22e-06	0	3.9887	3.9887e+06	
44200	73.8632	65.8709	0	2.354e-06	3.22e-06	0	3.9887	3.9887e+06	
44300	73.8632	65.8709	0	2.354e-06	3.22e-06	0	3.9887	3.9887e+06	
44400	73.8632	65.8709	0	2.354e-06	3.22e-06	0	3.9887	3.9887e+06	
44500	73.8632	65.8709	0	2.354e-06	3.22e-06	0	3.9887	3.9887e+06	
44600	73.8753	65.8144	0	3.22e-06	3.35869e-07	0	3.23747	3.23747e+06	
44700	73.8764	65.8028	0	3.22e-06	3.35869e-07	0	3.23747	3.23747e+06	
44800	73.8771	65.7958	0	3.22e-06	3.35869e-07	0	3.23747	3.23747e+06	
44900	73.8776	65.7905	0	3.22e-06	3.35869e-07	0	3.23747	3.23747e+06	
45000	73.878	65.7862	0	3.22e-06	3.35869e-07	0	3.23747	3.23747e+06	
45100	73.899	65.4139	0	2.02195e-06	-2.88474e-06	0	3.52279	3.52279e+06	
45200	73.8612	65.0883	0	2.02195e-06	-2.88474e-06	0	3.52279	3.52279e+06	
45300	73.8724	64.7208	0	2.02195e-06	-2.88474e-06	0	3.52279	3.52279e+06	
45400	73.8917	64.3616	0	2.02195e-06	-2.88474e-06	0	3.52279	3.52279e+06	
45500	73.8589	64.0298	0	2.02195e-06	-2.88474e-06	0	3.52279	3.52279e+06	
45600	73.8447	63.782	0	7.43005e-07	-1.96682e-06	0	2.10249	2.10249e+06	
45700	73.8736	63.5296	0	7.43005e-07	-1.96682e-06	0	2.10249	2.10249e+06	
45800	73.8644	63.2968	0	7.43005e-07	-1.96682e-06	0	2.10249	2.10249e+06	
45900	73.8412	63.0624	0	7.43005e-07	-1.96682e-06	0	2.10249	2.10249e+06	
46000	73.8424	62.8158	0	7.43005e-07	-1.96682e-06	0	2.10249	2.10249e+06	
46100	73.7727	62.7185	0	-4.33292e-07	-7.70974e-07	0	0.884388	884388	
46200	73.7184	62.6227	0	-4.33292e-07	-7.70974e-07	0	0.884388	884388	
46300	73.6646	62.5269	0	-4.33292e-07	-7.70974e-07	0	0.884388	884388	
46400	73.6108	62.4312	0	-4.33292e-07	-7.70974e-07	0	0.884388	884388	
46500	73.5569	62.3354	0	-4.33292e-07	-7.70974e-07	0	0.884388	884388	
46600	73.9032	62.413	0	3.20344e-06	5.64276e-07	0	3.25276	3.25276e+06	
46700	73.9129	62.5087	0	3.20344e-06	5.64276e-07	0	3.25276	3.25276e+06	
46800	73.9102	62.5508	0	3.20344e-06	5.64276e-07	0	3.25276	3.25276e+06	
46900	73.9075	62.5731	0	3.20344e-06	5.64276e-07	0	3.25276	3.25276e+06	
47000	73.9053	62.5881	0	3.20344e-06	5.64276e-07	0	3.25276	3.25276e+06	
47100	73.6275	62.6027	0	-2.07277e-06	1.39997e-07	0	2.07749	2.07749e+06	
47200	73.37	62.6201	0	-2.07277e-06	1.39997e-07	0	2.07749	2.07749e+06	
47300	73.1125	62.6375	0	-2.07277e-06	1.39997e-07	0	2.07749	2.07749e+06	
47400	72.855	62.6549	0	-2.07277e-06	1.39997e-07	0	2.07749	2.07749e+06	
47500	72.5975	62.6722	0	-2.07277e-06	1.39997e-07	0	2.07749	2.07749e+06	
47600	72.6206	62.465	0	1.85655e-07	-1.6682e-06	0	1.6785	1.6785e+06	
47700	72.6437	62.2578	0	1.85655e-07	-1.6682e-06	0	1.6785	1.6785e+06	
47800	72.6667	62.0506	0	1.85655e-07	-1.6682e-06	0	1.6785	1.6785e+06	
47900	72.6898	61.8433	0	1.85655e-07	-1.6682e-06	0	1.6785	1.6785e+06	
48000	72.7128	61.6361	0	1.85655e-07	-1.6682e-06	0	1.6785	1.6785e+06	
48100	72.5086	61.8516	0	-1.64454e-06	1.7348e-06	0	2.3904	2.3904e+06	
48200	72.3043	62.0671	0	-1.64454e-06	1.7348e-06	0	2.3904	2.3904e+06	
48300	72.1	62.2826	0	-1.64454e-06	1.7348e-06	0	2.3904	2.3904e+06	
48400	71.8957	62.4981	0	-1.64454e-06	1.7348e-06	0	2.3904	2.3904e+06	
48500	71.6914	62.7136	0	-1.64454e-06	1.7348e-06	0	2.3904	2.3904e+06	
48600	71.5013	62.7521	0	-1.52999e-06	3.09595e-07	0	1.561	1.561e+06	
48700	71.3113	62.7905	0	-1.52999e-06	3.09595e-07	0	1.561	1.561e+06	
48800	71.1212	62.829	0	-1.52999e-06	3.09595e-07	0	1.561	1.561e+06	
48900	70.9311	62.8674	0	-1.52999e-06	3.09595e-07	0	1.561	1.561e+06	
49000	70.7411	62.9059	0	-1.52999e-06	3.09595e-07	0	1.561	1.561e+06	
49100	70.3411	62.844	0	-3.22e-06	-4.98209e-07	0	3.25831	3.25831e+06	
49200	69.9411	62.7821	0	-3.22e-06	-4.98209e-07	0	3.25831	3.25831e+06	
49300	69.5411	62.7202	0	-3.22e-06	-4.98209e-07	0	3.25831	3.25831e+06	
49400	69.1411	62.6583	0	-3.22e-06	-4.98209e-07	0	3.25831	3.25831e+06	
49500	68.7411	62.5965	0	-3.22e-06	-4.98209e-07	0	3.25831	3.25831e+06	
49600	68.3411	62.5697	0	-3.22e-06	-2.15788e-07	0	3.22722	3.22722e+06	
49700	67.9411	62.5428	0	-3.22e-06	-2.15788e-07	0	3.22722	3.22722e+06	
49800	67.5411	62.516	0	-3.22e-06	-2.15788e-07	0	3.22722	3.22722e+06	
49900	67.1411	62.4892	0	-3.22e-06	-2.15788e-07	0	3.22722	3.22722e+06	
50000	66.7411	62.4624	0	-3.22e-06	-2.15788e-07	0	3.22722	3.22722e+06	
