0	36	8	0	3.22e-06	1.15115e-06	0	3.41958	3.41958e+06	
100	36.4	8.4	0	3.22e-06	3.22e-06	0	4.55377	4.55377e+06	
200	36.8	8.8	0	3.22e-06	3.22e-06	0	4.55377	4.55377e+06	
300	37.2	9.2	0	3.22e-06	3.22e-06	0	4.55377	4.55377e+06	
400	37.6	9.6	0	3.22e-06	3.22e-06	0	4.55377	4.55377e+06	
500	38	10	0	3.22e-06	3.22e-06	0	4.55377	4.55377e+06	
600	38.4	9.85392	0	3.22e-06	-1.17592e-06	0	3.428	3.428e+06	
700	38.8	9.70785	0	3.22e-06	-1.17592e-06	0	3.428	3.428e+06	
800	39.2	9.56177	0	3.22e-06	-1.17592e-06	0	3.428	3.428e+06	
900	39.6	9.41569	0	3.22e-06	-1.17592e-06	0	3.428	3.428e+06	
1000	40	9.26961	0	3.22e-06	-1.17592e-06	0	3.428	3.428e+06	
1100	40.4	8.91915	0	3.22e-06	-2.82127e-06	0	4.28112	4.28112e+06	
1200	40.8	8.56868	0	3.22e-06	-2.82127e-06	0	4.28112	4.28112e+06	
1300	41.2	8.21821	0	3.22e-06	-2.82127e-06	0	4.28112	4.28112e+06	
1400	41.6	7.86774	0	3.22e-06	-2.82127e-06	0	4.28112	4.28112e+06	
1500	42	7.51727	0	3.22e-06	-2.82127e-06	0	4.28112	4.28112e+06	
1600	42.2881	7.17154	0	2.31952e-06	-2.78314e-06	0	3.62299	3.62299e+06	
1700	42.5763	6.82581	0	2.31952e-06	-2.78314e-06	0	3.62299	3.62299e+06	
1800	42.7026	6.68977	0	2.31952e-06	-2.78314e-06	0	3.62299	3.62299e+06	
1900	42.7185	6.70189	0	2.31952e-06	-2.78314e-06	0	3.62299	3.62299e+06	
2000	42.7383	6.71664	0	2.31952e-06	-2.78314e-06	0	3.62299	3.62299e+06	
2100	42.7129	6.69629	0	2.076e-06	-3.22e-06	0	3.83121	3.83121e+06	
2200	42.6807	6.67143	0	2.076e-06	-3.22e-06	0	3.83121	3.83121e+06	
2300	42.6412	6.63954	0	2.076e-06	-3.22e-06	0	3.83121	3.83121e+06	
2400	42.593	6.59844	0	2.076e-06	-3.22e-06	0	3.83121	3.83121e+06	
2500	42.5346	6.54523	0	2.076e-06	-3.22e-06	0	3.83121	3.83121e+06	
2600	42.436	6.44921	0	1.59766e-06	-3.14392e-06	0	3.52657	3.52657e+06	
2700	42.3271	6.32295	0	1.59766e-06	-3.14392e-06	0	3.52657	3.52657e+06	
2800	42.2093	6.16026	0	1.59766e-06	-3.14392e-06	0	3.52657	3.52657e+06	
2900	42.0903	5.9618	0	1.59766e-06	-3.14392e-06	0	3.52657	3.52657e+06	
3000	42.0239	5.89702	0	1.59766e-06	-3.14392e-06	0	3.52657	3.52657e+06	
3100	41.9794	5.88078	0	8.66056e-07	-2.18657e-06	0	2.35184	2.35184e+06	
3200	41.9431	5.86014	0	8.66056e-07	-2.18657e-06	0	2.35184	2.35184e+06	
3300	41.9046	5.83761	0	8.66056e-07	-2.18657e-06	0	2.35184	2.35184e+06	
3400	41.8618	5.81143	0	8.66056e-07	-2.18657e-06	0	2.35184	2.35184e+06	
3500	41.8137	5.78044	0	8.66056e-07	-2.18657e-06	0	2.35184	2.35184e+06	
3600	41.7001	5.69759	0	5.27286e-07	-2.68849e-06	0	2.73971	2.73971e+06	
3700	41.5748	5.5949	0	5.27286e-07	-2.68849e-06	0	2.73971	2.73971e+06	
3800	41.441	5.46604	0	5.27286e-07	-2.68849e-06	0	2.73971	2.73971e+06	
3900	41.3029	5.30618	0	5.27286e-07	-2.68849e-06	0	2.73971	2.73971e+06	
4000	41.1667	5.11106	0	5.27286e-07	-2.68849e-06	0	2.73971	2.73971e+06	
4100	41.0017	4.79647	0	2.9161e-08	-3.22e-06	0	3.22013	3.22013e+06	
4200	40.8829	4.43426	0	2.9161e-08	-3.22e-06	0	3.22013	3.22013e+06	
4300	40.8206	4.04259	0	2.9161e-08	-3.22e-06	0	3.22013	3.22013e+06	
4400	40.806	3.64183	0	2.9161e-08	-3.22e-06	0	3.22013	3.22013e+06	
4500	40.8055	3.24208	0	2.9161e-08	-3.22e-06	0	3.22013	3.22013e+06	
4600	40.8453	2.92719	0	1.05063e-06	-2.55033e-06	0	2.75827	2.75827e+06	
4700	40.8726	2.5997	0	1.05063e-06	-2.55033e-06	0	2.75827	2.75827e+06	
4800	40.9463	2.2682	0	1.05063e-06	-2.55033e-06	0	2.75827	2.75827e+06	
4900	41.0255	2.13447	0	1.05063e-06	-2.55033e-06	0	2.75827	2.75827e+06	
5000	41.0294	2.13375	0	1.05063e-06	-2.55033e-06	0	2.75827	2.75827e+06	
5100	40.948	2.14343	0	-4.01153e-07	-1.82125e-06	0	1.86491	1.86491e+06	
5200	40.8883	2.14146	0	-4.01153e-07	-1.82125e-06	0	1.86491	1.86491e+06	
5300	40.8236	2.13729	0	-4.01153e-07	-1.82125e-06	0	1.86491	1.86491e+06	
5400	40.7522	2.13045	0	-4.01153e-07	-1.82125e-06	0	1.86491	1.86491e+06	
5500	40.6741	2.12042	0	-4.01153e-07	-1.82125e-06	0	1.86491	1.86491e+06	
5600	40.5559	2.10899	0	-7.61948e-07	-1.41679e-06	0	1.60869	1.60869e+06	
5700	40.4598	2.10505	0	-7.61948e-07	-1.41679e-06	0	1.60869	1.60869e+06	
5800	40.3887	2.11372	0	-7.61948e-07	-1.41679e-06	0	1.60869	1.60869e+06	
5900	40.322	2.12388	0	-7.61948e-07	-1.41679e-06	0	1.60869	1.60869e+06	
6000	40.2517	2.13332	0	-7.61948e-07	-1.41679e-06	0	1.60869	1.60869e+06	
6100	39.8544	2.2225	0	-3.22e-06	4.23014e-07	0	3.24767	3.24767e+06	
6200	39.4544	2.27583	0	-3.22e-06	4.23014e-07	0	3.24767	3.24767e+06	
6300	39.0544	2.32842	0	-3.22e-06	4.23014e-07	0	3.24767	3.24767e+06	
6400	38.6544	2.38098	0	-3.22e-06	4.23014e-07	0	3.24767	3.24767e+06	
6500	38.2544	2.43352	0	-3.22e-06	4.23014e-07	0	3.24767	3.24767e+06	
6600	37.8544	2.50772	0	-3.22e-06	5.97282e-07	0	3.27493	3.27493e+06	
6700	37.4544	2.58192	0	-3.22e-06	5.97282e-07	0	3.27493	3.27493e+06	
6800	37.0544	2.65611	0	-3.22e-06	5.97282e-07	0	3.27493	3.27493e+06	
6900	36.6544	2.73031	0	-3.22e-06	5.97282e-07	0	3.27493	3.27493e+06	
7000	36.2544	2.80451	0	-3.22e-06	5.97282e-07	0	3.27493	3.27493e+06	
7100	35.9559	3.04367	0	-2.40275e-06	1.92529e-06	0	3.07896	3.07896e+06	
7200	35.6574	3.28284	0	-2.40275e-06	1.92529e-06	0	3.07896	3.07896e+06	
7300	35.3589	3.52201	0	-2.40275e-06	1.92529e-06	0	3.07896	3.07896e+06	
7400	35.0604	3.76117	0	-2.40275e-06	1.92529e-06	0	3.07896	3.07896e+06	
7500	34.762	4.00034	0	-2.40275e-06	1.92529e-06	0	3.07896	3.07896e+06	
7600	34.5191	4.40034	0	-1.95502e-06	3.22e-06	0	3.76703	3.76703e+06	
7700	34.2762	4.80034	0	-1.95502e-06	3.22e-06	0	3.76703	3.76703e+06	
7800	34.0334	5.20034	0	-1.95502e-06	3.22e-06	0	3.76703	3.76703e+06	
7900	33.7905	5.60034	0	-1.95502e-06	3.22e-06	0	3.76703	3.76703e+06	
8000	33.5477	6.00034	0	-1.95502e-06	3.22e-06	0	3.76703	3.76703e+06	
8100	33.2195	6.40034	0	-2.64209e-06	3.22e-06	0	4.16522	4.16522e+06	
8200	32.8912	6.80034	0	-2.64209e-06	3.22e-06	0	4.16522	4.16522e+06	
8300	32.563	7.20034	0	-2.64209e-06	3.22e-06	0	4.16522	4.16522e+06	
8400	32.2348	7.60034	0	-2.64209e-06	3.22e-06	0	4.16522	4.16522e+06	
8500	31.9066	8.00034	0	-2.64209e-06	3.22e-06	0	4.16522	4.16522e+06	
8600	31.5066	8.32309	0	-3.22e-06	2.59817e-06	0	4.1375	4.1375e+06	
8700	31.1066	8.64585	0	-3.22e-06	2.59817e-06	0	4.1375	4.1375e+06	
8800	30.7066	8.9686	0	-3.22e-06	2.59817e-06	0	4.1375	4.1375e+06	
8900	30.3066	9.29135	0	-3.22e-06	2.59817e-06	0	4.1375	4.1375e+06	
9000	29.9066	9.61411	0	-3.22e-06	2.59817e-06	0	4.1375	4.1375e+06	
9100	29.5109	10.0141	0	-3.18551e-06	3.22e-06	0	4.52945	4.52945e+06	
9200	29.1152	10.4141	0	-3.18551e-06	3.22e-06	0	4.52945	4.52945e+06	
9300	28.7195	10.8141	0	-3.18551e-06	3.22e-06	0	4.52945	4.52945e+06	
9400	28.3237	11.2141	0	-3.18551e-06	3.22e-06	0	4.52945	4.52945e+06	
9500	27.928	11.6141	0	-3.18551e-06	3.22e-06	0	4.52945	4.52945e+06	
9600	27.9002	11.9351	0	-2.2396e-07	2.5838e-06	0	2.59349	2.59349e+06	
9700	27.8724	12.256	0	-2.2396e-07	2.5838e-06	0	2.59349	2.59349e+06	
9800	27.8446	12.577	0	-2.2396e-07	2.5838e-06	0	2.59349	2.59349e+06	
9900	27.8167	12.898	0	-2.2396e-07	2.5838e-06	0	2.59349	2.59349e+06	
10000	27.7889	13.219	0	-2.2396e-07	2.5838e-06	0	2.59349	2.59349e+06	
10100	28.1889	13.4859	0	3.22e-06	2.14883e-06	0	3.87116	3.87116e+06	
10200	28.5889	13.7528	0	3.22e-06	2.14883e-06	0	3.87116	3.87116e+06	
10300	28.9889	14.0198	0	3.22e-06	2.14883e-06	0	3.87116	3.87116e+06	
10400	29.3889	14.2867	0	3.22e-06	2.14883e-06	0	3.87116	3.87116e+06	
10500	29.7889	14.5536	0	3.22e-06	2.14883e-06	0	3.87116	3.87116e+06	
10600	29.9826	14.5686	0	1.55923e-06	1.20266e-07	0	1.56387	1.56387e+06	
10700	30.1763	14.5835	0	1.55923e-06	1.20266e-07	0	1.56387	1.56387e+06	
10800	30.37	14.5984	0	1.55923e-06	1.20266e-07	0	1.56387	1.56387e+06	
10900	30.5637	14.6134	0	1.55923e-06	1.20266e-07	0	1.56387	1.56387e+06	
11000	30.7574	14.6283	0	1.55923e-06	1.20266e-07	0	1.56387	1.56387e+06	
11100	31.1263	14.9138	0	2.96973e-06	2.29833e-06	0	3.75521	3.75521e+06	
11200	31.4952	15.1993	0	2.96973e-06	2.29833e-06	0	3.75521	3.75521e+06	
11300	31.8641	15.4848	0	2.96973e-06	2.29833e-06	0	3.75521	3.75521e+06	
11400	32.233	15.7704	0	2.96973e-06	2.29833e-06	0	3.75521	3.75521e+06	
11500	32.602	16.0559	0	2.96973e-06	2.29833e-06	0	3.75521	3.75521e+06	
11600	33.002	16.1073	0	3.22e-06	4.14016e-07	0	3.24651	3.24651e+06	
11700	33.402	16.1587	0	3.22e-06	4.14016e-07	0	3.24651	3.24651e+06	
11800	33.802	16.2102	0	3.22e-06	4.14016e-07	0	3.24651	3.24651e+06	
11900	34.202	16.2616	0	3.22e-06	4.14016e-07	0	3.24651	3.24651e+06	
12000	34.6011	16.312	0	3.22e-06	4.14016e-07	0	3.24651	3.24651e+06	
12100	34.9503	16.1113	0	3.22e-06	-1.0021e-06	0	3.37233	3.37233e+06	
12200	35.3228	15.9266	0	3.22e-06	-1.0021e-06	0	3.37233	3.37233e+06	
12300	35.7189	15.7869	0	3.22e-06	-1.0021e-06	0	3.37233	3.37233e+06	
12400	36.1188	15.6618	0	3.22e-06	-1.0021e-06	0	3.37233	3.37233e+06	
12500	36.5188	15.5373	0	3.22e-06	-1.0021e-06	0	3.37233	3.37233e+06	
12600	36.5024	15.6577	0	-1.32256e-07	9.69184e-07	0	0.978166	978166	
12700	36.486	15.778	0	-1.32256e-07	9.69184e-07	0	0.978166	978166	
12800	36.4728	15.8835	0	-1.32256e-07	9.69184e-07	0	0.978166	978166	
12900	36.4805	15.8975	0	-1.32256e-07	9.69184e-07	0	0.978166	978166	
13000	36.4913	15.9	0	-1.32256e-07	9.69184e-07	0	0.978166	978166	
13100	36.4327	15.8025	0	-5.09716e-07	-6.15455e-07	0	0.799122	799122	
13200	36.3695	15.7255	0	-5.09716e-07	-6.15455e-07	0	0.799122	799122	
13300	36.3062	15.649	0	-5.09716e-07	-6.15455e-07	0	0.799122	799122	
13400	36.2429	15.5726	0	-5.09716e-07	-6.15455e-07	0	0.799122	799122	
13500	36.1796	15.4961	0	-5.09716e-07	-6.15455e-07	0	0.799122	799122	
13600	35.7796	15.6442	0	-3.22e-06	1.19223e-06	0	3.43363	3.43363e+06	
13700	35.3796	15.7923	0	-3.22e-06	1.19223e-06	0	3.43363	3.43363e+06	
13800	34.9795	15.9402	0	-3.22e-06	1.19223e-06	0	3.43363	3.43363e+06	
13900	34.5795	16.0883	0	-3.22e-06	1.19223e-06	0	3.43363	3.43363e+06	
14000	34.1795	16.2364	0	-3.22e-06	1.19223e-06	0	3.43363	3.43363e+06	
14100	33.8753	16.4201	0	-2.44894e-06	1.47855e-06	0	2.86066	2.86066e+06	
14200	33.571	16.6037	0	-2.44894e-06	1.47855e-06	0	2.86066	2.86066e+06	
14300	33.2668	16.7874	0	-2.44894e-06	1.47855e-06	0	2.86066	2.86066e+06	
14400	32.9626	16.9711	0	-2.44894e-06	1.47855e-06	0	2.86066	2.86066e+06	
14500	32.6584	17.1547	0	-2.44894e-06	1.47855e-06	0	2.86066	2.86066e+06	
14600	32.5892	17.3301	0	-5.57396e-07	1.41132e-06	0	1.5174	1.5174e+06	
14700	32.5199	17.5054	0	-5.57396e-07	1.41132e-06	0	1.5174	1.5174e+06	
14800	32.4507	17.6807	0	-5.57396e-07	1.41132e-06	0	1.5174	1.5174e+06	
14900	32.3814	17.856	0	-5.57396e-07	1.41132e-06	0	1.5174	1.5174e+06	
15000	32.3122	18.0313	0	-5.57396e-07	1.41132e-06	0	1.5174	1.5174e+06	
15100	32.4401	18.3681	0	1.0302e-06	2.71142e-06	0	2.90053	2.90053e+06	
15200	32.4188	18.5623	0	1.0302e-06	2.71142e-06	0	2.90053	2.90053e+06	
15300	32.3054	18.6965	0	1.0302e-06	2.71142e-06	0	2.90053	2.90053e+06	
15400	32.1885	18.862	0	1.0302e-06	2.71142e-06	0	2.90053	2.90053e+06	
15500	32.0754	19.0503	0	1.0302e-06	2.71142e-06	0	2.90053	2.90053e+06	
15600	32.0392	19.0952	0	2.04354e-06	3.22e-06	0	3.81372	3.81372e+06	
15700	32.0305	19.1009	0	2.04354e-06	3.22e-06	0	3.81372	3.81372e+06	
15800	32.0278	19.1025	0	2.04354e-06	3.22e-06	0	3.81372	3.81372e+06	
15900	32.0269	19.1031	0	2.04354e-06	3.22e-06	0	3.81372	3.81372e+06	
16000	32.0265	19.1033	0	2.04354e-06	3.22e-06	0	3.81372	3.81372e+06	
16100	31.8	19.2299	0	-4.84374e-07	3.22e-06	0	3.25623	3.25623e+06	
16200	31.5676	19.4082	0	-4.84374e-07	3.22e-06	0	3.25623	3.25623e+06	
16300	31.337	19.6443	0	-4.84374e-07	3.22e-06	0	3.25623	3.25623e+06	
16400	31.1468	19.8704	0	-4.84374e-07	3.22e-06	0	3.25623	3.25623e+06	
16500	31.0902	19.8691	0	-4.84374e-07	3.22e-06	0	3.25623	3.25623e+06	
16600	31.0406	19.8593	0	-4.54583e-07	2.11954e-06	0	2.16774	2.16774e+06	
16700	30.9857	19.8589	0	-4.54583e-07	2.11954e-06	0	2.16774	2.16774e+06	
16800	30.9238	19.8601	0	-4.54583e-07	2.11954e-06	0	2.16774	2.16774e+06	
16900	30.8539	19.8636	0	-4.54583e-07	2.11954e-06	0	2.16774	2.16774e+06	
17000	30.7753	19.8702	0	-4.54583e-07	2.11954e-06	0	2.16774	2.16774e+06	
17100	30.6167	19.9007	0	-8.52067e-07	3.22e-06	0	3.33083	3.33083e+06	
17200	30.4295	19.9427	0	-8.52067e-07	3.22e-06	0	3.33083	3.33083e+06	
17300	30.2141	20.0135	0	-8.52067e-07	3.22e-06	0	3.33083	3.33083e+06	
17400	29.9736	20.1241	0	-8.52067e-07	3.22e-06	0	3.33083	3.33083e+06	
17500	29.7161	20.2863	0	-8.52067e-07	3.22e-06	0	3.33083	3.33083e+06	
17600	29.2709	20.6347	0	-3.22e-06	3.22e-06	0	4.55377	4.55377e+06	
17700	28.8689	21.0332	0	-3.22e-06	3.22e-06	0	4.55377	4.55377e+06	
17800	28.4689	21.4332	0	-3.22e-06	3.22e-06	0	4.55377	4.55377e+06	
17900	28.0689	21.8332	0	-3.22e-06	3.22e-06	0	4.55377	4.55377e+06	
18000	27.6689	22.2332	0	-3.22e-06	3.22e-06	0	4.55377	4.55377e+06	
18100	27.2689	22.5403	0	-3.22e-06	2.47214e-06	0	4.05954	4.05954e+06	
18200	26.8689	22.8474	0	-3.22e-06	2.47214e-06	0	4.05954	4.05954e+06	
18300	26.4689	23.1545	0	-3.22e-06	2.47214e-06	0	4.05954	4.05954e+06	
18400	26.0689	23.4616	0	-3.22e-06	2.47214e-06	0	4.05954	4.05954e+06	
18500	25.6689	23.7687	0	-3.22e-06	2.47214e-06	0	4.05954	4.05954e+06	
18600	25.2689	23.9561	0	-3.22e-06	1.50888e-06	0	3.556	3.556e+06	
18700	24.8689	24.1436	0	-3.22e-06	1.50888e-06	0	3.556	3.556e+06	
18800	24.4689	24.331	0	-3.22e-06	1.50888e-06	0	3.556	3.556e+06	
18900	24.0689	24.5184	0	-3.22e-06	1.50888e-06	0	3.556	3.556e+06	
19000	23.6689	24.7059	0	-3.22e-06	1.50888e-06	0	3.556	3.556e+06	
19100	23.2689	24.7791	0	-3.22e-06	5.89046e-07	0	3.27343	3.27343e+06	
19200	22.8689	24.8522	0	-3.22e-06	5.89046e-07	0	3.27343	3.27343e+06	
19300	22.4689	24.9254	0	-3.22e-06	5.89046e-07	0	3.27343	3.27343e+06	
19400	22.0689	24.9986	0	-3.22e-06	5.89046e-07	0	3.27343	3.27343e+06	
19500	21.6689	25.0717	0	-3.22e-06	5.89046e-07	0	3.27343	3.27343e+06	
19600	21.314	25.2068	0	-2.85733e-06	1.08721e-06	0	3.05718	3.05718e+06	
19700	20.959	25.3419	0	-2.85733e-06	1.08721e-06	0	3.05718	3.05718e+06	
19800	20.6041	25.4769	0	-2.85733e-06	1.08721e-06	0	3.05718	3.05718e+06	
19900	20.2491	25.612	0	-2.85733e-06	1.08721e-06	0	3.05718	3.05718e+06	
20000	20.1155	25.7159	0	-2.85733e-06	1.08721e-06	0	3.05718	3.05718e+06	
20100	20.0875	25.4723	0	-3.22e-06	-1.67334e-06	0	3.62884	3.62884e+06	
20200	20.1074	25.3215	0	-3.22e-06	-1.67334e-06	0	3.62884	3.62884e+06	
20300	20.1259	25.1612	0	-3.22e-06	-1.67334e-06	0	3.62884	3.62884e+06	
20400	20.1326	24.9664	0	-3.22e-06	-1.67334e-06	0	3.62884	3.62884e+06	
20500	20.1174	24.7325	0	-3.22e-06	-1.67334e-06	0	3.62884	3.62884e+06	
20600	20.121	24.643	0	-1.44297e-06	-5.16275e-07	0	1.53255	1.53255e+06	
20700	20.108	24.5554	0	-1.44297e-06	-5.16275e-07	0	1.53255	1.53255e+06	
20800	20.1036	24.4847	0	-1.44297e-06	-5.16275e-07	0	1.53255	1.53255e+06	
20900	20.1073	24.4359	0	-1.44297e-06	-5.16275e-07	0	1.53255	1.53255e+06	
21000	20.1126	24.397	0	-1.44297e-06	-5.16275e-07	0	1.53255	1.53255e+06	
21100	20.1294	24.2945	0	-1.25905e-06	-1.03019e-06	0	1.62681	1.62681e+06	
21200	20.1422	24.1854	0	-1.25905e-06	-1.03019e-06	0	1.62681	1.62681e+06	
21300	20.1499	24.0672	0	-1.25905e-06	-1.03019e-06	0	1.62681	1.62681e+06	
21400	20.151	23.9396	0	-1.25905e-06	-1.03019e-06	0	1.62681	1.62681e+06	
21500	20.144	23.8029	0	-1.25905e-06	-1.03019e-06	0	1.62681	1.62681e+06	
21600	20.3056	23.9671	0	1.17873e-06	1.332e-06	0	1.77866	1.77866e+06	
21700	20.452	24.1325	0	1.17873e-06	1.332e-06	0	1.77866	1.77866e+06	
21800	20.5985	24.298	0	1.17873e-06	1.332e-06	0	1.77866	1.77866e+06	
21900	20.7449	24.4635	0	1.17873e-06	1.332e-06	0	1.77866	1.77866e+06	
22000	20.8913	24.6289	0	1.17873e-06	1.332e-06	0	1.77866	1.77866e+06	
22100	20.4913	24.6041	0	-3.22e-06	-2.00018e-07	0	3.22621	3.22621e+06	
22200	20.1058	24.5773	0	-3.22e-06	-2.00018e-07	0	3.22621	3.22621e+06	
22300	20.0875	24.5181	0	-3.22e-06	-2.00018e-07	0	3.22621	3.22621e+06	
22400	20.0871	24.4909	0	-3.22e-06	-2.00018e-07	0	3.22621	3.22621e+06	
22500	20.0874	24.4801	0	-3.22e-06	-2.00018e-07	0	3.22621	3.22621e+06	
22600	20.1302	24.3393	0	-7.93886e-07	-1.2666e-06	0	1.49483	1.49483e+06	
22700	20.1489	24.1964	0	-7.93886e-07	-1.2666e-06	0	1.49483	1.49483e+06	
22800	20.1592	24.0452	0	-7.93886e-07	-1.2666e-06	0	1.49483	1.49483e+06	
22900	20.159	23.8865	0	-7.93886e-07	-1.2666e-06	0	1.49483	1.49483e+06	
23000	20.1468	23.7214	0	-7.93886e-07	-1.2666e-06	0	1.49483	1.49483e+06	
23100	20.1066	23.5089	0	-1.05601e-06	-1.57835e-06	0	1.89904	1.89904e+06	
23200	20.0497	23.2917	0	-1.05601e-06	-1.57835e-06	0	1.89904	1.89904e+06	
23300	19.9702	23.0749	0	-1.05601e-06	-1.57835e-06	0	1.89904	1.89904e+06	
23400	19.8696	22.8626	0	-1.05601e-06	-1.57835e-06	0	1.89904	1.89904e+06	
23500	19.7522	22.6573	0	-1.05601e-06	-1.57835e-06	0	1.89904	1.89904e+06	
23600	19.714	22.5294	0	-3.29135e-07	-1.01159e-06	0	1.06379	1.06379e+06	
23700	19.6734	22.4036	0	-3.29135e-07	-1.01159e-06	0	1.06379	1.06379e+06	
23800	19.6325	22.2779	0	-3.29135e-07	-1.01159e-06	0	1.06379	1.06379e+06	
23900	19.5916	22.1523	0	-3.29135e-07	-1.01159e-06	0	1.06379	1.06379e+06	
24000	19.5507	22.0266	0	-3.29135e-07	-1.01159e-06	0	1.06379	1.06379e+06	
24100	19.4887	21.8753	0	-4.98895e-07	-1.21782e-06	0	1.31604	1.31604e+06	
24200	19.4268	21.724	0	-4.98895e-07	-1.21782e-06	0	1.31604	1.31604e+06	
24300	19.3648	21.5728	0	-4.98895e-07	-1.21782e-06	0	1.31604	1.31604e+06	
24400	19.3028	21.4215	0	-4.98895e-07	-1.21782e-06	0	1.31604	1.31604e+06	
24500	19.2408	21.2702	0	-4.98895e-07	-1.21782e-06	0	1.31604	1.31604e+06	
24600	18.8924	21.1828	0	-2.8051e-06	-7.03572e-07	0	2.89199	2.89199e+06	
24700	18.5439	21.0954	0	-2.8051e-06	-7.03572e-07	0	2.89199	2.89199e+06	
24800	18.1955	21.008	0	-2.8051e-06	-7.03572e-07	0	2.89199	2.89199e+06	
24900	17.847	20.9206	0	-2.8051e-06	-7.03572e-07	0	2.89199	2.89199e+06	
25000	17.4985	20.8332	0	-2.8051e-06	-7.03572e-07	0	2.89199	2.89199e+06	
25100	17.2401	21.2178	0	-2.08084e-06	3.09643e-06	0	3.73066	3.73066e+06	
25200	16.9816	21.6025	0	-2.08084e-06	3.09643e-06	0	3.73066	3.73066e+06	
25300	16.8087	21.8627	0	-2.08084e-06	3.09643e-06	0	3.73066	3.73066e+06	
25400	16.8091	21.863	0	-2.08084e-06	3.09643e-06	0	3.73066	3.73066e+06	
25500	16.8091	21.863	0	-2.08084e-06	3.09643e-06	0	3.73066	3.73066e+06	
25600	16.8351	21.8699	0	-6.82416e-07	3.22e-06	0	3.29152	3.29152e+06	
25700	16.8353	21.8699	0	-6.82416e-07	3.22e-06	0	3.29152	3.29152e+06	
25800	16.8353	21.8699	0	-6.82416e-07	3.22e-06	0	3.29152	3.29152e+06	
25900	16.8353	21.8699	0	-6.82416e-07	3.22e-06	0	3.29152	3.29152e+06	
26000	16.8353	21.8699	0	-6.82416e-07	3.22e-06	0	3.29152	3.29152e+06	
26100	16.8154	21.8592	0	-1.42194e-06	2.40556e-06	0	2.79439	2.79439e+06	
26200	16.8153	21.8591	0	-1.42194e-06	2.40556e-06	0	2.79439	2.79439e+06	
26300	16.8153	21.8591	0	-1.42194e-06	2.40556e-06	0	2.79439	2.79439e+06	
26400	16.8153	21.8591	0	-1.42194e-06	2.40556e-06	0	2.79439	2.79439e+06	
26500	16.8153	21.8591	0	-1.42194e-06	2.40556e-06	0	2.79439	2.79439e+06	
26600	16.795	21.8557	0	-3.22e-06	3.22e-06	0	4.55377	4.55377e+06	
26700	16.7949	21.8556	0	-3.22e-06	3.22e-06	0	4.55377	4.55377e+06	
26800	16.7949	21.8556	0	-3.22e-06	3.22e-06	0	4.55377	4.55377e+06	
26900	16.7949	21.8556	0	-3.22e-06	3.22e-06	0	4.55377	4.55377e+06	
27000	16.7949	21.8556	0	-3.22e-06	3.22e-06	0	4.55377	4.55377e+06	
27100	16.7949	21.8556	0	-3.22e-06	3.22e-06	0	4.55377	4.55377e+06	
27200	16.7949	21.8556	0	-3.22e-06	3.22e-06	0	4.55377	4.55377e+06	
27300	16.7949	21.8556	0	-3.22e-06	3.22e-06	0	4.55377	4.55377e+06	
27400	16.7949	21.8556	0	-3.22e-06	3.22e-06	0	4.55377	4.55377e+06	
27500	16.7949	21.8556	0	-3.22e-06	3.22e-06	0	4.55377	4.55377e+06	
27600	16.8362	21.87	0	-6.36069e-07	3.22e-06	0	3.28222	3.28222e+06	
27700	16.8366	21.8701	0	-6.36069e-07	3.22e-06	0	3.28222	3.28222e+06	
27800	16.8366	21.8701	0	-6.36069e-07	3.22e-06	0	3.28222	3.28222e+06	
27900	16.8366	21.8701	0	-6.36069e-07	3.22e-06	0	3.28222	3.28222e+06	
28000	16.8366	21.8701	0	-6.36069e-07	3.22e-06	0	3.28222	3.28222e+06	
28100	16.846	21.8706	0	-3.54641e-07	3.22e-06	0	3.23947	3.23947e+06	
28200	16.8464	21.8706	0	-3.54641e-07	3.22e-06	0	3.23947	3.23947e+06	
28300	16.8465	21.8706	0	-3.54641e-07	3.22e-06	0	3.23947	3.23947e+06	
28400	16.8465	21.8706	0	-3.54641e-07	3.22e-06	0	3.23947	3.23947e+06	
28500	16.8465	21.8706	0	-3.54641e-07	3.22e-06	0	3.23947	3.23947e+06	
28600	16.8573	21.8707	0	-1.26738e-07	3.22e-06	0	3.22249	3.22249e+06	
28700	16.8589	21.8707	0	-1.26738e-07	3.22e-06	0	3.22249	3.22249e+06	
28800	16.8592	21.8707	0	-1.26738e-07	3.22e-06	0	3.22249	3.22249e+06	
28900	16.8593	21.8707	0	-1.26738e-07	3.22e-06	0	3.22249	3.22249e+06	
29000	16.8593	21.8707	0	-1.26738e-07	3.22e-06	0	3.22249	3.22249e+06	
29100	16.807	21.8594	0	-2.08673e-06	2.79074e-06	0	3.48463	3.48463e+06	
29200	16.8069	21.8593	0	-2.08673e-06	2.79074e-06	0	3.48463	3.48463e+06	
29300	16.8069	21.8593	0	-2.08673e-06	2.79074e-06	0	3.48463	3.48463e+06	
29400	16.8069	21.8593	0	-2.08673e-06	2.79074e-06	0	3.48463	3.48463e+06	
29500	16.8069	21.8593	0	-2.08673e-06	2.79074e-06	0	3.48463	3.48463e+06	
29600	16.8093	21.8598	0	-1.89826e-06	2.72086e-06	0	3.31761	3.31761e+06	
29700	16.8093	21.8598	0	-1.89826e-06	2.72086e-06	0	3.31761	3.31761e+06	
29800	16.8093	21.8598	0	-1.89826e-06	2.72086e-06	0	3.31761	3.31761e+06	
29900	16.8093	21.8598	0	-1.89826e-06	2.72086e-06	0	3.31761	3.31761e+06	
30000	16.8093	21.8598	0	-1.89826e-06	2.72086e-06	0	3.31761	3.31761e+06	
30100	16.8268	21.8689	0	-1.03714e-06	3.22e-06	0	3.38291	3.38291e+06	
30200	16.8268	21.8689	0	-1.03714e-06	3.22e-06	0	3.38291	3.38291e+06	
30300	16.8268	21.8689	0	-1.03714e-06	3.22e-06	0	3.38291	3.38291e+06	
30400	16.8268	21.8689	0	-1.03714e-06	3.22e-06	0	3.38291	3.38291e+06	
30500	16.8268	21.8689	0	-1.03714e-06	3.22e-06	0	3.38291	3.38291e+06	
30600	16.8551	21.8707	0	-1.39709e-07	3.22e-06	0	3.22303	3.22303e+06	
30700	16.8578	21.8707	0	-1.39709e-07	3.22e-06	0	3.22303	3.22303e+06	
30800	16.8582	21.8707	0	-1.39709e-07	3.22e-06	0	3.22303	3.22303e+06	
30900	16.8583	21.8707	0	-1.39709e-07	3.22e-06	0	3.22303	3.22303e+06	
31000	16.8583	21.8707	0	-1.39709e-07	3.22e-06	0	3.22303	3.22303e+06	
31100	16.8636	21.8706	0	-5.69205e-08	3.22e-06	0	3.2205	3.2205e+06	
31200	16.8649	21.8706	0	-5.69205e-08	3.22e-06	0	3.2205	3.2205e+06	
31300	16.8653	21.8706	0	-5.69205e-08	3.22e-06	0	3.2205	3.2205e+06	
31400	16.8654	21.8706	0	-5.69205e-08	3.22e-06	0	3.2205	3.2205e+06	
31500	16.8654	21.8706	0	-5.69205e-08	3.22e-06	0	3.2205	3.2205e+06	
31600	16.9356	21.8543	0	5.86661e-07	1.59307e-06	0	1.69766	1.69766e+06	
31700	17.006	21.8532	0	5.86661e-07	1.59307e-06	0	1.69766	1.69766e+06	
31800	17.0829	21.8545	0	5.86661e-07	1.59307e-06	0	1.69766	1.69766e+06	
31900	17.1669	21.8591	0	5.86661e-07	1.59307e-06	0	1.69766	1.69766e+06	
32000	17.2584	21.8677	0	5.86661e-07	1.59307e-06	0	1.69766	1.69766e+06	
32100	17.5496	21.9021	0	2.20208e-06	2.03113e-06	0	2.99577	2.99577e+06	
32200	17.785	21.8709	0	2.20208e-06	2.03113e-06	0	2.99577	2.99577e+06	
32300	18.0474	21.8583	0	2.20208e-06	2.03113e-06	0	2.99577	2.99577e+06	
32400	18.341	21.8816	0	2.20208e-06	2.03113e-06	0	2.99577	2.99577e+06	
32500	18.6571	21.9521	0	2.20208e-06	2.03113e-06	0	2.99577	2.99577e+06	
32600	18.9654	21.9463	0	2.42541e-06	1.17437e-07	0	2.42825	2.42825e+06	
32700	19.2667	21.9608	0	2.42541e-06	1.17437e-07	0	2.42825	2.42825e+06	
32800	19.568	21.9754	0	2.42541e-06	1.17437e-07	0	2.42825	2.42825e+06	
32900	19.8693	21.99	0	2.42541e-06	1.17437e-07	0	2.42825	2.42825e+06	
33000	20.1706	22.0046	0	2.42541e-06	1.17437e-07	0	2.42825	2.42825e+06	
33100	20.5706	21.7782	0	3.22e-06	-1.82249e-06	0	3.69998	3.69998e+06	
33200	20.9706	21.5518	0	3.22e-06	-1.82249e-06	0	3.69998	3.69998e+06	
33300	21.3706	21.3254	0	3.22e-06	-1.82249e-06	0	3.69998	3.69998e+06	
33400	21.7706	21.099	0	3.22e-06	-1.82249e-06	0	3.69998	3.69998e+06	
33500	22.1706	20.8726	0	3.22e-06	-1.82249e-06	0	3.69998	3.69998e+06	
33600	22.5706	20.7753	0	3.22e-06	-7.82916e-07	0	3.31381	3.31381e+06	
33700	22.9706	20.6781	0	3.22e-06	-7.82916e-07	0	3.31381	3.31381e+06	
33800	23.3706	20.5808	0	3.22e-06	-7.82916e-07	0	3.31381	3.31381e+06	
33900	23.7706	20.4836	0	3.22e-06	-7.82916e-07	0	3.31381	3.31381e+06	
34000	24.1706	20.3863	0	3.22e-06	-7.82916e-07	0	3.31381	3.31381e+06	
34100	24.5706	20.403	0	3.22e-06	1.34318e-07	0	3.2228	3.2228e+06	
34200	24.9706	20.4197	0	3.22e-06	1.34318e-07	0	3.2228	3.2228e+06	
34300	25.3706	20.4364	0	3.22e-06	1.34318e-07	0	3.2228	3.2228e+06	
34400	25.7706	20.453	0	3.22e-06	1.34318e-07	0	3.2228	3.2228e+06	
34500	26.1706	20.4697	0	3.22e-06	1.34318e-07	0	3.2228	3.2228e+06	
34600	26.5706	20.5728	0	3.22e-06	8.29442e-07	0	3.32511	3.32511e+06	
34700	26.9706	20.6758	0	3.22e-06	8.29442e-07	0	3.32511	3.32511e+06	
34800	27.3706	20.7788	0	3.22e-06	8.29442e-07	0	3.32511	3.32511e+06	
34900	27.7706	20.8819	0	3.22e-06	8.29442e-07	0	3.32511	3.32511e+06	
35000	28.1706	20.9849	0	3.22e-06	8.29442e-07	0	3.32511	3.32511e+06	
35100	28.2816	21.0801	0	8.93902e-07	7.66386e-07	0	1.17746	1.17746e+06	
35200	28.3927	21.1753	0	8.93902e-07	7.66386e-07	0	1.17746	1.17746e+06	
35300	28.5037	21.2705	0	8.93902e-07	7.66386e-07	0	1.17746	1.17746e+06	
35400	28.6148	21.3657	0	8.93902e-07	7.66386e-07	0	1.17746	1.17746e+06	
35500	28.7258	21.4609	0	8.93902e-07	7.66386e-07	0	1.17746	1.17746e+06	
35600	28.7234	21.6827	0	-1.9077e-08	1.78546e-06	0	1.78556	1.78556e+06	
35700	28.7208	21.9045	0	-1.9077e-08	1.78546e-06	0	1.78556	1.78556e+06	
35800	28.7182	22.1263	0	-1.9077e-08	1.78546e-06	0	1.78556	1.78556e+06	
35900	28.7158	22.3481	0	-1.9077e-08	1.78546e-06	0	1.78556	1.78556e+06	
36000	28.7133	22.5699	0	-1.9077e-08	1.78546e-06	0	1.78556	1.78556e+06	
36100	28.8513	22.9678	0	1.47506e-06	3.22e-06	0	3.54178	3.54178e+06	
36200	28.8771	23.3792	0	1.47506e-06	3.22e-06	0	3.54178	3.54178e+06	
36300	28.9783	23.8012	0	1.47506e-06	3.22e-06	0	3.54178	3.54178e+06	
36400	29.1404	24.2112	0	1.47506e-06	3.22e-06	0	3.54178	3.54178e+06	
36500	29.3226	24.612	0	1.47506e-06	3.22e-06	0	3.54178	3.54178e+06	
36600	29.1231	24.9582	0	-1.60652e-06	2.78731e-06	0	3.21714	3.21714e+06	
36700	28.9235	25.3045	0	-1.60652e-06	2.78731e-06	0	3.21714	3.21714e+06	
36800	28.7239	25.6507	0	-1.60652e-06	2.78731e-06	0	3.21714	3.21714e+06	
36900	28.5244	25.997	0	-1.60652e-06	2.78731e-06	0	3.21714	3.21714e+06	
37000	28.3248	26.3432	0	-1.60652e-06	2.78731e-06	0	3.21714	3.21714e+06	
37100	27.9897	26.4296	0	-2.6976e-06	6.95638e-07	0	2.78585	2.78585e+06	
37200	27.6546	26.5161	0	-2.6976e-06	6.95638e-07	0	2.78585	2.78585e+06	
37300	27.3195	26.6025	0	-2.6976e-06	6.95638e-07	0	2.78585	2.78585e+06	
37400	26.9844	26.6889	0	-2.6976e-06	6.95638e-07	0	2.78585	2.78585e+06	
37500	26.6493	26.7753	0	-2.6976e-06	6.95638e-07	0	2.78585	2.78585e+06	
37600	26.3971	26.6907	0	-2.03012e-06	-6.81086e-07	0	2.14132	2.14132e+06	
37700	26.1449	26.6061	0	-2.03012e-06	-6.81086e-07	0	2.14132	2.14132e+06	
37800	25.8927	26.5215	0	-2.03012e-06	-6.81086e-07	0	2.14132	2.14132e+06	
37900	25.6405	26.4369	0	-2.03012e-06	-6.81086e-07	0	2.14132	2.14132e+06	
38000	25.3883	26.3523	0	-2.03012e-06	-6.81086e-07	0	2.14132	2.14132e+06	
38100	25.2684	25.9523	0	-9.64969e-07	-3.22e-06	0	3.36148	3.36148e+06	
38200	25.1486	25.5523	0	-9.64969e-07	-3.22e-06	0	3.36148	3.36148e+06	
38300	25.0287	25.1523	0	-9.64969e-07	-3.22e-06	0	3.36148	3.36148e+06	
38400	24.9088	24.7523	0	-9.64969e-07	-3.22e-06	0	3.36148	3.36148e+06	
38500	24.789	24.3523	0	-9.64969e-07	-3.22e-06	0	3.36148	3.36148e+06	
38600	24.8519	23.9523	0	5.06443e-07	-3.22e-06	0	3.25958	3.25958e+06	
38700	24.9148	23.5523	0	5.06443e-07	-3.22e-06	0	3.25958	3.25958e+06	
38800	24.9777	23.1523	0	5.06443e-07	-3.22e-06	0	3.25958	3.25958e+06	
38900	25.0406	22.7523	0	5.06443e-07	-3.22e-06	0	3.25958	3.25958e+06	
39000	25.1035	22.3523	0	5.06443e-07	-3.22e-06	0	3.25958	3.25958e+06	
39100	25.1436	22.1926	0	3.22873e-07	-1.28511e-06	0	1.32505	1.32505e+06	
39200	25.1837	22.033	0	3.22873e-07	-1.28511e-06	0	1.32505	1.32505e+06	
39300	25.2238	21.8733	0	3.22873e-07	-1.28511e-06	0	1.32505	1.32505e+06	
39400	25.264	21.7137	0	3.22873e-07	-1.28511e-06	0	1.32505	1.32505e+06	
39500	25.3041	21.5541	0	3.22873e-07	-1.28511e-06	0	1.32505	1.32505e+06	
39600	25.2849	21.1547	0	-1.54359e-07	-3.21505e-06	0	3.21875	3.21875e+06	
39700	25.2657	20.7553	0	-1.54359e-07	-3.21505e-06	0	3.21875	3.21875e+06	
39800	25.2465	20.3559	0	-1.54359e-07	-3.21505e-06	0	3.21875	3.21875e+06	
39900	25.2274	19.9565	0	-1.54359e-07	-3.21505e-06	0	3.21875	3.21875e+06	
40000	25.2082	19.5571	0	-1.54359e-07	-3.21505e-06	0	3.21875	3.21875e+06	
40100	25.3019	19.1571	0	7.54349e-07	-3.22e-06	0	3.30718	3.30718e+06	
40200	25.3956	18.7571	0	7.54349e-07	-3.22e-06	0	3.30718	3.30718e+06	
40300	25.4893	18.3571	0	7.54349e-07	-3.22e-06	0	3.30718	3.30718e+06	
40400	25.583	17.9571	0	7.54349e-07	-3.22e-06	0	3.30718	3.30718e+06	
40500	25.6767	17.5571	0	7.54349e-07	-3.22e-06	0	3.30718	3.30718e+06	
40600	25.8773	17.1571	0	1.61502e-06	-3.22e-06	0	3.60232	3.60232e+06	
40700	26.078	16.7571	0	1.61502e-06	-3.22e-06	0	3.60232	3.60232e+06	
40800	26.2786	16.3571	0	1.61502e-06	-3.22e-06	0	3.60232	3.60232e+06	
40900	26.4792	15.9571	0	1.61502e-06	-3.22e-06	0	3.60232	3.60232e+06	
41000	26.6798	15.5571	0	1.61502e-06	-3.22e-06	0	3.60232	3.60232e+06	
41100	26.2798	15.324	0	-3.22e-06	-1.87642e-06	0	3.72684	3.72684e+06	
41200	25.8798	15.0909	0	-3.22e-06	-1.87642e-06	0	3.72684	3.72684e+06	
41300	25.4798	14.8579	0	-3.22e-06	-1.87642e-06	0	3.72684	3.72684e+06	
41400	25.0798	14.6248	0	-3.22e-06	-1.87642e-06	0	3.72684	3.72684e+06	
41500	24.6798	14.3917	0	-3.22e-06	-1.87642e-06	0	3.72684	3.72684e+06	
41600	24.5531	14.2938	0	-1.02025e-06	-7.87775e-07	0	1.28899	1.28899e+06	
41700	24.4264	14.1959	0	-1.02025e-06	-7.87775e-07	0	1.28899	1.28899e+06	
41800	24.2996	14.0981	0	-1.02025e-06	-7.87775e-07	0	1.28899	1.28899e+06	
41900	24.1729	14.0002	0	-1.02025e-06	-7.87775e-07	0	1.28899	1.28899e+06	
42000	24.0462	13.9024	0	-1.02025e-06	-7.87775e-07	0	1.28899	1.28899e+06	
42100	23.6462	13.9719	0	-3.22e-06	5.59808e-07	0	3.2683	3.2683e+06	
42200	23.2462	14.0414	0	-3.22e-06	5.59808e-07	0	3.2683	3.2683e+06	
42300	22.8462	14.111	0	-3.22e-06	5.59808e-07	0	3.2683	3.2683e+06	
42400	22.4462	14.1805	0	-3.22e-06	5.59808e-07	0	3.2683	3.2683e+06	
42500	22.0462	14.2501	0	-3.22e-06	5.59808e-07	0	3.2683	3.2683e+06	
42600	21.783	14.0867	0	-2.11798e-06	-1.31484e-06	0	2.49292	2.49292e+06	
42700	21.5199	13.9234	0	-2.11798e-06	-1.31484e-06	0	2.49292	2.49292e+06	
42800	21.2568	13.7601	0	-2.11798e-06	-1.31484e-06	0	2.49292	2.49292e+06	
42900	20.9937	13.5967	0	-2.11798e-06	-1.31484e-06	0	2.49292	2.49292e+06	
43000	20.7306	13.4334	0	-2.11798e-06	-1.31484e-06	0	2.49292	2.49292e+06	
43100	20.3508	13.7499	0	-3.05798e-06	2.54754e-06	0	3.9801	3.9801e+06	
43200	19.9709	14.0663	0	-3.05798e-06	2.54754e-06	0	3.9801	3.9801e+06	
43300	19.591	14.3828	0	-3.05798e-06	2.54754e-06	0	3.9801	3.9801e+06	
43400	19.2111	14.6993	0	-3.05798e-06	2.54754e-06	0	3.9801	3.9801e+06	
43500	18.8313	15.0157	0	-3.05798e-06	2.54754e-06	0	3.9801	3.9801e+06	
43600	19.2313	14.6157	0	3.22e-06	-3.22e-06	0	4.55377	4.55377e+06	
43700	19.6313	14.2157	0	3.22e-06	-3.22e-06	0	4.55377	4.55377e+06	
43800	20.0313	13.8157	0	3.22e-06	-3.22e-06	0	4.55377	4.55377e+06	
43900	20.4313	13.4157	0	3.22e-06	-3.22e-06	0	4.55377	4.55377e+06	
44000	20.8313	13.0157	0	3.22e-06	-3.22e-06	0	4.55377	4.55377e+06	
44100	20.6349	13.2362	0	-1.58067e-06	1.77506e-06	0	2.37684	2.37684e+06	
44200	20.4386	13.4567	0	-1.58067e-06	1.77506e-06	0	2.37684	2.37684e+06	
44300	20.2422	13.6772	0	-1.58067e-06	1.77506e-06	0	2.37684	2.37684e+06	
44400	20.0458	13.8977	0	-1.58067e-06	1.77506e-06	0	2.37684	2.37684e+06	
44500	19.8495	14.1182	0	-1.58067e-06	1.77506e-06	0	2.37684	2.37684e+06	
44600	20.1638	13.8086	0	2.5305e-06	-2.49279e-06	0	3.5521	3.5521e+06	
44700	20.4782	13.4989	0	2.5305e-06	-2.49279e-06	0	3.5521	3.5521e+06	
44800	20.7925	13.1893	0	2.5305e-06	-2.49279e-06	0	3.5521	3.5521e+06	
44900	21.1069	12.8796	0	2.5305e-06	-2.49279e-06	0	3.5521	3.5521e+06	
45000	21.4212	12.5699	0	2.5305e-06	-2.49279e-06	0	3.5521	3.5521e+06	
45100	21.2293	12.9699	0	-1.5453e-06	3.22e-06	0	3.5716	3.5716e+06	
45200	21.0373	13.3699	0	-1.5453e-06	3.22e-06	0	3.5716	3.5716e+06	
45300	20.8453	13.7699	0	-1.5453e-06	3.22e-06	0	3.5716	3.5716e+06	
45400	20.6534	14.1699	0	-1.5453e-06	3.22e-06	0	3.5716	3.5716e+06	
45500	20.4614	14.5699	0	-1.5453e-06	3.22e-06	0	3.5716	3.5716e+06	
45600	20.4039	14.513	0	-4.63221e-07	-4.58512e-07	0	0.651772	651772	
45700	20.3463	14.456	0	-4.63221e-07	-4.58512e-07	0	0.651772	651772	
45800	20.2888	14.3991	0	-4.63221e-07	-4.58512e-07	0	0.651772	651772	
45900	20.2312	14.3421	0	-4.63221e-07	-4.58512e-07	0	0.651772	651772	
46000	20.1737	14.2851	0	-4.63221e-07	-4.58512e-07	0	0.651772	651772	
46100	20.3465	14.3768	0	1.3909e-06	7.37767e-07	0	1.57446	1.57446e+06	
46200	20.5193	14.4684	0	1.3909e-06	7.37767e-07	0	1.57446	1.57446e+06	
46300	20.692	14.5601	0	1.3909e-06	7.37767e-07	0	1.57446	1.57446e+06	
46400	20.8648	14.6517	0	1.3909e-06	7.37767e-07	0	1.57446	1.57446e+06	
46500	21.0376	14.7434	0	1.3909e-06	7.37767e-07	0	1.57446	1.57446e+06	
46600	20.9823	14.9875	0	-4.45366e-07	1.96531e-06	0	2.01514	2.01514e+06	
46700	20.927	15.2317	0	-4.45366e-07	1.96531e-06	0	2.01514	2.01514e+06	
46800	20.8716	15.4758	0	-4.45366e-07	1.96531e-06	0	2.01514	2.01514e+06	
46900	20.8163	15.7199	0	-4.45366e-07	1.96531e-06	0	2.01514	2.01514e+06	
47000	20.761	15.9641	0	-4.45366e-07	1.96531e-06	0	2.01514	2.01514e+06	
47100	20.9461	16.0478	0	1.48984e-06	6.73893e-07	0	1.63516	1.63516e+06	
47200	21.1311	16.1315	0	1.48984e-06	6.73893e-07	0	1.63516	1.63516e+06	
47300	21.3162	16.2152	0	1.48984e-06	6.73893e-07	0	1.63516	1.63516e+06	
47400	21.5013	16.2989	0	1.48984e-06	6.73893e-07	0	1.63516	1.63516e+06	
47500	21.6864	16.3826	0	1.48984e-06	6.73893e-07	0	1.63516	1.63516e+06	
47600	21.7806	16.6095	0	7.58457e-07	1.82648e-06	0	1.9777	1.9777e+06	
47700	21.8748	16.8364	0	7.58457e-07	1.82648e-06	0	1.9777	1.9777e+06	
47800	21.969	17.0633	0	7.58457e-07	1.82648e-06	0	1.9777	1.9777e+06	
47900	22.0632	17.2902	0	7.58457e-07	1.82648e-06	0	1.9777	1.9777e+06	
48000	22.1574	17.5171	0	7.58457e-07	1.82648e-06	0	1.9777	1.9777e+06	
48100	22.531	17.9171	0	3.0068e-06	3.22e-06	0	4.40559	4.40559e+06	
48200	22.9045	18.3171	0	3.0068e-06	3.22e-06	0	4.40559	4.40559e+06	
48300	23.278	18.7171	0	3.0068e-06	3.22e-06	0	4.40559	4.40559e+06	
48400	23.6515	19.1171	0	3.0068e-06	3.22e-06	0	4.40559	4.40559e+06	
48500	24.025	19.5171	0	3.0068e-06	3.22e-06	0	4.40559	4.40559e+06	
48600	24.425	19.9171	0	3.22e-06	3.22e-06	0	4.55377	4.55377e+06	
48700	24.825	20.3171	0	3.22e-06	3.22e-06	0	4.55377	4.55377e+06	
48800	25.225	20.7171	0	3.22e-06	3.22e-06	0	4.55377	4.55377e+06	
48900	25.625	21.1171	0	3.22e-06	3.22e-06	0	4.55377	4.55377e+06	
49000	26.025	21.5171	0	3.22e-06	3.22e-06	0	4.55377	4.55377e+06	
49100	26.3648	21.9171	0	2.73497e-06	3.22e-06	0	4.22475	4.22475e+06	
49200	26.7045	22.3171	0	2.73497e-06	3.22e-06	0	4.22475	4.22475e+06	
49300	27.0443	22.7171	0	2.73497e-06	3.22e-06	0	4.22475	4.22475e+06	
49400	27.384	23.1171	0	2.73497e-06	3.22e-06	0	4.22475	4.22475e+06	
49500	27.7238	23.5171	0	2.73497e-06	3.22e-06	0	4.22475	4.22475e+06	
49600	27.4358	23.9171	0	-2.31797e-06	3.22e-06	0	3.96754	3.96754e+06	
49700	27.1479	24.3171	0	-2.31797e-06	3.22e-06	0	3.96754	3.96754e+06	
49800	26.8599	24.7171	0	-2.31797e-06	3.22e-06	0	3.96754	3.96754e+06	
49900	26.572	25.1171	0	-2.31797e-06	3.22e-06	0	3.96754	3.96754e+06	
50000	26.284	25.5171	0	-2.31797e-06	3.22e-06	0	3.96754	3.96754e+06	
