0	63	63	0	-3.22e-06	-2.38117e-06	0	4.0048	4.0048e+06	
100	62.6	62.7353	0	-3.22e-06	-2.13057e-06	0	3.86106	3.86106e+06	
200	62.2	62.4707	0	-3.22e-06	-2.13057e-06	0	3.86106	3.86106e+06	
300	61.8	62.206	0	-3.22e-06	-2.13057e-06	0	3.86106	3.86106e+06	
400	61.4	61.9413	0	-3.22e-06	-2.13057e-06	0	3.86106	3.86106e+06	
500	61	61.6767	0	-3.22e-06	-2.13057e-06	0	3.86106	3.86106e+06	
600	60.6	61.518	0	-3.22e-06	-1.27744e-06	0	3.46414	3.46414e+06	
700	60.2	61.3593	0	-3.22e-06	-1.27744e-06	0	3.46414	3.46414e+06	
800	59.8	61.2006	0	-3.22e-06	-1.27744e-06	0	3.46414	3.46414e+06	
900	59.4	61.0419	0	-3.22e-06	-1.27744e-06	0	3.46414	3.46414e+06	
1000	59	60.8832	0	-3.22e-06	-1.27744e-06	0	3.46414	3.46414e+06	
1100	58.6	60.8395	0	-3.22e-06	-3.5188e-07	0	3.23917	3.23917e+06	
1200	58.2	60.7958	0	-3.22e-06	-3.5188e-07	0	3.23917	3.23917e+06	
1300	57.8	60.7521	0	-3.22e-06	-3.5188e-07	0	3.23917	3.23917e+06	
1400	57.4	60.7084	0	-3.22e-06	-3.5188e-07	0	3.23917	3.23917e+06	
1500	57	60.6647	0	-3.22e-06	-3.5188e-07	0	3.23917	3.23917e+06	
1600	56.6	60.8947	0	-3.22e-06	1.85157e-06	0	3.71439	3.71439e+06	
1700	56.2	61.1247	0	-3.22e-06	1.85157e-06	0	3.71439	3.71439e+06	
1800	55.8	61.3547	0	-3.22e-06	1.85157e-06	0	3.71439	3.71439e+06	
1900	55.4	61.5847	0	-3.22e-06	1.85157e-06	0	3.71439	3.71439e+06	
2000	55	61.8147	0	-3.22e-06	1.85157e-06	0	3.71439	3.71439e+06	
2100	54.6	61.9711	0	-3.22e-06	1.25926e-06	0	3.45747	3.45747e+06	
2200	54.2	62.1276	0	-3.22e-06	1.25926e-06	0	3.45747	3.45747e+06	
2300	53.8	62.284	0	-3.22e-06	1.25926e-06	0	3.45747	3.45747e+06	
2400	53.4	62.4404	0	-3.22e-06	1.25926e-06	0	3.45747	3.45747e+06	
2500	53	62.5969	0	-3.22e-06	1.25926e-06	0	3.45747	3.45747e+06	
2600	52.6	62.5814	0	-3.22e-06	-1.24484e-07	0	3.22241	3.22241e+06	
2700	52.2	62.5659	0	-3.22e-06	-1.24484e-07	0	3.22241	3.22241e+06	
2800	51.8	62.5505	0	-3.22e-06	-1.24484e-07	0	3.22241	3.22241e+06	
2900	51.4	62.535	0	-3.22e-06	-1.24484e-07	0	3.22241	3.22241e+06	
3000	51	62.5195	0	-3.22e-06	-1.24484e-07	0	3.22241	3.22241e+06	
3100	50.6	62.6613	0	-3.22e-06	1.14078e-06	0	3.41611	3.41611e+06	
3200	50.2	62.803	0	-3.22e-06	1.14078e-06	0	3.41611	3.41611e+06	
3300	49.8	62.9447	0	-3.22e-06	1.14078e-06	0	3.41611	3.41611e+06	
3400	49.4	63.0864	0	-3.22e-06	1.14078e-06	0	3.41611	3.41611e+06	
3500	49	63.2281	0	-3.22e-06	1.14078e-06	0	3.41611	3.41611e+06	
3600	48.6	63.1166	0	-3.22e-06	-8.97396e-07	0	3.34271	3.34271e+06	
3700	48.2	63.0051	0	-3.22e-06	-8.97396e-07	0	3.34271	3.34271e+06	
3800	47.8	62.8937	0	-3.22e-06	-8.97396e-07	0	3.34271	3.34271e+06	
3900	47.4	62.7822	0	-3.22e-06	-8.97396e-07	0	3.34271	3.34271e+06	
4000	47	62.6707	0	-3.22e-06	-8.97396e-07	0	3.34271	3.34271e+06	
4100	46.6135	62.8564	0	-3.11101e-06	1.49464e-06	0	3.45143	3.45143e+06	
4200	46.2271	63.042	0	-3.11101e-06	1.49464e-06	0	3.45143	3.45143e+06	
4300	45.8406	63.2277	0	-3.11101e-06	1.49464e-06	0	3.45143	3.45143e+06	
4400	45.4542	63.4134	0	-3.11101e-06	1.49464e-06	0	3.45143	3.45143e+06	
4500	45.0677	63.5991	0	-3.11101e-06	1.49464e-06	0	3.45143	3.45143e+06	
4600	44.7603	63.9354	0	-2.47474e-06	2.70767e-06	0	3.66821	3.66821e+06	
4700	44.4529	64.2718	0	-2.47474e-06	2.70767e-06	0	3.66821	3.66821e+06	
4800	44.1454	64.6081	0	-2.47474e-06	2.70767e-06	0	3.66821	3.66821e+06	
4900	43.838	64.9445	0	-2.47474e-06	2.70767e-06	0	3.66821	3.66821e+06	
5000	43.5306	65.2808	0	-2.47474e-06	2.70767e-06	0	3.66821	3.66821e+06	
5100	43.1306	65.0796	0	-3.22e-06	-1.6202e-06	0	3.60464	3.60464e+06	
5200	42.7306	64.8783	0	-3.22e-06	-1.6202e-06	0	3.60464	3.60464e+06	
5300	42.3306	64.677	0	-3.22e-06	-1.6202e-06	0	3.60464	3.60464e+06	
5400	41.9306	64.4758	0	-3.22e-06	-1.6202e-06	0	3.60464	3.60464e+06	
5500	41.5306	64.2745	0	-3.22e-06	-1.6202e-06	0	3.60464	3.60464e+06	
5600	41.3618	64.3948	0	-1.35839e-06	9.68437e-07	0	1.66826	1.66826e+06	
5700	41.1931	64.5151	0	-1.35839e-06	9.68437e-07	0	1.66826	1.66826e+06	
5800	41.0244	64.6354	0	-1.35839e-06	9.68437e-07	0	1.66826	1.66826e+06	
5900	40.8556	64.7557	0	-1.35839e-06	9.68437e-07	0	1.66826	1.66826e+06	
6000	40.6869	64.876	0	-1.35839e-06	9.68437e-07	0	1.66826	1.66826e+06	
6100	40.5406	64.5918	0	-1.17769e-06	-2.28772e-06	0	2.57306	2.57306e+06	
6200	40.3943	64.3076	0	-1.17769e-06	-2.28772e-06	0	2.57306	2.57306e+06	
6300	40.248	64.0235	0	-1.17769e-06	-2.28772e-06	0	2.57306	2.57306e+06	
6400	40.1017	63.7393	0	-1.17769e-06	-2.28772e-06	0	2.57306	2.57306e+06	
6500	39.9554	63.4551	0	-1.17769e-06	-2.28772e-06	0	2.57306	2.57306e+06	
6600	39.934	63.4039	0	-1.72067e-07	-4.12291e-07	0	0.446756	446756	
6700	39.9126	63.3526	0	-1.72067e-07	-4.12291e-07	0	0.446756	446756	
6800	39.8913	63.3014	0	-1.72067e-07	-4.12291e-07	0	0.446756	446756	
6900	39.8699	63.2502	0	-1.72067e-07	-4.12291e-07	0	0.446756	446756	
7000	39.8485	63.199	0	-1.72067e-07	-4.12291e-07	0	0.446756	446756	
7100	39.6921	63.0906	0	-1.25887e-06	-8.72279e-07	0	1.53154	1.53154e+06	
7200	39.5358	62.9823	0	-1.25887e-06	-8.72279e-07	0	1.53154	1.53154e+06	
7300	39.3794	62.8739	0	-1.25887e-06	-8.72279e-07	0	1.53154	1.53154e+06	
7400	39.223	62.7656	0	-1.25887e-06	-8.72279e-07	0	1.53154	1.53154e+06	
7500	39.0666	62.6572	0	-1.25887e-06	-8.72279e-07	0	1.53154	1.53154e+06	
7600	38.903	62.4612	0	-1.31703e-06	-1.57802e-06	0	2.05541	2.05541e+06	
7700	38.7394	62.2651	0	-1.31703e-06	-1.57802e-06	0	2.05541	2.05541e+06	
7800	38.5758	62.0691	0	-1.31703e-06	-1.57802e-06	0	2.05541	2.05541e+06	
7900	38.4122	61.8731	0	-1.31703e-06	-1.57802e-06	0	2.05541	2.05541e+06	
8000	38.2486	61.6771	0	-1.31703e-06	-1.57802e-06	0	2.05541	2.05541e+06	
8100	37.9632	61.8141	0	-2.29718e-06	1.10311e-06	0	2.5483	2.5483e+06	
8200	37.6779	61.9511	0	-2.29718e-06	1.10311e-06	0	2.5483	2.5483e+06	
8300	37.3925	62.0882	0	-2.29718e-06	1.10311e-06	0	2.5483	2.5483e+06	
8400	37.1071	62.2252	0	-2.29718e-06	1.10311e-06	0	2.5483	2.5483e+06	
8500	36.8218	62.3622	0	-2.29718e-06	1.10311e-06	0	2.5483	2.5483e+06	
8600	36.4225	62.7622	0	-3.21423e-06	3.22e-06	0	4.54969	4.54969e+06	
8700	36.0232	63.1622	0	-3.21423e-06	3.22e-06	0	4.54969	4.54969e+06	
8800	35.6239	63.5622	0	-3.21423e-06	3.22e-06	0	4.54969	4.54969e+06	
8900	35.2246	63.9622	0	-3.21423e-06	3.22e-06	0	4.54969	4.54969e+06	
9000	34.8253	64.3622	0	-3.21423e-06	3.22e-06	0	4.54969	4.54969e+06	
9100	34.5076	64.7256	0	-2.55749e-06	2.92487e-06	0	3.88531	3.88531e+06	
9200	34.1899	65.0889	0	-2.55749e-06	2.92487e-06	0	3.88531	3.88531e+06	
9300	33.8722	65.4522	0	-2.55749e-06	2.92487e-06	0	3.88531	3.88531e+06	
9400	33.5545	65.8153	0	-2.55749e-06	2.92487e-06	0	3.88531	3.88531e+06	
9500	33.2758	65.8852	0	-2.55749e-06	2.92487e-06	0	3.88531	3.88531e+06	
9600	33.4666	65.9066	0	1.19972e-06	2.6435e-06	0	2.903	2.903e+06	
9700	33.5932	65.9015	0	1.19972e-06	2.6435e-06	0	2.903	2.903e+06	
9800	33.6908	65.8867	0	1.19972e-06	2.6435e-06	0	2.903	2.903e+06	
9900	33.7991	65.8735	0	1.19972e-06	2.6435e-06	0	2.903	2.903e+06	
10000	33.9261	65.8649	0	1.19972e-06	2.6435e-06	0	2.903	2.903e+06	
10100	34.0838	65.8686	0	1.26607e-06	3.22e-06	0	3.45996	3.45996e+06	
10200	34.2723	65.8835	0	1.26607e-06	3.22e-06	0	3.45996	3.45996e+06	
10300	34.4784	65.9118	0	1.26607e-06	3.22e-06	0	3.45996	3.45996e+06	
10400	34.6014	65.9041	0	1.26607e-06	3.22e-06	0	3.45996	3.45996e+06	
10500	34.6965	65.8897	0	1.26607e-06	3.22e-06	0	3.45996	3.45996e+06	
10600	34.7226	65.8856	0	6.45241e-07	3.22e-06	0	3.28401	3.28401e+06	
10700	34.7534	65.8818	0	6.45241e-07	3.22e-06	0	3.28401	3.28401e+06	
10800	34.7903	65.8779	0	6.45241e-07	3.22e-06	0	3.28401	3.28401e+06	
10900	34.8348	65.8739	0	6.45241e-07	3.22e-06	0	3.28401	3.28401e+06	
11000	34.8886	65.8704	0	6.45241e-07	3.22e-06	0	3.28401	3.28401e+06	
11100	34.8651	65.8715	0	-4.42257e-09	3.22e-06	0	3.22	3.22e+06	
11200	34.8368	65.8734	0	-4.42257e-09	3.22e-06	0	3.22	3.22e+06	
11300	34.8029	65.8763	0	-4.42257e-09	3.22e-06	0	3.22	3.22e+06	
11400	34.7622	65.8804	0	-4.42257e-09	3.22e-06	0	3.22	3.22e+06	
11500	34.7138	65.8862	0	-4.42257e-09	3.22e-06	0	3.22	3.22e+06	
11600	34.4934	65.9129	0	-1.43332e-06	3.22e-06	0	3.5246	3.5246e+06	
11700	34.3644	65.899	0	-1.43332e-06	3.22e-06	0	3.5246	3.5246e+06	
11800	34.244	65.8821	0	-1.43332e-06	3.22e-06	0	3.5246	3.5246e+06	
11900	34.0997	65.87	0	-1.43332e-06	3.22e-06	0	3.5246	3.5246e+06	
12000	33.9248	65.8683	0	-1.43332e-06	3.22e-06	0	3.5246	3.5246e+06	
12100	33.7795	65.8573	0	-1.08513e-06	1.21841e-06	0	1.63157	1.63157e+06	
12200	33.6273	65.8762	0	-1.08513e-06	1.21841e-06	0	1.63157	1.63157e+06	
12300	33.4814	65.8926	0	-1.08513e-06	1.21841e-06	0	1.63157	1.63157e+06	
12400	33.3665	65.8808	0	-1.08513e-06	1.21841e-06	0	1.63157	1.63157e+06	
12500	33.255	65.8649	0	-1.08513e-06	1.21841e-06	0	1.63157	1.63157e+06	
12600	33.129	65.8621	0	-3.22e-06	2.24612e-06	0	3.926	3.926e+06	
12700	33.129	65.8621	0	-3.22e-06	2.24612e-06	0	3.926	3.926e+06	
12800	33.129	65.8621	0	-3.22e-06	2.24612e-06	0	3.926	3.926e+06	
12900	33.129	65.8621	0	-3.22e-06	2.24612e-06	0	3.926	3.926e+06	
13000	33.129	65.8621	0	-3.22e-06	2.24612e-06	0	3.926	3.926e+06	
13100	33.1407	65.8295	0	-1.56588e-06	4.72743e-07	0	1.63569	1.63569e+06	
13200	33.1405	65.8276	0	-1.56588e-06	4.72743e-07	0	1.63569	1.63569e+06	
13300	33.1404	65.8274	0	-1.56588e-06	4.72743e-07	0	1.63569	1.63569e+06	
13400	33.1404	65.8274	0	-1.56588e-06	4.72743e-07	0	1.63569	1.63569e+06	
13500	33.1404	65.8274	0	-1.56588e-06	4.72743e-07	0	1.63569	1.63569e+06	
13600	33.1348	65.6783	0	-1.03058e-06	-1.0466e-06	0	1.46883	1.46883e+06	
13700	33.1143	65.5339	0	-1.03058e-06	-1.0466e-06	0	1.46883	1.46883e+06	
13800	33.1158	65.4114	0	-1.03058e-06	-1.0466e-06	0	1.46883	1.46883e+06	
13900	33.1318	65.3027	0	-1.03058e-06	-1.0466e-06	0	1.46883	1.46883e+06	
14000	33.1455	65.1888	0	-1.03058e-06	-1.0466e-06	0	1.46883	1.46883e+06	
14100	33.156	64.9675	0	-9.93909e-07	-1.82243e-06	0	2.07584	2.07584e+06	
14200	33.1441	64.7338	0	-9.93909e-07	-1.82243e-06	0	2.07584	2.07584e+06	
14300	33.1141	64.4965	0	-9.93909e-07	-1.82243e-06	0	2.07584	2.07584e+06	
14400	33.1327	64.288	0	-9.93909e-07	-1.82243e-06	0	2.07584	2.07584e+06	
14500	33.1533	64.074	0	-9.93909e-07	-1.82243e-06	0	2.07584	2.07584e+06	
14600	33.1293	63.8689	0	-3.22e-06	-1.60982e-06	0	3.59999	3.59999e+06	
14700	33.1017	63.6255	0	-3.22e-06	-1.60982e-06	0	3.59999	3.59999e+06	
14800	33.0339	63.3441	0	-3.22e-06	-1.60982e-06	0	3.59999	3.59999e+06	
14900	32.9094	63.0323	0	-3.22e-06	-1.60982e-06	0	3.59999	3.59999e+06	
15000	32.7129	62.7072	0	-3.22e-06	-1.60982e-06	0	3.59999	3.59999e+06	
15100	32.4812	62.4464	0	-3.22e-06	-9.02067e-07	0	3.34397	3.34397e+06	
15200	32.1877	62.2028	0	-3.22e-06	-9.02067e-07	0	3.34397	3.34397e+06	
15300	31.8846	61.9848	0	-3.22e-06	-9.02067e-07	0	3.34397	3.34397e+06	
15400	31.7195	61.7235	0	-3.22e-06	-9.02067e-07	0	3.34397	3.34397e+06	
15500	31.4945	61.4596	0	-3.22e-06	-9.02067e-07	0	3.34397	3.34397e+06	
15600	31.3813	61.3773	0	-3.22e-06	1.87441e-06	0	3.72583	3.72583e+06	
15700	31.2478	61.2718	0	-3.22e-06	1.87441e-06	0	3.72583	3.72583e+06	
15800	31.0746	61.158	0	-3.22e-06	1.87441e-06	0	3.72583	3.72583e+06	
15900	30.8521	61.0435	0	-3.22e-06	1.87441e-06	0	3.72583	3.72583e+06	
16000	30.5723	60.9417	0	-3.22e-06	1.87441e-06	0	3.72583	3.72583e+06	
16100	30.2496	60.8804	0	-3.22e-06	2.60445e-06	0	4.14144	4.14144e+06	
16200	29.8605	60.8662	0	-3.22e-06	2.60445e-06	0	4.14144	4.14144e+06	
16300	29.4385	60.9065	0	-3.22e-06	2.60445e-06	0	4.14144	4.14144e+06	
16400	29.0798	60.8656	0	-3.22e-06	2.60445e-06	0	4.14144	4.14144e+06	
16500	28.664	60.8852	0	-3.22e-06	2.60445e-06	0	4.14144	4.14144e+06	
16600	28.2843	60.8886	0	-3.22e-06	3.22e-06	0	4.55377	4.55377e+06	
16700	27.9055	60.8686	0	-3.22e-06	3.22e-06	0	4.55377	4.55377e+06	
16800	27.4723	60.9125	0	-3.22e-06	3.22e-06	0	4.55377	4.55377e+06	
16900	27.1246	60.8721	0	-3.22e-06	3.22e-06	0	4.55377	4.55377e+06	
17000	26.7126	60.8838	0	-3.22e-06	3.22e-06	0	4.55377	4.55377e+06	
17100	26.3203	60.8938	0	-3.22e-06	3.22e-06	0	4.55377	4.55377e+06	
17200	25.9495	60.8676	0	-3.22e-06	3.22e-06	0	4.55377	4.55377e+06	
17300	25.5145	60.911	0	-3.22e-06	3.22e-06	0	4.55377	4.55377e+06	
17400	25.1642	60.8751	0	-3.22e-06	3.22e-06	0	4.55377	4.55377e+06	
17500	24.7599	60.8785	0	-3.22e-06	3.22e-06	0	4.55377	4.55377e+06	
17600	24.7205	60.8672	0	-1.48136e-07	1.325e-06	0	1.33326	1.33326e+06	
17700	24.6805	60.8726	0	-1.48136e-07	1.325e-06	0	1.33326	1.33326e+06	
17800	24.6386	60.8788	0	-1.48136e-07	1.325e-06	0	1.33326	1.33326e+06	
17900	24.5964	60.8852	0	-1.48136e-07	1.325e-06	0	1.33326	1.33326e+06	
18000	24.5572	60.8907	0	-1.48136e-07	1.325e-06	0	1.33326	1.33326e+06	
18100	24.2453	60.8759	0	-2.7459e-06	2.14355e-06	0	3.4835	3.4835e+06	
18200	23.9162	60.86	0	-2.7459e-06	2.14355e-06	0	3.4835	3.4835e+06	
18300	23.5505	60.8977	0	-2.7459e-06	2.14355e-06	0	3.4835	3.4835e+06	
18400	23.2394	60.8752	0	-2.7459e-06	2.14355e-06	0	3.4835	3.4835e+06	
18500	22.9094	60.8602	0	-2.7459e-06	2.14355e-06	0	3.4835	3.4835e+06	
18600	22.499	60.8828	0	-3.22e-06	1.0547e-06	0	3.38833	3.38833e+06	
18700	22.1172	60.8522	0	-3.22e-06	1.0547e-06	0	3.38833	3.38833e+06	
18800	21.7136	60.8568	0	-3.22e-06	1.0547e-06	0	3.38833	3.38833e+06	
18900	21.3012	60.9299	0	-3.22e-06	1.0547e-06	0	3.38833	3.38833e+06	
19000	20.8966	61.0497	0	-3.22e-06	1.0547e-06	0	3.38833	3.38833e+06	
19100	20.5817	61.2774	0	-2.52072e-06	1.85361e-06	0	3.12888	3.12888e+06	
19200	20.2677	61.5068	0	-2.52072e-06	1.85361e-06	0	3.12888	3.12888e+06	
19300	19.9546	61.737	0	-2.52072e-06	1.85361e-06	0	3.12888	3.12888e+06	
19400	19.6415	61.9673	0	-2.52072e-06	1.85361e-06	0	3.12888	3.12888e+06	
19500	19.3283	62.1975	0	-2.52072e-06	1.85361e-06	0	3.12888	3.12888e+06	
19600	18.9283	62.0317	0	-3.22e-06	-1.33491e-06	0	3.48574	3.48574e+06	
19700	18.5283	61.8659	0	-3.22e-06	-1.33491e-06	0	3.48574	3.48574e+06	
19800	18.1283	61.7001	0	-3.22e-06	-1.33491e-06	0	3.48574	3.48574e+06	
19900	17.7283	61.5342	0	-3.22e-06	-1.33491e-06	0	3.48574	3.48574e+06	
20000	17.3283	61.3684	0	-3.22e-06	-1.33491e-06	0	3.48574	3.48574e+06	
20100	16.9283	61.2118	0	-3.22e-06	-1.2607e-06	0	3.458	3.458e+06	
20200	16.5283	61.0552	0	-3.22e-06	-1.2607e-06	0	3.458	3.458e+06	
20300	16.1283	60.8986	0	-3.22e-06	-1.2607e-06	0	3.458	3.458e+06	
20400	15.7283	60.742	0	-3.22e-06	-1.2607e-06	0	3.458	3.458e+06	
20500	15.3283	60.5854	0	-3.22e-06	-1.2607e-06	0	3.458	3.458e+06	
20600	14.9283	60.7261	0	-3.22e-06	1.1326e-06	0	3.41338	3.41338e+06	
20700	14.5283	60.8668	0	-3.22e-06	1.1326e-06	0	3.41338	3.41338e+06	
20800	14.1283	61.0075	0	-3.22e-06	1.1326e-06	0	3.41338	3.41338e+06	
20900	13.7283	61.1482	0	-3.22e-06	1.1326e-06	0	3.41338	3.41338e+06	
21000	13.3283	61.2888	0	-3.22e-06	1.1326e-06	0	3.41338	3.41338e+06	
21100	12.9283	61.5122	0	-3.22e-06	1.79812e-06	0	3.68804	3.68804e+06	
21200	12.5283	61.7356	0	-3.22e-06	1.79812e-06	0	3.68804	3.68804e+06	
21300	12.1283	61.959	0	-3.22e-06	1.79812e-06	0	3.68804	3.68804e+06	
21400	11.7283	62.1823	0	-3.22e-06	1.79812e-06	0	3.68804	3.68804e+06	
21500	11.3283	62.4057	0	-3.22e-06	1.79812e-06	0	3.68804	3.68804e+06	
21600	10.9283	62.6645	0	-3.22e-06	2.08342e-06	0	3.83524	3.83524e+06	
21700	10.5283	62.9233	0	-3.22e-06	2.08342e-06	0	3.83524	3.83524e+06	
21800	10.1283	63.1821	0	-3.22e-06	2.08342e-06	0	3.83524	3.83524e+06	
21900	9.72832	63.4409	0	-3.22e-06	2.08342e-06	0	3.83524	3.83524e+06	
22000	9.32832	63.6997	0	-3.22e-06	2.08342e-06	0	3.83524	3.83524e+06	
22100	9.0171	63.8118	0	-2.50535e-06	9.01827e-07	0	2.66272	2.66272e+06	
22200	8.70587	63.9238	0	-2.50535e-06	9.01827e-07	0	2.66272	2.66272e+06	
22300	8.39465	64.0358	0	-2.50535e-06	9.01827e-07	0	2.66272	2.66272e+06	
22400	8.08342	64.1479	0	-2.50535e-06	9.01827e-07	0	2.66272	2.66272e+06	
22500	7.7722	64.2599	0	-2.50535e-06	9.01827e-07	0	2.66272	2.66272e+06	
22600	7.42278	64.4279	0	-2.81282e-06	1.35278e-06	0	3.12121	3.12121e+06	
22700	7.07336	64.596	0	-2.81282e-06	1.35278e-06	0	3.12121	3.12121e+06	
22800	6.72394	64.764	0	-2.81282e-06	1.35278e-06	0	3.12121	3.12121e+06	
22900	6.37453	64.9321	0	-2.81282e-06	1.35278e-06	0	3.12121	3.12121e+06	
23000	6.02511	65.1001	0	-2.81282e-06	1.35278e-06	0	3.12121	3.12121e+06	
23100	5.83677	65.0804	0	-1.51611e-06	-1.58414e-07	0	1.52436	1.52436e+06	
23200	5.64844	65.0608	0	-1.51611e-06	-1.58414e-07	0	1.52436	1.52436e+06	
23300	5.4601	65.0411	0	-1.51611e-06	-1.58414e-07	0	1.52436	1.52436e+06	
23400	5.27176	65.0214	0	-1.51611e-06	-1.58414e-07	0	1.52436	1.52436e+06	
23500	5.08343	65.0017	0	-1.51611e-06	-1.58414e-07	0	1.52436	1.52436e+06	
23600	5.04001	64.8526	0	-3.49479e-07	-1.20062e-06	0	1.25045	1.25045e+06	
23700	4.9966	64.7034	0	-3.49479e-07	-1.20062e-06	0	1.25045	1.25045e+06	
23800	4.95319	64.5543	0	-3.49479e-07	-1.20062e-06	0	1.25045	1.25045e+06	
23900	4.90977	64.4052	0	-3.49479e-07	-1.20062e-06	0	1.25045	1.25045e+06	
24000	4.86636	64.256	0	-3.49479e-07	-1.20062e-06	0	1.25045	1.25045e+06	
24100	4.61483	64.4921	0	-2.02484e-06	1.90039e-06	0	2.77695	2.77695e+06	
24200	4.36329	64.7282	0	-2.02484e-06	1.90039e-06	0	2.77695	2.77695e+06	
24300	4.11176	64.9642	0	-2.02484e-06	1.90039e-06	0	2.77695	2.77695e+06	
24400	3.86023	65.2003	0	-2.02484e-06	1.90039e-06	0	2.77695	2.77695e+06	
24500	3.60869	65.4364	0	-2.02484e-06	1.90039e-06	0	2.77695	2.77695e+06	
24600	3.4498	65.6063	0	-1.27914e-06	1.36758e-06	0	1.87255	1.87255e+06	
24700	3.29092	65.776	0	-1.27914e-06	1.36758e-06	0	1.87255	1.87255e+06	
24800	3.1396	65.8557	0	-1.27914e-06	1.36758e-06	0	1.87255	1.87255e+06	
24900	2.98604	65.8502	0	-1.27914e-06	1.36758e-06	0	1.87255	1.87255e+06	
25000	2.81997	65.8562	0	-1.27914e-06	1.36758e-06	0	1.87255	1.87255e+06	
25100	3.09759	65.7772	0	2.24827e-06	-3.81097e-07	0	2.28034	2.28034e+06	
25200	3.37696	65.7287	0	2.24827e-06	-3.81097e-07	0	2.28034	2.28034e+06	
25300	3.65625	65.6813	0	2.24827e-06	-3.81097e-07	0	2.28034	2.28034e+06	
25400	3.93553	65.634	0	2.24827e-06	-3.81097e-07	0	2.28034	2.28034e+06	
25500	4.21482	65.5866	0	2.24827e-06	-3.81097e-07	0	2.28034	2.28034e+06	
25600	4.37673	65.5274	0	1.30337e-06	-4.77298e-07	0	1.38801	1.38801e+06	
25700	4.53864	65.4681	0	1.30337e-06	-4.77298e-07	0	1.38801	1.38801e+06	
25800	4.70055	65.4088	0	1.30337e-06	-4.77298e-07	0	1.38801	1.38801e+06	
25900	4.86246	65.3495	0	1.30337e-06	-4.77298e-07	0	1.38801	1.38801e+06	
26000	5.02437	65.2902	0	1.30337e-06	-4.77298e-07	0	1.38801	1.38801e+06	
26100	5.06934	65.4134	0	3.62007e-07	9.91564e-07	0	1.05558	1.05558e+06	
26200	5.11431	65.5365	0	3.62007e-07	9.91564e-07	0	1.05558	1.05558e+06	
26300	5.15928	65.6597	0	3.62007e-07	9.91564e-07	0	1.05558	1.05558e+06	
26400	5.2043	65.7823	0	3.62007e-07	9.91564e-07	0	1.05558	1.05558e+06	
26500	5.25466	65.8562	0	3.62007e-07	9.91564e-07	0	1.05558	1.05558e+06	
26600	5.23237	65.8736	0	-4.25217e-07	2.32292e-06	0	2.36152	2.36152e+06	
26700	5.20959	65.8713	0	-4.25217e-07	2.32292e-06	0	2.36152	2.36152e+06	
26800	5.18354	65.8688	0	-4.25217e-07	2.32292e-06	0	2.36152	2.36152e+06	
26900	5.15372	65.8665	0	-4.25217e-07	2.32292e-06	0	2.36152	2.36152e+06	
27000	5.11955	65.8642	0	-4.25217e-07	2.32292e-06	0	2.36152	2.36152e+06	
27100	5.14254	65.8362	0	1.39682e-07	5.34233e-07	0	0.552192	552192	
27200	5.16452	65.8372	0	1.39682e-07	5.34233e-07	0	0.552192	552192	
27300	5.1871	65.8389	0	1.39682e-07	5.34233e-07	0	0.552192	552192	
27400	5.21033	65.8409	0	1.39682e-07	5.34233e-07	0	0.552192	552192	
27500	5.23421	65.8433	0	1.39682e-07	5.34233e-07	0	0.552192	552192	
27600	5.27143	65.5118	0	2.96245e-07	-2.63764e-06	0	2.65423	2.65423e+06	
27700	5.30823	65.1842	0	2.96245e-07	-2.63764e-06	0	2.65423	2.65423e+06	
27800	5.34503	64.8565	0	2.96245e-07	-2.63764e-06	0	2.65423	2.65423e+06	
27900	5.38183	64.5288	0	2.96245e-07	-2.63764e-06	0	2.65423	2.65423e+06	
28000	5.41863	64.2012	0	2.96245e-07	-2.63764e-06	0	2.65423	2.65423e+06	
28100	5.33964	64.5207	0	-6.35864e-07	2.5724e-06	0	2.64982	2.64982e+06	
28200	5.26065	64.8403	0	-6.35864e-07	2.5724e-06	0	2.64982	2.64982e+06	
28300	5.18166	65.1598	0	-6.35864e-07	2.5724e-06	0	2.64982	2.64982e+06	
28400	5.10267	65.4794	0	-6.35864e-07	2.5724e-06	0	2.64982	2.64982e+06	
28500	5.02369	65.7982	0	-6.35864e-07	2.5724e-06	0	2.64982	2.64982e+06	
28600	5.10088	65.732	0	6.20855e-07	-5.04343e-07	0	0.799889	799889	
28700	5.17802	65.6693	0	6.20855e-07	-5.04343e-07	0	0.799889	799889	
28800	5.25514	65.6066	0	6.20855e-07	-5.04343e-07	0	0.799889	799889	
28900	5.33227	65.544	0	6.20855e-07	-5.04343e-07	0	0.799889	799889	
29000	5.40939	65.4813	0	6.20855e-07	-5.04343e-07	0	0.799889	799889	
29100	5.00939	65.2662	0	-3.22e-06	-1.73139e-06	0	3.65597	3.65597e+06	
29200	4.60939	65.0512	0	-3.22e-06	-1.73139e-06	0	3.65597	3.65597e+06	
29300	4.20939	64.8361	0	-3.22e-06	-1.73139e-06	0	3.65597	3.65597e+06	
29400	3.80939	64.621	0	-3.22e-06	-1.73139e-06	0	3.65597	3.65597e+06	
29500	3.40939	64.4059	0	-3.22e-06	-1.73139e-06	0	3.65597	3.65597e+06	
29600	3.00939	64.8059	0	-3.22e-06	3.22e-06	0	4.55377	4.55377e+06	
29700	2.60939	65.2059	0	-3.22e-06	3.22e-06	0	4.55377	4.55377e+06	
29800	2.20939	65.6059	0	-3.22e-06	3.22e-06	0	4.55377	4.55377e+06	
29900	1.80222	65.8746	0	-3.22e-06	3.22e-06	0	4.55377	4.55377e+06	
30000	1.3879	65.9041	0	-3.22e-06	3.22e-06	0	4.55377	4.55377e+06	
30100	1.12296	65.7922	0	-3.22e-06	-2.64883e-07	0	3.23088	3.23088e+06	
30200	1.11379	65.7124	0	-3.22e-06	-2.64883e-07	0	3.23088	3.23088e+06	
30300	1.10067	65.6228	0	-3.22e-06	-2.64883e-07	0	3.23088	3.23088e+06	
30400	1.08909	65.5395	0	-3.22e-06	-2.64883e-07	0	3.23088	3.23088e+06	
30500	1.08701	65.4943	0	-3.22e-06	-2.64883e-07	0	3.23088	3.23088e+06	
30600	1.09691	65.3924	0	-3.22e-06	-1.17518e-06	0	3.42775	3.42775e+06	
30700	1.1097	65.3086	0	-3.22e-06	-1.17518e-06	0	3.42775	3.42775e+06	
30800	1.1215	65.2127	0	-3.22e-06	-1.17518e-06	0	3.42775	3.42775e+06	
30900	1.13021	65.0969	0	-3.22e-06	-1.17518e-06	0	3.42775	3.42775e+06	
31000	1.13242	64.9565	0	-3.22e-06	-1.17518e-06	0	3.42775	3.42775e+06	
31100	1.09562	64.5724	0	-3.22e-06	-2.80537e-06	0	4.27066	4.27066e+06	
31200	1.11463	64.2626	0	-3.22e-06	-2.80537e-06	0	4.27066	4.27066e+06	
31300	1.13217	63.9354	0	-3.22e-06	-2.80537e-06	0	4.27066	4.27066e+06	
31400	1.09242	63.5495	0	-3.22e-06	-2.80537e-06	0	4.27066	4.27066e+06	
31500	1.1168	63.2451	0	-3.22e-06	-2.80537e-06	0	4.27066	4.27066e+06	
31600	1.08722	63.5024	0	-3.22e-06	1.71933e-06	0	3.65027	3.65027e+06	
31700	1.10529	63.6648	0	-3.22e-06	1.71933e-06	0	3.65027	3.65027e+06	
31800	1.12504	63.8286	0	-3.22e-06	1.71933e-06	0	3.65027	3.65027e+06	
31900	1.13265	64.0275	0	-3.22e-06	1.71933e-06	0	3.65027	3.65027e+06	
32000	1.11757	64.2665	0	-3.22e-06	1.71933e-06	0	3.65027	3.65027e+06	
32100	1.14704	64.3856	0	-3.73397e-07	8.761e-07	0	0.952353	952353	
32200	1.1356	64.4978	0	-3.73397e-07	8.761e-07	0	0.952353	952353	
32300	1.13658	64.6022	0	-3.73397e-07	8.761e-07	0	0.952353	952353	
32400	1.15	64.7023	0	-3.73397e-07	8.761e-07	0	0.952353	952353	
32500	1.16274	64.8045	0	-3.73397e-07	8.761e-07	0	0.952353	952353	
32600	1.48072	64.8062	0	2.53055e-06	1.65124e-08	0	2.5306	2.5306e+06	
32700	1.79508	64.8083	0	2.53055e-06	1.65124e-08	0	2.5306	2.5306e+06	
32800	2.10943	64.8103	0	2.53055e-06	1.65124e-08	0	2.5306	2.5306e+06	
32900	2.42378	64.8124	0	2.53055e-06	1.65124e-08	0	2.5306	2.5306e+06	
33000	2.73814	64.8144	0	2.53055e-06	1.65124e-08	0	2.5306	2.5306e+06	
33100	3.13814	65.1064	0	3.22e-06	2.35047e-06	0	3.98662	3.98662e+06	
33200	3.53814	65.3984	0	3.22e-06	2.35047e-06	0	3.98662	3.98662e+06	
33300	3.93814	65.6904	0	3.22e-06	2.35047e-06	0	3.98662	3.98662e+06	
33400	4.34934	65.8844	0	3.22e-06	2.35047e-06	0	3.98662	3.98662e+06	
33500	4.73193	65.8809	0	3.22e-06	2.35047e-06	0	3.98662	3.98662e+06	
33600	5.12454	65.8438	0	3.22e-06	9.18066e-07	0	3.34832	3.34832e+06	
33700	5.53179	65.8808	0	3.22e-06	9.18066e-07	0	3.34832	3.34832e+06	
33800	5.91552	65.8478	0	3.22e-06	9.18066e-07	0	3.34832	3.34832e+06	
33900	6.31999	65.8565	0	3.22e-06	9.18066e-07	0	3.34832	3.34832e+06	
34000	6.71397	65.8687	0	3.22e-06	9.18066e-07	0	3.34832	3.34832e+06	
34100	7.09542	65.8687	0	3.22e-06	3.22e-06	0	4.55377	4.55377e+06	
34200	7.52853	65.9125	0	3.22e-06	3.22e-06	0	4.55377	4.55377e+06	
34300	7.87616	65.8721	0	3.22e-06	3.22e-06	0	4.55377	4.55377e+06	
34400	8.28831	65.8839	0	3.22e-06	3.22e-06	0	4.55377	4.55377e+06	
34500	8.68036	65.8937	0	3.22e-06	3.22e-06	0	4.55377	4.55377e+06	
34600	8.92239	65.8692	0	2.2743e-06	3.22e-06	0	3.94219	3.94219e+06	
34700	9.2161	65.8767	0	2.2743e-06	3.22e-06	0	3.94219	3.94219e+06	
34800	9.53396	65.9123	0	2.2743e-06	3.22e-06	0	3.94219	3.94219e+06	
34900	9.75827	65.8824	0	2.2743e-06	3.22e-06	0	3.94219	3.94219e+06	
35000	10.0176	65.8673	0	2.2743e-06	3.22e-06	0	3.94219	3.94219e+06	
35100	9.82291	65.8738	0	-1.45581e-06	3.22e-06	0	3.53381	3.53381e+06	
35200	9.59487	65.9024	0	-1.45581e-06	3.22e-06	0	3.53381	3.53381e+06	
35300	9.41881	65.9072	0	-1.45581e-06	3.22e-06	0	3.53381	3.53381e+06	
35400	9.30009	65.8893	0	-1.45581e-06	3.22e-06	0	3.53381	3.53381e+06	
35500	9.16475	65.8743	0	-1.45581e-06	3.22e-06	0	3.53381	3.53381e+06	
35600	9.1452	65.8723	0	-3.93203e-07	3.22e-06	0	3.24392	3.24392e+06	
35700	9.12156	65.8708	0	-3.93203e-07	3.22e-06	0	3.24392	3.24392e+06	
35800	9.09303	65.8694	0	-3.93203e-07	3.22e-06	0	3.24392	3.24392e+06	
35900	9.05857	65.8681	0	-3.93203e-07	3.22e-06	0	3.24392	3.24392e+06	
36000	9.01699	65.8673	0	-3.93203e-07	3.22e-06	0	3.24392	3.24392e+06	
36100	8.94603	65.8679	0	-5.4558e-07	3.22e-06	0	3.26589	3.26589e+06	
36200	8.86063	65.8716	0	-5.4558e-07	3.22e-06	0	3.26589	3.26589e+06	
36300	8.75836	65.8804	0	-5.4558e-07	3.22e-06	0	3.26589	3.26589e+06	
36400	8.63847	65.8966	0	-5.4558e-07	3.22e-06	0	3.26589	3.26589e+06	
36500	8.52339	65.9121	0	-5.4558e-07	3.22e-06	0	3.26589	3.26589e+06	
36600	8.5995	65.9021	0	9.57005e-07	2.91007e-06	0	3.06339	3.06339e+06	
36700	8.66182	65.8925	0	9.57005e-07	2.91007e-06	0	3.06339	3.06339e+06	
36800	8.72914	65.8831	0	9.57005e-07	2.91007e-06	0	3.06339	3.06339e+06	
36900	8.80778	65.8744	0	9.57005e-07	2.91007e-06	0	3.06339	3.06339e+06	
37000	8.90124	65.8678	0	9.57005e-07	2.91007e-06	0	3.06339	3.06339e+06	
37100	9.19357	65.8628	0	2.3224e-06	1.85272e-06	0	2.97088	2.97088e+06	
37200	9.5041	65.9003	0	2.3224e-06	1.85272e-06	0	2.97088	2.97088e+06	
37300	9.76018	65.8723	0	2.3224e-06	1.85272e-06	0	2.97088	2.97088e+06	
37400	10.0362	65.8564	0	2.3224e-06	1.85272e-06	0	2.97088	2.97088e+06	
37500	10.3419	65.8791	0	2.3224e-06	1.85272e-06	0	2.97088	2.97088e+06	
37600	10.5689	65.909	0	1.72715e-06	3.22e-06	0	3.65396	3.65396e+06	
37700	10.722	65.8865	0	1.72715e-06	3.22e-06	0	3.65396	3.65396e+06	
37800	10.8989	65.8702	0	1.72715e-06	3.22e-06	0	3.65396	3.65396e+06	
37900	11.1136	65.8697	0	1.72715e-06	3.22e-06	0	3.65396	3.65396e+06	
38000	11.3683	65.8965	0	1.72715e-06	3.22e-06	0	3.65396	3.65396e+06	
38100	11.7397	65.885	0	3.20254e-06	3.15034e-06	0	4.49231	4.49231e+06	
38200	12.1218	65.8693	0	3.20254e-06	3.15034e-06	0	4.49231	4.49231e+06	
38300	12.5492	65.9112	0	3.20254e-06	3.15034e-06	0	4.49231	4.49231e+06	
38400	12.8962	65.8704	0	3.20254e-06	3.15034e-06	0	4.49231	4.49231e+06	
38500	13.3093	65.8861	0	3.20254e-06	3.15034e-06	0	4.49231	4.49231e+06	
38600	12.9309	65.864	0	-3.22e-06	2.66183e-06	0	4.17777	4.17777e+06	
38700	12.5024	65.9075	0	-3.22e-06	2.66183e-06	0	4.17777	4.17777e+06	
38800	12.1448	65.8701	0	-3.22e-06	2.66183e-06	0	4.17777	4.17777e+06	
38900	11.7382	65.8765	0	-3.22e-06	2.66183e-06	0	4.17777	4.17777e+06	
39000	11.3394	65.8933	0	-3.22e-06	2.66183e-06	0	4.17777	4.17777e+06	
39100	11.2645	65.8652	0	-7.99394e-07	1.19881e-06	0	1.44089	1.44089e+06	
39200	11.1816	65.8562	0	-7.99394e-07	1.19881e-06	0	1.44089	1.44089e+06	
39300	11.0922	65.8501	0	-7.99394e-07	1.19881e-06	0	1.44089	1.44089e+06	
39400	10.9961	65.8476	0	-7.99394e-07	1.19881e-06	0	1.44089	1.44089e+06	
39500	10.8931	65.8495	0	-7.99394e-07	1.19881e-06	0	1.44089	1.44089e+06	
39600	10.5508	65.6925	0	-2.74889e-06	-1.15926e-06	0	2.98334	2.98334e+06	
39700	10.2094	65.5485	0	-2.74889e-06	-1.15926e-06	0	2.98334	2.98334e+06	
39800	9.86788	65.4045	0	-2.74889e-06	-1.15926e-06	0	2.98334	2.98334e+06	
39900	9.5264	65.2605	0	-2.74889e-06	-1.15926e-06	0	2.98334	2.98334e+06	
40000	9.18493	65.1165	0	-2.74889e-06	-1.15926e-06	0	2.98334	2.98334e+06	
40100	8.89392	64.9332	0	-2.34262e-06	-1.47579e-06	0	2.76873	2.76873e+06	
40200	8.60291	64.7498	0	-2.34262e-06	-1.47579e-06	0	2.76873	2.76873e+06	
40300	8.3119	64.5665	0	-2.34262e-06	-1.47579e-06	0	2.76873	2.76873e+06	
40400	8.02089	64.3832	0	-2.34262e-06	-1.47579e-06	0	2.76873	2.76873e+06	
40500	7.72988	64.1999	0	-2.34262e-06	-1.47579e-06	0	2.76873	2.76873e+06	
40600	7.75258	64.5999	0	1.82765e-07	3.22e-06	0	3.22518	3.22518e+06	
40700	7.77529	64.9999	0	1.82765e-07	3.22e-06	0	3.22518	3.22518e+06	
40800	7.79799	65.3999	0	1.82765e-07	3.22e-06	0	3.22518	3.22518e+06	
40900	7.82066	65.7994	0	1.82765e-07	3.22e-06	0	3.22518	3.22518e+06	
41000	7.81611	65.8752	0	1.82765e-07	3.22e-06	0	3.22518	3.22518e+06	
41100	7.95873	65.8571	0	1.25871e-06	1.8647e-06	0	2.24977	2.24977e+06	
41200	8.11894	65.8589	0	1.25871e-06	1.8647e-06	0	2.24977	2.24977e+06	
41300	8.29575	65.8747	0	1.25871e-06	1.8647e-06	0	2.24977	2.24977e+06	
41400	8.47898	65.9	0	1.25871e-06	1.8647e-06	0	2.24977	2.24977e+06	
41500	8.61429	65.8918	0	1.25871e-06	1.8647e-06	0	2.24977	2.24977e+06	
41600	8.89158	65.7808	0	2.27607e-06	-5.74979e-07	0	2.34757	2.34757e+06	
41700	9.17429	65.708	0	2.27607e-06	-5.74979e-07	0	2.34757	2.34757e+06	
41800	9.45704	65.6366	0	2.27607e-06	-5.74979e-07	0	2.34757	2.34757e+06	
41900	9.73978	65.5652	0	2.27607e-06	-5.74979e-07	0	2.34757	2.34757e+06	
42000	10.0225	65.4937	0	2.27607e-06	-5.74979e-07	0	2.34757	2.34757e+06	
42100	9.77318	65.6059	0	-2.00718e-06	9.02652e-07	0	2.20081	2.20081e+06	
42200	9.52384	65.718	0	-2.00718e-06	9.02652e-07	0	2.20081	2.20081e+06	
42300	9.27493	65.8269	0	-2.00718e-06	9.02652e-07	0	2.20081	2.20081e+06	
42400	9.03147	65.8433	0	-2.00718e-06	9.02652e-07	0	2.20081	2.20081e+06	
42500	8.77783	65.8493	0	-2.00718e-06	9.02652e-07	0	2.20081	2.20081e+06	
42600	9.17554	65.8604	0	3.22e-06	1.8016e-06	0	3.68974	3.68974e+06	
42700	9.58657	65.8969	0	3.22e-06	1.8016e-06	0	3.68974	3.68974e+06	
42800	9.95913	65.8572	0	3.22e-06	1.8016e-06	0	3.68974	3.68974e+06	
42900	10.3726	65.8811	0	3.22e-06	1.8016e-06	0	3.68974	3.68974e+06	
43000	10.7554	65.8735	0	3.22e-06	1.8016e-06	0	3.68974	3.68974e+06	
43100	11.1512	65.824	0	3.22e-06	2.72894e-07	0	3.23154	3.23154e+06	
43200	11.5529	65.8403	0	3.22e-06	2.72894e-07	0	3.23154	3.23154e+06	
43300	11.9487	65.8287	0	3.22e-06	2.72894e-07	0	3.23154	3.23154e+06	
43400	12.3503	65.8281	0	3.22e-06	2.72894e-07	0	3.23154	3.23154e+06	
43500	12.7487	65.8413	0	3.22e-06	2.72894e-07	0	3.23154	3.23154e+06	
43600	12.7268	65.6387	0	-1.71566e-07	-1.59178e-06	0	1.601	1.601e+06	
43700	12.7055	65.4409	0	-1.71566e-07	-1.59178e-06	0	1.601	1.601e+06	
43800	12.6842	65.2432	0	-1.71566e-07	-1.59178e-06	0	1.601	1.601e+06	
43900	12.6628	65.0455	0	-1.71566e-07	-1.59178e-06	0	1.601	1.601e+06	
44000	12.6415	64.8477	0	-1.71566e-07	-1.59178e-06	0	1.601	1.601e+06	
44100	12.7275	64.5713	0	6.91894e-07	-2.22527e-06	0	2.33035	2.33035e+06	
44200	12.8134	64.2949	0	6.91894e-07	-2.22527e-06	0	2.33035	2.33035e+06	
44300	12.8994	64.0184	0	6.91894e-07	-2.22527e-06	0	2.33035	2.33035e+06	
44400	12.9853	63.742	0	6.91894e-07	-2.22527e-06	0	2.33035	2.33035e+06	
44500	13.0713	63.4656	0	6.91894e-07	-2.22527e-06	0	2.33035	2.33035e+06	
44600	13.2052	63.8201	0	1.0782e-06	2.85427e-06	0	3.05112	3.05112e+06	
44700	13.3392	64.1747	0	1.0782e-06	2.85427e-06	0	3.05112	3.05112e+06	
44800	13.4731	64.5293	0	1.0782e-06	2.85427e-06	0	3.05112	3.05112e+06	
44900	13.607	64.8838	0	1.0782e-06	2.85427e-06	0	3.05112	3.05112e+06	
45000	13.741	65.2384	0	1.0782e-06	2.85427e-06	0	3.05112	3.05112e+06	
45100	13.7577	65.3483	0	1.34981e-07	8.85008e-07	0	0.895242	895242	
45200	13.7745	65.4583	0	1.34981e-07	8.85008e-07	0	0.895242	895242	
45300	13.7913	65.5682	0	1.34981e-07	8.85008e-07	0	0.895242	895242	
45400	13.808	65.6782	0	1.34981e-07	8.85008e-07	0	0.895242	895242	
45500	13.8247	65.7872	0	1.34981e-07	8.85008e-07	0	0.895242	895242	
45600	14.1371	65.8707	0	2.50767e-06	3.22e-06	0	4.08128	4.08128e+06	
45700	14.4894	65.9118	0	2.50767e-06	3.22e-06	0	4.08128	4.08128e+06	
45800	14.7491	65.8837	0	2.50767e-06	3.22e-06	0	4.08128	4.08128e+06	
45900	15.0382	65.8674	0	2.50767e-06	3.22e-06	0	4.08128	4.08128e+06	
46000	15.3835	65.898	0	2.50767e-06	3.22e-06	0	4.08128	4.08128e+06	
46100	15.7153	65.8884	0	2.89508e-06	3.22e-06	0	4.33011	4.33011e+06	
46200	16.0497	65.8676	0	2.89508e-06	3.22e-06	0	4.33011	4.33011e+06	
46300	16.4456	65.9068	0	2.89508e-06	3.22e-06	0	4.33011	4.33011e+06	
46400	16.762	65.8824	0	2.89508e-06	3.22e-06	0	4.33011	4.33011e+06	
46500	17.1067	65.8691	0	2.89508e-06	3.22e-06	0	4.33011	4.33011e+06	
46600	17.4629	65.9094	0	2.54054e-06	3.22e-06	0	4.10155	4.10155e+06	
46700	17.7324	65.8858	0	2.54054e-06	3.22e-06	0	4.10155	4.10155e+06	
46800	18.0223	65.8673	0	2.54054e-06	3.22e-06	0	4.10155	4.10155e+06	
46900	18.3695	65.8958	0	2.54054e-06	3.22e-06	0	4.10155	4.10155e+06	
47000	18.6665	65.8952	0	2.54054e-06	3.22e-06	0	4.10155	4.10155e+06	
47100	18.7012	65.8886	0	7.49288e-07	3.22e-06	0	3.30603	3.30603e+06	
47200	18.7417	65.8833	0	7.49288e-07	3.22e-06	0	3.30603	3.30603e+06	
47300	18.7877	65.8781	0	7.49288e-07	3.22e-06	0	3.30603	3.30603e+06	
47400	18.8246	65.8745	0	7.49288e-07	3.22e-06	0	3.30603	3.30603e+06	
47500	18.8331	65.8737	0	7.49288e-07	3.22e-06	0	3.30603	3.30603e+06	
47600	18.8507	65.8721	0	1.38226e-06	3.22e-06	0	3.50415	3.50415e+06	
47700	18.8507	65.8721	0	1.38226e-06	3.22e-06	0	3.50415	3.50415e+06	
47800	18.8507	65.8721	0	1.38226e-06	3.22e-06	0	3.50415	3.50415e+06	
47900	18.8507	65.8721	0	1.38226e-06	3.22e-06	0	3.50415	3.50415e+06	
48000	18.8507	65.8721	0	1.38226e-06	3.22e-06	0	3.50415	3.50415e+06	
48100	18.8691	65.8702	0	3.08597e-06	3.22e-06	0	4.46	4.46e+06	
48200	18.8691	65.8702	0	3.08597e-06	3.22e-06	0	4.46	4.46e+06	
48300	18.8691	65.8702	0	3.08597e-06	3.22e-06	0	4.46	4.46e+06	
48400	18.8691	65.8702	0	3.08597e-06	3.22e-06	0	4.46	4.46e+06	
48500	18.8691	65.8702	0	3.08597e-06	3.22e-06	0	4.46	4.46e+06	
48600	18.7987	65.8767	0	1.21095e-07	3.22e-06	0	3.22228	3.22228e+06	
48700	18.7679	65.8798	0	1.21095e-07	3.22e-06	0	3.22228	3.22228e+06	
48800	18.736	65.8835	0	1.21095e-07	3.22e-06	0	3.22228	3.22228e+06	
48900	18.6994	65.8883	0	1.21095e-07	3.22e-06	0	3.22228	3.22228e+06	
49000	18.6574	65.8944	0	1.21095e-07	3.22e-06	0	3.22228	3.22228e+06	
49100	18.4904	65.913	0	-1.03833e-06	3.22e-06	0	3.38327	3.38327e+06	
49200	18.4041	65.9047	0	-1.03833e-06	3.22e-06	0	3.38327	3.38327e+06	
49300	18.3376	65.8945	0	-1.03833e-06	3.22e-06	0	3.38327	3.38327e+06	
49400	18.2653	65.8844	0	-1.03833e-06	3.22e-06	0	3.38327	3.38327e+06	
49500	18.1791	65.8753	0	-1.03833e-06	3.22e-06	0	3.38327	3.38327e+06	
49600	18.0933	65.8695	0	-9.02468e-07	3.22e-06	0	3.34408	3.34408e+06	
49700	17.9894	65.8673	0	-9.02468e-07	3.22e-06	0	3.34408	3.34408e+06	
49800	17.8642	65.8712	0	-9.02468e-07	3.22e-06	0	3.34408	3.34408e+06	
49900	17.7147	65.8854	0	-9.02468e-07	3.22e-06	0	3.34408	3.34408e+06	
50000	17.5493	65.9094	0	-9.02468e-07	3.22e-06	0	3.34408	3.34408e+06	
