0	48	25	0	-3.22e-06	4.56385e-07	0	3.25218	3.25218e+06	
100	47.6	24.6671	0	-3.22e-06	-2.67961e-06	0	4.18912	4.18912e+06	
200	47.2	24.3343	0	-3.22e-06	-2.67961e-06	0	4.18912	4.18912e+06	
300	46.8	24.0014	0	-3.22e-06	-2.67961e-06	0	4.18912	4.18912e+06	
400	46.4	23.6685	0	-3.22e-06	-2.67961e-06	0	4.18912	4.18912e+06	
500	46	23.3356	0	-3.22e-06	-2.67961e-06	0	4.18912	4.18912e+06	
600	45.6	23.0275	0	-3.22e-06	-2.48062e-06	0	4.06471	4.06471e+06	
700	45.2	22.7193	0	-3.22e-06	-2.48062e-06	0	4.06471	4.06471e+06	
800	44.8	22.4112	0	-3.22e-06	-2.48062e-06	0	4.06471	4.06471e+06	
900	44.4	22.103	0	-3.22e-06	-2.48062e-06	0	4.06471	4.06471e+06	
1000	44	21.7949	0	-3.22e-06	-2.48062e-06	0	4.06471	4.06471e+06	
1100	43.7065	21.3962	0	-2.36277e-06	-3.20913e-06	0	3.98512	3.98512e+06	
1200	43.413	20.9976	0	-2.36277e-06	-3.20913e-06	0	3.98512	3.98512e+06	
1300	43.1195	20.5989	0	-2.36277e-06	-3.20913e-06	0	3.98512	3.98512e+06	
1400	42.826	20.2003	0	-2.36277e-06	-3.20913e-06	0	3.98512	3.98512e+06	
1500	42.5324	19.8016	0	-2.36277e-06	-3.20913e-06	0	3.98512	3.98512e+06	
1600	42.1324	19.4016	0	-3.22e-06	-3.22e-06	0	4.55377	4.55377e+06	
1700	41.7324	19.0016	0	-3.22e-06	-3.22e-06	0	4.55377	4.55377e+06	
1800	41.3324	18.6016	0	-3.22e-06	-3.22e-06	0	4.55377	4.55377e+06	
1900	40.9324	18.2016	0	-3.22e-06	-3.22e-06	0	4.55377	4.55377e+06	
2000	40.5324	17.8016	0	-3.22e-06	-3.22e-06	0	4.55377	4.55377e+06	
2100	40.1324	17.7926	0	-3.22e-06	-7.31388e-08	0	3.22083	3.22083e+06	
2200	39.7324	17.7835	0	-3.22e-06	-7.31388e-08	0	3.22083	3.22083e+06	
2300	39.3324	17.7744	0	-3.22e-06	-7.31388e-08	0	3.22083	3.22083e+06	
2400	38.9324	17.7653	0	-3.22e-06	-7.31388e-08	0	3.22083	3.22083e+06	
2500	38.6637	17.6572	0	-3.22e-06	-7.31388e-08	0	3.22083	3.22083e+06	
2600	38.5007	17.4771	0	-3.22e-06	2.69113e-07	0	3.23123	3.23123e+06	
2700	38.2906	17.2923	0	-3.22e-06	2.69113e-07	0	3.23123	3.23123e+06	
2800	38.0269	17.1173	0	-3.22e-06	2.69113e-07	0	3.23123	3.23123e+06	
2900	37.8648	16.9606	0	-3.22e-06	2.69113e-07	0	3.23123	3.23123e+06	
3000	37.7704	16.8061	0	-3.22e-06	2.69113e-07	0	3.23123	3.23123e+06	
3100	37.4407	16.35	0	-3.22e-06	-3.22e-06	0	4.55377	4.55377e+06	
3200	37.0441	15.9455	0	-3.22e-06	-3.22e-06	0	4.55377	4.55377e+06	
3300	36.6442	15.5455	0	-3.22e-06	-3.22e-06	0	4.55377	4.55377e+06	
3400	36.2442	15.1455	0	-3.22e-06	-3.22e-06	0	4.55377	4.55377e+06	
3500	35.8442	14.7455	0	-3.22e-06	-3.22e-06	0	4.55377	4.55377e+06	
3600	35.4442	14.3455	0	-3.22e-06	-3.22e-06	0	4.55377	4.55377e+06	
3700	35.0442	13.9455	0	-3.22e-06	-3.22e-06	0	4.55377	4.55377e+06	
3800	34.6442	13.5455	0	-3.22e-06	-3.22e-06	0	4.55377	4.55377e+06	
3900	34.2442	13.1455	0	-3.22e-06	-3.22e-06	0	4.55377	4.55377e+06	
4000	33.8442	12.7455	0	-3.22e-06	-3.22e-06	0	4.55377	4.55377e+06	
4100	33.4442	12.3455	0	-3.22e-06	-3.22e-06	0	4.55377	4.55377e+06	
4200	33.0442	11.9455	0	-3.22e-06	-3.22e-06	0	4.55377	4.55377e+06	
4300	32.6442	11.5455	0	-3.22e-06	-3.22e-06	0	4.55377	4.55377e+06	
4400	32.2442	11.1455	0	-3.22e-06	-3.22e-06	0	4.55377	4.55377e+06	
4500	31.8442	10.7455	0	-3.22e-06	-3.22e-06	0	4.55377	4.55377e+06	
4600	31.4442	10.5427	0	-3.22e-06	-1.63264e-06	0	3.61025	3.61025e+06	
4700	31.0442	10.3399	0	-3.22e-06	-1.63264e-06	0	3.61025	3.61025e+06	
4800	30.6442	10.1371	0	-3.22e-06	-1.63264e-06	0	3.61025	3.61025e+06	
4900	30.2442	9.93426	0	-3.22e-06	-1.63264e-06	0	3.61025	3.61025e+06	
5000	29.8442	9.73145	0	-3.22e-06	-1.63264e-06	0	3.61025	3.61025e+06	
5100	29.6409	9.44094	0	-1.63614e-06	-2.33862e-06	0	2.85414	2.85414e+06	
5200	29.4377	9.15043	0	-1.63614e-06	-2.33862e-06	0	2.85414	2.85414e+06	
5300	29.2344	8.85991	0	-1.63614e-06	-2.33862e-06	0	2.85414	2.85414e+06	
5400	29.0312	8.5694	0	-1.63614e-06	-2.33862e-06	0	2.85414	2.85414e+06	
5500	28.828	8.27898	0	-1.63614e-06	-2.33862e-06	0	2.85414	2.85414e+06	
5600	28.7211	8.25461	0	-3.22e-06	-1.88674e-06	0	3.73205	3.73205e+06	
5700	28.6903	8.29593	0	-3.22e-06	-1.88674e-06	0	3.73205	3.73205e+06	
5800	28.6507	8.34614	0	-3.22e-06	-1.88674e-06	0	3.73205	3.73205e+06	
5900	28.5996	8.40671	0	-3.22e-06	-1.88674e-06	0	3.73205	3.73205e+06	
6000	28.5333	8.47901	0	-3.22e-06	-1.88674e-06	0	3.73205	3.73205e+06	
6100	28.6177	8.39122	0	-1.62703e-06	-2.81435e-06	0	3.25081	3.25081e+06	
6200	28.7093	8.27793	0	-1.62703e-06	-2.81435e-06	0	3.25081	3.25081e+06	
6300	28.8079	8.13551	0	-1.62703e-06	-2.81435e-06	0	3.25081	3.25081e+06	
6400	28.9093	7.9577	0	-1.62703e-06	-2.81435e-06	0	3.25081	3.25081e+06	
6500	29.0061	7.73853	0	-1.62703e-06	-2.81435e-06	0	3.25081	3.25081e+06	
6600	29.1028	7.45047	0	-7.18395e-07	-2.76337e-06	0	2.85522	2.85522e+06	
6700	29.1535	7.12701	0	-7.18395e-07	-2.76337e-06	0	2.85522	2.85522e+06	
6800	29.1572	6.78258	0	-7.18395e-07	-2.76337e-06	0	2.85522	2.85522e+06	
6900	29.1237	6.43508	0	-7.18395e-07	-2.76337e-06	0	2.85522	2.85522e+06	
7000	29.1553	6.10565	0	-7.18395e-07	-2.76337e-06	0	2.85522	2.85522e+06	
7100	29.2945	5.97194	0	1.01077e-06	-1.08087e-06	0	1.47984	1.47984e+06	
7200	29.4201	5.83767	0	1.01077e-06	-1.08087e-06	0	1.47984	1.47984e+06	
7300	29.5457	5.7034	0	1.01077e-06	-1.08087e-06	0	1.47984	1.47984e+06	
7400	29.6712	5.56913	0	1.01077e-06	-1.08087e-06	0	1.47984	1.47984e+06	
7500	29.7968	5.43486	0	1.01077e-06	-1.08087e-06	0	1.47984	1.47984e+06	
7600	29.9177	5.42832	0	9.73521e-07	-5.26541e-08	0	0.974944	974944	
7700	30.0387	5.42178	0	9.73521e-07	-5.26541e-08	0	0.974944	974944	
7800	30.1596	5.41524	0	9.73521e-07	-5.26541e-08	0	0.974944	974944	
7900	30.2805	5.4087	0	9.73521e-07	-5.26541e-08	0	0.974944	974944	
8000	30.4015	5.40215	0	9.73521e-07	-5.26541e-08	0	0.974944	974944	
8100	30.3652	5.51684	0	-2.91622e-07	9.2318e-07	0	0.968145	968145	
8200	30.329	5.63152	0	-2.91622e-07	9.2318e-07	0	0.968145	968145	
8300	30.2928	5.7462	0	-2.91622e-07	9.2318e-07	0	0.968145	968145	
8400	30.2566	5.86088	0	-2.91622e-07	9.2318e-07	0	0.968145	968145	
8500	30.2203	5.97556	0	-2.91622e-07	9.2318e-07	0	0.968145	968145	
8600	30.5811	5.77317	0	2.90409e-06	-1.62919e-06	0	3.32986	3.32986e+06	
8700	30.9418	5.57079	0	2.90409e-06	-1.62919e-06	0	3.32986	3.32986e+06	
8800	31.3026	5.36841	0	2.90409e-06	-1.62919e-06	0	3.32986	3.32986e+06	
8900	31.6634	5.16602	0	2.90409e-06	-1.62919e-06	0	3.32986	3.32986e+06	
9000	32.0241	4.96364	0	2.90409e-06	-1.62919e-06	0	3.32986	3.32986e+06	
9100	32.3695	4.56364	0	2.78044e-06	-3.22e-06	0	4.25432	4.25432e+06	
9200	32.7149	4.16364	0	2.78044e-06	-3.22e-06	0	4.25432	4.25432e+06	
9300	33.0603	3.76364	0	2.78044e-06	-3.22e-06	0	4.25432	4.25432e+06	
9400	33.4057	3.36364	0	2.78044e-06	-3.22e-06	0	4.25432	4.25432e+06	
9500	33.7511	2.96364	0	2.78044e-06	-3.22e-06	0	4.25432	4.25432e+06	
9600	33.9444	2.56364	0	1.55613e-06	-3.22e-06	0	3.5763	3.5763e+06	
9700	34.1379	2.16662	0	1.55613e-06	-3.22e-06	0	3.5763	3.5763e+06	
9800	34.3708	2.10297	0	1.55613e-06	-3.22e-06	0	3.5763	3.5763e+06	
9900	34.5716	2.09146	0	1.55613e-06	-3.22e-06	0	3.5763	3.5763e+06	
10000	34.7031	2.11102	0	1.55613e-06	-3.22e-06	0	3.5763	3.5763e+06	
10100	34.4661	2.08778	0	-1.64012e-06	-3.22e-06	0	3.61364	3.61364e+06	
10200	34.3205	2.10756	0	-1.64012e-06	-3.22e-06	0	3.61364	3.61364e+06	
10300	34.1644	2.12566	0	-1.64012e-06	-3.22e-06	0	3.61364	3.61364e+06	
10400	33.9749	2.13267	0	-1.64012e-06	-3.22e-06	0	3.61364	3.61364e+06	
10500	33.747	2.11906	0	-1.64012e-06	-3.22e-06	0	3.61364	3.61364e+06	
10600	33.346	2.10232	0	-3.22e-06	-3.22e-06	0	4.55377	4.55377e+06	
10700	32.9809	2.13267	0	-3.22e-06	-3.22e-06	0	4.55377	4.55377e+06	
10800	32.5473	2.09256	0	-3.22e-06	-3.22e-06	0	4.55377	4.55377e+06	
10900	32.1923	2.12231	0	-3.22e-06	-3.22e-06	0	4.55377	4.55377e+06	
11000	31.7936	2.12465	0	-3.22e-06	-3.22e-06	0	4.55377	4.55377e+06	
11100	31.3813	2.09685	0	-3.22e-06	-3.22e-06	0	4.55377	4.55377e+06	
11200	31.0235	2.13224	0	-3.22e-06	-3.22e-06	0	4.55377	4.55377e+06	
11300	30.5946	2.09943	0	-3.22e-06	-3.22e-06	0	4.55377	4.55377e+06	
11400	30.2303	2.11826	0	-3.22e-06	-3.22e-06	0	4.55377	4.55377e+06	
11500	29.8397	2.12812	0	-3.22e-06	-3.22e-06	0	4.55377	4.55377e+06	
11600	29.417	2.0918	0	-3.22e-06	-3.22e-06	0	4.55377	4.55377e+06	
11700	29.1306	2.1296	0	-3.22e-06	-3.22e-06	0	4.55377	4.55377e+06	
11800	29.1299	2.12993	0	-3.22e-06	-3.22e-06	0	4.55377	4.55377e+06	
11900	29.1299	2.12993	0	-3.22e-06	-3.22e-06	0	4.55377	4.55377e+06	
12000	29.1299	2.12993	0	-3.22e-06	-3.22e-06	0	4.55377	4.55377e+06	
12100	29.1299	2.12993	0	-3.22e-06	-3.22e-06	0	4.55377	4.55377e+06	
12200	29.1299	2.12993	0	-3.22e-06	-3.22e-06	0	4.55377	4.55377e+06	
12300	29.1299	2.12993	0	-3.22e-06	-3.22e-06	0	4.55377	4.55377e+06	
12400	29.1299	2.12993	0	-3.22e-06	-3.22e-06	0	4.55377	4.55377e+06	
12500	29.1299	2.12993	0	-3.22e-06	-3.22e-06	0	4.55377	4.55377e+06	
12600	29.1299	2.12993	0	-3.22e-06	-3.22e-06	0	4.55377	4.55377e+06	
12700	29.1299	2.12993	0	-3.22e-06	-3.22e-06	0	4.55377	4.55377e+06	
12800	29.1299	2.12993	0	-3.22e-06	-3.22e-06	0	4.55377	4.55377e+06	
12900	29.1299	2.12993	0	-3.22e-06	-3.22e-06	0	4.55377	4.55377e+06	
13000	29.1299	2.12993	0	-3.22e-06	-3.22e-06	0	4.55377	4.55377e+06	
13100	29.1299	2.12993	0	-3.22e-06	-3.22e-06	0	4.55377	4.55377e+06	
13200	29.1299	2.12993	0	-3.22e-06	-3.22e-06	0	4.55377	4.55377e+06	
13300	29.1299	2.12993	0	-3.22e-06	-3.22e-06	0	4.55377	4.55377e+06	
13400	29.1299	2.12993	0	-3.22e-06	-3.22e-06	0	4.55377	4.55377e+06	
13500	29.1299	2.12993	0	-3.22e-06	-3.22e-06	0	4.55377	4.55377e+06	
13600	29.1299	2.12993	0	-3.22e-06	-3.22e-06	0	4.55377	4.55377e+06	
13700	29.1299	2.12993	0	-3.22e-06	-3.22e-06	0	4.55377	4.55377e+06	
13800	29.1299	2.12993	0	-3.22e-06	-3.22e-06	0	4.55377	4.55377e+06	
13900	29.1299	2.12993	0	-3.22e-06	-3.22e-06	0	4.55377	4.55377e+06	
14000	29.1299	2.12993	0	-3.22e-06	-3.22e-06	0	4.55377	4.55377e+06	
14100	29.1299	2.12993	0	-3.22e-06	-3.22e-06	0	4.55377	4.55377e+06	
14200	29.1299	2.12993	0	-3.22e-06	-3.22e-06	0	4.55377	4.55377e+06	
14300	29.1299	2.12993	0	-3.22e-06	-3.22e-06	0	4.55377	4.55377e+06	
14400	29.1299	2.12993	0	-3.22e-06	-3.22e-06	0	4.55377	4.55377e+06	
14500	29.1299	2.12993	0	-3.22e-06	-3.22e-06	0	4.55377	4.55377e+06	
14600	29.1427	2.12853	0	-1.82062e-06	-3.22e-06	0	3.69906	3.69906e+06	
14700	29.1427	2.12853	0	-1.82062e-06	-3.22e-06	0	3.69906	3.69906e+06	
14800	29.1427	2.12853	0	-1.82062e-06	-3.22e-06	0	3.69906	3.69906e+06	
14900	29.1427	2.12853	0	-1.82062e-06	-3.22e-06	0	3.69906	3.69906e+06	
15000	29.1427	2.12853	0	-1.82062e-06	-3.22e-06	0	3.69906	3.69906e+06	
15100	29.4878	2.08819	0	2.35716e-06	-3.22e-06	0	3.99057	3.99057e+06	
15200	29.7294	2.11393	0	2.35716e-06	-3.22e-06	0	3.99057	3.99057e+06	
15300	29.9936	2.1326	0	2.35716e-06	-3.22e-06	0	3.99057	3.99057e+06	
15400	30.3118	2.11236	0	2.35716e-06	-3.22e-06	0	3.99057	3.99057e+06	
15500	30.6096	2.09618	0	2.35716e-06	-3.22e-06	0	3.99057	3.99057e+06	
15600	30.9658	2.132	0	3.22e-06	-3.22e-06	0	4.55377	4.55377e+06	
15700	31.3932	2.1013	0	3.22e-06	-3.22e-06	0	4.55377	4.55377e+06	
15800	31.7602	2.11715	0	3.22e-06	-3.22e-06	0	4.55377	4.55377e+06	
15900	32.1488	2.12883	0	3.22e-06	-3.22e-06	0	4.55377	4.55377e+06	
16000	32.5738	2.09069	0	3.22e-06	-3.22e-06	0	4.55377	4.55377e+06	
16100	32.9243	2.13057	0	3.22e-06	-3.22e-06	0	4.55377	4.55377e+06	
16200	33.3451	2.10852	0	3.22e-06	-3.22e-06	0	4.55377	4.55377e+06	
16300	33.7232	2.11245	0	3.22e-06	-3.22e-06	0	4.55377	4.55377e+06	
16400	34.1037	2.13104	0	3.22e-06	-3.22e-06	0	4.55377	4.55377e+06	
16500	34.5359	2.0877	0	3.22e-06	-3.22e-06	0	4.55377	4.55377e+06	
16600	34.8836	2.1284	0	3.22e-06	-3.22e-06	0	4.55377	4.55377e+06	
16700	35.2972	2.11501	0	3.22e-06	-3.22e-06	0	4.55377	4.55377e+06	
16800	35.687	2.10733	0	3.22e-06	-3.22e-06	0	4.55377	4.55377e+06	
16900	36.0594	2.1323	0	3.22e-06	-3.22e-06	0	4.55377	4.55377e+06	
17000	36.4945	2.08831	0	3.22e-06	-3.22e-06	0	4.55377	4.55377e+06	
17100	36.8439	2.12554	0	3.22e-06	-3.22e-06	0	4.55377	4.55377e+06	
17200	37.2498	2.1205	0	3.22e-06	-3.22e-06	0	4.55377	4.55377e+06	
17300	37.6514	2.10192	0	3.22e-06	-3.22e-06	0	4.55377	4.55377e+06	
17400	38.016	2.13266	0	3.22e-06	-3.22e-06	0	4.55377	4.55377e+06	
17500	38.4494	2.093	0	3.22e-06	-3.22e-06	0	4.55377	4.55377e+06	
17600	38.805	2.12204	0	3.22e-06	-3.22e-06	0	4.55377	4.55377e+06	
17700	39.2031	2.12493	0	3.22e-06	-3.22e-06	0	4.55377	4.55377e+06	
17800	39.6161	2.09647	0	3.22e-06	-3.22e-06	0	4.55377	4.55377e+06	
17900	39.9735	2.13217	0	3.22e-06	-3.22e-06	0	4.55377	4.55377e+06	
18000	40.402	2.09996	0	3.22e-06	-3.22e-06	0	4.55377	4.55377e+06	
18100	40.767	2.11795	0	3.22e-06	-3.22e-06	0	4.55377	4.55377e+06	
18200	41.0577	2.12452	0	3.22e-06	-3.22e-06	0	4.55377	4.55377e+06	
18300	41.0583	2.12424	0	3.22e-06	-3.22e-06	0	4.55377	4.55377e+06	
18400	41.0583	2.12424	0	3.22e-06	-3.22e-06	0	4.55377	4.55377e+06	
18500	41.0583	2.12424	0	3.22e-06	-3.22e-06	0	4.55377	4.55377e+06	
18600	41.0583	2.12424	0	3.22e-06	-3.22e-06	0	4.55377	4.55377e+06	
18700	41.0583	2.12424	0	3.22e-06	-3.22e-06	0	4.55377	4.55377e+06	
18800	41.0583	2.12424	0	3.22e-06	-3.22e-06	0	4.55377	4.55377e+06	
18900	41.0583	2.12424	0	3.22e-06	-3.22e-06	0	4.55377	4.55377e+06	
19000	41.0583	2.12424	0	3.22e-06	-3.22e-06	0	4.55377	4.55377e+06	
19100	41.0583	2.12424	0	3.22e-06	-3.22e-06	0	4.55377	4.55377e+06	
19200	41.0583	2.12424	0	3.22e-06	-3.22e-06	0	4.55377	4.55377e+06	
19300	41.0583	2.12424	0	3.22e-06	-3.22e-06	0	4.55377	4.55377e+06	
19400	41.0583	2.12424	0	3.22e-06	-3.22e-06	0	4.55377	4.55377e+06	
19500	41.0583	2.12424	0	3.22e-06	-3.22e-06	0	4.55377	4.55377e+06	
19600	41.0541	2.12536	0	2.72831e-06	-3.22e-06	0	4.22043	4.22043e+06	
19700	41.0541	2.12536	0	2.72831e-06	-3.22e-06	0	4.22043	4.22043e+06	
19800	41.0541	2.12536	0	2.72831e-06	-3.22e-06	0	4.22043	4.22043e+06	
19900	41.0541	2.12536	0	2.72831e-06	-3.22e-06	0	4.22043	4.22043e+06	
20000	41.0541	2.12536	0	2.72831e-06	-3.22e-06	0	4.22043	4.22043e+06	
20100	41.0371	2.12887	0	1.33871e-06	-3.22e-06	0	3.4872	3.4872e+06	
20200	41.0371	2.12887	0	1.33871e-06	-3.22e-06	0	3.4872	3.4872e+06	
20300	41.0371	2.12887	0	1.33871e-06	-3.22e-06	0	3.4872	3.4872e+06	
20400	41.0371	2.12887	0	1.33871e-06	-3.22e-06	0	3.4872	3.4872e+06	
20500	41.0371	2.12887	0	1.33871e-06	-3.22e-06	0	3.4872	3.4872e+06	
20600	41.0583	2.12424	0	3.22e-06	-3.22e-06	0	4.55377	4.55377e+06	
20700	41.0583	2.12424	0	3.22e-06	-3.22e-06	0	4.55377	4.55377e+06	
20800	41.0583	2.12424	0	3.22e-06	-3.22e-06	0	4.55377	4.55377e+06	
20900	41.0583	2.12424	0	3.22e-06	-3.22e-06	0	4.55377	4.55377e+06	
21000	41.0583	2.12424	0	3.22e-06	-3.22e-06	0	4.55377	4.55377e+06	
21100	41.0561	2.12485	0	2.95054e-06	-3.22e-06	0	4.36739	4.36739e+06	
21200	41.0561	2.12485	0	2.95054e-06	-3.22e-06	0	4.36739	4.36739e+06	
21300	41.0561	2.12485	0	2.95054e-06	-3.22e-06	0	4.36739	4.36739e+06	
21400	41.0561	2.12485	0	2.95054e-06	-3.22e-06	0	4.36739	4.36739e+06	
21500	41.0561	2.12485	0	2.95054e-06	-3.22e-06	0	4.36739	4.36739e+06	
21600	41.0583	2.12424	0	3.22e-06	-3.22e-06	0	4.55377	4.55377e+06	
21700	41.0583	2.12424	0	3.22e-06	-3.22e-06	0	4.55377	4.55377e+06	
21800	41.0583	2.12424	0	3.22e-06	-3.22e-06	0	4.55377	4.55377e+06	
21900	41.0583	2.12424	0	3.22e-06	-3.22e-06	0	4.55377	4.55377e+06	
22000	41.0583	2.12424	0	3.22e-06	-3.22e-06	0	4.55377	4.55377e+06	
22100	41.0583	2.12424	0	3.22e-06	-3.22e-06	0	4.55377	4.55377e+06	
22200	41.0583	2.12424	0	3.22e-06	-3.22e-06	0	4.55377	4.55377e+06	
22300	41.0583	2.12424	0	3.22e-06	-3.22e-06	0	4.55377	4.55377e+06	
22400	41.0583	2.12424	0	3.22e-06	-3.22e-06	0	4.55377	4.55377e+06	
22500	41.0583	2.12424	0	3.22e-06	-3.22e-06	0	4.55377	4.55377e+06	
22600	41.0126	2.13142	0	4.21223e-07	-3.22e-06	0	3.24743	3.24743e+06	
22700	41.0106	2.13155	0	4.21223e-07	-3.22e-06	0	3.24743	3.24743e+06	
22800	41.0104	2.13156	0	4.21223e-07	-3.22e-06	0	3.24743	3.24743e+06	
22900	41.0104	2.13156	0	4.21223e-07	-3.22e-06	0	3.24743	3.24743e+06	
23000	41.0104	2.13156	0	4.21223e-07	-3.22e-06	0	3.24743	3.24743e+06	
23100	41.0583	2.12424	0	3.22e-06	-3.22e-06	0	4.55377	4.55377e+06	
23200	41.0583	2.12424	0	3.22e-06	-3.22e-06	0	4.55377	4.55377e+06	
23300	41.0583	2.12424	0	3.22e-06	-3.22e-06	0	4.55377	4.55377e+06	
23400	41.0583	2.12424	0	3.22e-06	-3.22e-06	0	4.55377	4.55377e+06	
23500	41.0583	2.12424	0	3.22e-06	-3.22e-06	0	4.55377	4.55377e+06	
23600	41.0583	2.12424	0	3.22e-06	-3.22e-06	0	4.55377	4.55377e+06	
23700	41.0583	2.12424	0	3.22e-06	-3.22e-06	0	4.55377	4.55377e+06	
23800	41.0583	2.12424	0	3.22e-06	-3.22e-06	0	4.55377	4.55377e+06	
23900	41.0583	2.12424	0	3.22e-06	-3.22e-06	0	4.55377	4.55377e+06	
24000	41.0583	2.12424	0	3.22e-06	-3.22e-06	0	4.55377	4.55377e+06	
24100	41.0583	2.12424	0	3.22e-06	-3.22e-06	0	4.55377	4.55377e+06	
24200	41.0583	2.12424	0	3.22e-06	-3.22e-06	0	4.55377	4.55377e+06	
24300	41.0583	2.12424	0	3.22e-06	-3.22e-06	0	4.55377	4.55377e+06	
24400	41.0583	2.12424	0	3.22e-06	-3.22e-06	0	4.55377	4.55377e+06	
24500	41.0583	2.12424	0	3.22e-06	-3.22e-06	0	4.55377	4.55377e+06	
24600	41.055	2.12514	0	2.82441e-06	-3.22e-06	0	4.28319	4.28319e+06	
24700	41.055	2.12514	0	2.82441e-06	-3.22e-06	0	4.28319	4.28319e+06	
24800	41.055	2.12514	0	2.82441e-06	-3.22e-06	0	4.28319	4.28319e+06	
24900	41.055	2.12514	0	2.82441e-06	-3.22e-06	0	4.28319	4.28319e+06	
25000	41.055	2.12514	0	2.82441e-06	-3.22e-06	0	4.28319	4.28319e+06	
25100	41.0583	2.12424	0	3.22e-06	-3.22e-06	0	4.55377	4.55377e+06	
25200	41.0583	2.12424	0	3.22e-06	-3.22e-06	0	4.55377	4.55377e+06	
25300	41.0583	2.12424	0	3.22e-06	-3.22e-06	0	4.55377	4.55377e+06	
25400	41.0583	2.12424	0	3.22e-06	-3.22e-06	0	4.55377	4.55377e+06	
25500	41.0583	2.12424	0	3.22e-06	-3.22e-06	0	4.55377	4.55377e+06	
25600	40.925	2.13155	0	-7.11814e-07	-3.22e-06	0	3.29774	3.29774e+06	
25700	40.8125	2.12495	0	-7.11814e-07	-3.22e-06	0	3.29774	3.29774e+06	
25800	40.6793	2.10963	0	-7.11814e-07	-3.22e-06	0	3.29774	3.29774e+06	
25900	40.5384	2.08929	0	-7.11814e-07	-3.22e-06	0	3.29774	3.29774e+06	
26000	40.457	2.08884	0	-7.11814e-07	-3.22e-06	0	3.29774	3.29774e+06	
26100	40.109	2.12885	0	-3.22e-06	-3.22e-06	0	4.55377	4.55377e+06	
26200	39.6941	2.1139	0	-3.22e-06	-3.22e-06	0	4.55377	4.55377e+06	
26300	39.3064	2.10829	0	-3.22e-06	-3.22e-06	0	4.55377	4.55377e+06	
26400	38.9325	2.13214	0	-3.22e-06	-3.22e-06	0	4.55377	4.55377e+06	
26500	38.4976	2.08787	0	-3.22e-06	-3.22e-06	0	4.55377	4.55377e+06	
26600	38.2445	2.11992	0	-2.41488e-06	-2.76684e-06	0	3.67247	3.67247e+06	
26700	37.9633	2.13563	0	-2.41488e-06	-2.76684e-06	0	3.67247	3.67247e+06	
26800	37.6356	2.10833	0	-2.41488e-06	-2.76684e-06	0	3.67247	3.67247e+06	
26900	37.348	2.10545	0	-2.41488e-06	-2.76684e-06	0	3.67247	3.67247e+06	
27000	37.0863	2.13325	0	-2.41488e-06	-2.76684e-06	0	3.67247	3.67247e+06	
27100	37.0292	2.13249	0	-5.47731e-07	-3.22e-06	0	3.26625	3.26625e+06	
27200	36.9605	2.13243	0	-5.47731e-07	-3.22e-06	0	3.26625	3.26625e+06	
27300	36.8777	2.12946	0	-5.47731e-07	-3.22e-06	0	3.26625	3.26625e+06	
27400	36.7785	2.12169	0	-5.47731e-07	-3.22e-06	0	3.26625	3.26625e+06	
27500	36.6612	2.10684	0	-5.47731e-07	-3.22e-06	0	3.26625	3.26625e+06	
27600	36.2938	2.1102	0	-3.108e-06	-3.22e-06	0	4.47527	4.47527e+06	
27700	35.9323	2.13213	0	-3.108e-06	-3.22e-06	0	4.47527	4.47527e+06	
27800	35.5102	2.08856	0	-3.108e-06	-3.22e-06	0	4.47527	4.47527e+06	
27900	35.1748	2.12401	0	-3.108e-06	-3.22e-06	0	4.47527	4.47527e+06	
28000	34.7877	2.12408	0	-3.108e-06	-3.22e-06	0	4.47527	4.47527e+06	
28100	34.3769	2.09754	0	-3.22e-06	-3.22e-06	0	4.55377	4.55377e+06	
28200	34.0182	2.13234	0	-3.22e-06	-3.22e-06	0	4.55377	4.55377e+06	
28300	33.5885	2.0985	0	-3.22e-06	-3.22e-06	0	4.55377	4.55377e+06	
28400	33.2255	2.11881	0	-3.22e-06	-3.22e-06	0	4.55377	4.55377e+06	
28500	32.8339	2.12773	0	-3.22e-06	-3.22e-06	0	4.55377	4.55377e+06	
28600	32.4124	2.09239	0	-3.22e-06	-3.22e-06	0	4.55377	4.55377e+06	
28700	32.06	2.1312	0	-3.22e-06	-3.22e-06	0	4.55377	4.55377e+06	
28800	31.6366	2.10583	0	-3.22e-06	-3.22e-06	0	4.55377	4.55377e+06	
28900	31.2628	2.11429	0	-3.22e-06	-3.22e-06	0	4.55377	4.55377e+06	
29000	30.8792	2.13032	0	-3.22e-06	-3.22e-06	0	4.55377	4.55377e+06	
29100	30.4493	2.08851	0	-3.22e-06	-3.22e-06	0	4.55377	4.55377e+06	
29200	30.101	2.12931	0	-3.22e-06	-3.22e-06	0	4.55377	4.55377e+06	
29300	29.6847	2.11265	0	-3.22e-06	-3.22e-06	0	4.55377	4.55377e+06	
29400	29.2993	2.10932	0	-3.22e-06	-3.22e-06	0	4.55377	4.55377e+06	
29500	29.1299	2.12993	0	-3.22e-06	-3.22e-06	0	4.55377	4.55377e+06	
29600	29.1299	2.12993	0	-3.22e-06	-3.22e-06	0	4.55377	4.55377e+06	
29700	29.1299	2.12993	0	-3.22e-06	-3.22e-06	0	4.55377	4.55377e+06	
29800	29.1299	2.12993	0	-3.22e-06	-3.22e-06	0	4.55377	4.55377e+06	
29900	29.1299	2.12993	0	-3.22e-06	-3.22e-06	0	4.55377	4.55377e+06	
30000	29.1299	2.12993	0	-3.22e-06	-3.22e-06	0	4.55377	4.55377e+06	
30100	29.1299	2.12993	0	-3.22e-06	-3.22e-06	0	4.55377	4.55377e+06	
30200	29.1299	2.12993	0	-3.22e-06	-3.22e-06	0	4.55377	4.55377e+06	
30300	29.1299	2.12993	0	-3.22e-06	-3.22e-06	0	4.55377	4.55377e+06	
30400	29.1299	2.12993	0	-3.22e-06	-3.22e-06	0	4.55377	4.55377e+06	
30500	29.1299	2.12993	0	-3.22e-06	-3.22e-06	0	4.55377	4.55377e+06	
30600	29.1299	2.12993	0	-3.22e-06	-3.22e-06	0	4.55377	4.55377e+06	
30700	29.1299	2.12993	0	-3.22e-06	-3.22e-06	0	4.55377	4.55377e+06	
30800	29.1299	2.12993	0	-3.22e-06	-3.22e-06	0	4.55377	4.55377e+06	
30900	29.1299	2.12993	0	-3.22e-06	-3.22e-06	0	4.55377	4.55377e+06	
31000	29.1299	2.12993	0	-3.22e-06	-3.22e-06	0	4.55377	4.55377e+06	
31100	29.1299	2.12993	0	-3.22e-06	-3.22e-06	0	4.55377	4.55377e+06	
31200	29.1299	2.12993	0	-3.22e-06	-3.22e-06	0	4.55377	4.55377e+06	
31300	29.1299	2.12993	0	-3.22e-06	-3.22e-06	0	4.55377	4.55377e+06	
31400	29.1299	2.12993	0	-3.22e-06	-3.22e-06	0	4.55377	4.55377e+06	
31500	29.1299	2.12993	0	-3.22e-06	-3.22e-06	0	4.55377	4.55377e+06	
31600	29.1299	2.12993	0	-3.22e-06	-3.22e-06	0	4.55377	4.55377e+06	
31700	29.1299	2.12993	0	-3.22e-06	-3.22e-06	0	4.55377	4.55377e+06	
31800	29.1299	2.12993	0	-3.22e-06	-3.22e-06	0	4.55377	4.55377e+06	
31900	29.1299	2.12993	0	-3.22e-06	-3.22e-06	0	4.55377	4.55377e+06	
32000	29.1299	2.12993	0	-3.22e-06	-3.22e-06	0	4.55377	4.55377e+06	
32100	29.1299	2.12993	0	-3.22e-06	-3.22e-06	0	4.55377	4.55377e+06	
32200	29.1299	2.12993	0	-3.22e-06	-3.22e-06	0	4.55377	4.55377e+06	
32300	29.1299	2.12993	0	-3.22e-06	-3.22e-06	0	4.55377	4.55377e+06	
32400	29.1299	2.12993	0	-3.22e-06	-3.22e-06	0	4.55377	4.55377e+06	
32500	29.1299	2.12993	0	-3.22e-06	-3.22e-06	0	4.55377	4.55377e+06	
32600	29.1299	2.12993	0	-3.22e-06	-3.22e-06	0	4.55377	4.55377e+06	
32700	29.1299	2.12993	0	-3.22e-06	-3.22e-06	0	4.55377	4.55377e+06	
32800	29.1299	2.12993	0	-3.22e-06	-3.22e-06	0	4.55377	4.55377e+06	
32900	29.1299	2.12993	0	-3.22e-06	-3.22e-06	0	4.55377	4.55377e+06	
33000	29.1299	2.12993	0	-3.22e-06	-3.22e-06	0	4.55377	4.55377e+06	
33100	29.1299	2.12993	0	-3.22e-06	-3.22e-06	0	4.55377	4.55377e+06	
33200	29.1299	2.12993	0	-3.22e-06	-3.22e-06	0	4.55377	4.55377e+06	
33300	29.1299	2.12993	0	-3.22e-06	-3.22e-06	0	4.55377	4.55377e+06	
33400	29.1299	2.12993	0	-3.22e-06	-3.22e-06	0	4.55377	4.55377e+06	
33500	29.1299	2.12993	0	-3.22e-06	-3.22e-06	0	4.55377	4.55377e+06	
33600	29.1299	2.12993	0	-3.22e-06	-3.22e-06	0	4.55377	4.55377e+06	
33700	29.1299	2.12993	0	-3.22e-06	-3.22e-06	0	4.55377	4.55377e+06	
33800	29.1299	2.12993	0	-3.22e-06	-3.22e-06	0	4.55377	4.55377e+06	
33900	29.1299	2.12993	0	-3.22e-06	-3.22e-06	0	4.55377	4.55377e+06	
34000	29.1299	2.12993	0	-3.22e-06	-3.22e-06	0	4.55377	4.55377e+06	
34100	29.1299	2.12993	0	-3.22e-06	-3.22e-06	0	4.55377	4.55377e+06	
34200	29.1299	2.12993	0	-3.22e-06	-3.22e-06	0	4.55377	4.55377e+06	
34300	29.1299	2.12993	0	-3.22e-06	-3.22e-06	0	4.55377	4.55377e+06	
34400	29.1299	2.12993	0	-3.22e-06	-3.22e-06	0	4.55377	4.55377e+06	
34500	29.1299	2.12993	0	-3.22e-06	-3.22e-06	0	4.55377	4.55377e+06	
34600	29.1299	2.12993	0	-3.22e-06	-3.22e-06	0	4.55377	4.55377e+06	
34700	29.1299	2.12993	0	-3.22e-06	-3.22e-06	0	4.55377	4.55377e+06	
34800	29.1299	2.12993	0	-3.22e-06	-3.22e-06	0	4.55377	4.55377e+06	
34900	29.1299	2.12993	0	-3.22e-06	-3.22e-06	0	4.55377	4.55377e+06	
35000	29.1299	2.12993	0	-3.22e-06	-3.22e-06	0	4.55377	4.55377e+06	
35100	29.1299	2.12993	0	-3.22e-06	-3.22e-06	0	4.55377	4.55377e+06	
35200	29.1299	2.12993	0	-3.22e-06	-3.22e-06	0	4.55377	4.55377e+06	
35300	29.1299	2.12993	0	-3.22e-06	-3.22e-06	0	4.55377	4.55377e+06	
35400	29.1299	2.12993	0	-3.22e-06	-3.22e-06	0	4.55377	4.55377e+06	
35500	29.1299	2.12993	0	-3.22e-06	-3.22e-06	0	4.55377	4.55377e+06	
35600	29.1355	2.12927	0	-2.4939e-06	-3.22e-06	0	4.07283	4.07283e+06	
35700	29.1355	2.12927	0	-2.4939e-06	-3.22e-06	0	4.07283	4.07283e+06	
35800	29.1355	2.12927	0	-2.4939e-06	-3.22e-06	0	4.07283	4.07283e+06	
35900	29.1355	2.12927	0	-2.4939e-06	-3.22e-06	0	4.07283	4.07283e+06	
36000	29.1355	2.12927	0	-2.4939e-06	-3.22e-06	0	4.07283	4.07283e+06	
36100	29.1318	2.12971	0	-2.95893e-06	-3.22e-06	0	4.37306	4.37306e+06	
36200	29.1318	2.12971	0	-2.95893e-06	-3.22e-06	0	4.37306	4.37306e+06	
36300	29.1318	2.12971	0	-2.95893e-06	-3.22e-06	0	4.37306	4.37306e+06	
36400	29.1318	2.12971	0	-2.95893e-06	-3.22e-06	0	4.37306	4.37306e+06	
36500	29.1318	2.12971	0	-2.95893e-06	-3.22e-06	0	4.37306	4.37306e+06	
36600	29.1639	2.1266	0	-7.90406e-07	-3.22e-06	0	3.31559	3.31559e+06	
36700	29.1645	2.12653	0	-7.90406e-07	-3.22e-06	0	3.31559	3.31559e+06	
36800	29.1646	2.12653	0	-7.90406e-07	-3.22e-06	0	3.31559	3.31559e+06	
36900	29.1646	2.12653	0	-7.90406e-07	-3.22e-06	0	3.31559	3.31559e+06	
37000	29.1646	2.12653	0	-7.90406e-07	-3.22e-06	0	3.31559	3.31559e+06	
37100	29.1861	2.12465	0	-3.84114e-07	-3.22e-06	0	3.24283	3.24283e+06	
37200	29.1931	2.12398	0	-3.84114e-07	-3.22e-06	0	3.24283	3.24283e+06	
37300	29.1967	2.12363	0	-3.84114e-07	-3.22e-06	0	3.24283	3.24283e+06	
37400	29.1989	2.12342	0	-3.84114e-07	-3.22e-06	0	3.24283	3.24283e+06	
37500	29.2004	2.12327	0	-3.84114e-07	-3.22e-06	0	3.24283	3.24283e+06	
37600	29.196	2.12367	0	-4.37479e-07	-3.22e-06	0	3.24958	3.24958e+06	
37700	29.1933	2.12393	0	-4.37479e-07	-3.22e-06	0	3.24958	3.24958e+06	
37800	29.1919	2.12407	0	-4.37479e-07	-3.22e-06	0	3.24958	3.24958e+06	
37900	29.1911	2.12414	0	-4.37479e-07	-3.22e-06	0	3.24958	3.24958e+06	
38000	29.1908	2.12418	0	-4.37479e-07	-3.22e-06	0	3.24958	3.24958e+06	
38100	29.5989	2.09401	0	3.13277e-06	-3.22e-06	0	4.49251	4.49251e+06	
38200	29.9413	2.13127	0	3.13277e-06	-3.22e-06	0	4.49251	4.49251e+06	
38300	30.3535	2.10721	0	3.13277e-06	-3.22e-06	0	4.49251	4.49251e+06	
38400	30.7197	2.11205	0	3.13277e-06	-3.22e-06	0	4.49251	4.49251e+06	
38500	31.0876	2.13159	0	3.13277e-06	-3.22e-06	0	4.49251	4.49251e+06	
38600	31.3685	2.10374	0	1.95827e-06	-3.22e-06	0	3.76872	3.76872e+06	
38700	31.6073	2.09617	0	1.95827e-06	-3.22e-06	0	3.76872	3.76872e+06	
38800	31.7932	2.12162	0	1.95827e-06	-3.22e-06	0	3.76872	3.76872e+06	
38900	32.0171	2.13271	0	1.95827e-06	-3.22e-06	0	3.76872	3.76872e+06	
39000	32.2862	2.11535	0	1.95827e-06	-3.22e-06	0	3.76872	3.76872e+06	
39100	32.3272	2.10795	0	-1.11167e-07	-3.22e-06	0	3.22192	3.22192e+06	
39200	32.3729	2.10096	0	-1.11167e-07	-3.22e-06	0	3.22192	3.22192e+06	
39300	32.4177	2.09411	0	-1.11167e-07	-3.22e-06	0	3.22192	3.22192e+06	
39400	32.4515	2.08975	0	-1.11167e-07	-3.22e-06	0	3.22192	3.22192e+06	
39500	32.4703	2.08806	0	-1.11167e-07	-3.22e-06	0	3.22192	3.22192e+06	
39600	32.671	2.10976	0	1.90168e-06	-2.6351e-06	0	3.24963	3.24963e+06	
39700	32.8694	2.13186	0	1.90168e-06	-2.6351e-06	0	3.24963	3.24963e+06	
39800	33.1026	2.13491	0	1.90168e-06	-2.6351e-06	0	3.24963	3.24963e+06	
39900	33.3704	2.1079	0	1.90168e-06	-2.6351e-06	0	3.24963	3.24963e+06	
40000	33.6041	2.09949	0	1.90168e-06	-2.6351e-06	0	3.24963	3.24963e+06	
40100	33.6497	2.10376	0	8.65656e-07	-3.22e-06	0	3.33433	3.33433e+06	
40200	33.6976	2.11084	0	8.65656e-07	-3.22e-06	0	3.33433	3.33433e+06	
40300	33.7532	2.11799	0	8.65656e-07	-3.22e-06	0	3.33433	3.33433e+06	
40400	33.8199	2.12475	0	8.65656e-07	-3.22e-06	0	3.33433	3.33433e+06	
40500	33.9005	2.13018	0	8.65656e-07	-3.22e-06	0	3.33433	3.33433e+06	
40600	33.7935	2.12321	0	-6.37835e-07	-3.22e-06	0	3.28256	3.28256e+06	
40700	33.6669	2.10776	0	-6.37835e-07	-3.22e-06	0	3.28256	3.28256e+06	
40800	33.5358	2.08899	0	-6.37835e-07	-3.22e-06	0	3.28256	3.28256e+06	
40900	33.4621	2.08843	0	-6.37835e-07	-3.22e-06	0	3.28256	3.28256e+06	
41000	33.4276	2.09227	0	-6.37835e-07	-3.22e-06	0	3.28256	3.28256e+06	
41100	33.3891	2.0978	0	-7.8019e-07	-3.22e-06	0	3.31317	3.31317e+06	
41200	33.3545	2.10319	0	-7.8019e-07	-3.22e-06	0	3.31317	3.31317e+06	
41300	33.3181	2.10868	0	-7.8019e-07	-3.22e-06	0	3.31317	3.31317e+06	
41400	33.2766	2.11438	0	-7.8019e-07	-3.22e-06	0	3.31317	3.31317e+06	
41500	33.2275	2.12021	0	-7.8019e-07	-3.22e-06	0	3.31317	3.31317e+06	
41600	32.874	2.12999	0	-2.94086e-06	-3.22e-06	0	4.36085	4.36085e+06	
41700	32.4738	2.08741	0	-2.94086e-06	-3.22e-06	0	4.36085	4.36085e+06	
41800	32.1629	2.12513	0	-2.94086e-06	-3.22e-06	0	4.36085	4.36085e+06	
41900	31.796	2.12471	0	-2.94086e-06	-3.22e-06	0	4.36085	4.36085e+06	
42000	31.4106	2.09281	0	-2.94086e-06	-3.22e-06	0	4.36085	4.36085e+06	
42100	31.2897	2.11209	0	-1.4738e-06	-3.22e-06	0	3.54125	3.54125e+06	
42200	31.1497	2.12688	0	-1.4738e-06	-3.22e-06	0	3.54125	3.54125e+06	
42300	30.9797	2.13269	0	-1.4738e-06	-3.22e-06	0	3.54125	3.54125e+06	
42400	30.7752	2.12194	0	-1.4738e-06	-3.22e-06	0	3.54125	3.54125e+06	
42500	30.5427	2.09034	0	-1.4738e-06	-3.22e-06	0	3.54125	3.54125e+06	
42600	30.2828	2.11224	0	-2.44689e-06	-3.22e-06	0	4.04421	4.04421e+06	
42700	30.0091	2.13256	0	-2.44689e-06	-3.22e-06	0	4.04421	4.04421e+06	
42800	29.6794	2.11124	0	-2.44689e-06	-3.22e-06	0	4.04421	4.04421e+06	
42900	29.3759	2.09834	0	-2.44689e-06	-3.22e-06	0	4.04421	4.04421e+06	
43000	29.1439	2.12779	0	-2.44689e-06	-3.22e-06	0	4.04421	4.04421e+06	
43100	29.1299	2.12993	0	-3.22e-06	-3.22e-06	0	4.55377	4.55377e+06	
43200	29.1299	2.12993	0	-3.22e-06	-3.22e-06	0	4.55377	4.55377e+06	
43300	29.1299	2.12993	0	-3.22e-06	-3.22e-06	0	4.55377	4.55377e+06	
43400	29.1299	2.12993	0	-3.22e-06	-3.22e-06	0	4.55377	4.55377e+06	
43500	29.1299	2.12993	0	-3.22e-06	-3.22e-06	0	4.55377	4.55377e+06	
43600	29.1299	2.12993	0	-3.2183e-06	-3.22e-06	0	4.55256	4.55256e+06	
43700	29.1299	2.12993	0	-3.2183e-06	-3.22e-06	0	4.55256	4.55256e+06	
43800	29.1299	2.12993	0	-3.2183e-06	-3.22e-06	0	4.55256	4.55256e+06	
43900	29.1299	2.12993	0	-3.2183e-06	-3.22e-06	0	4.55256	4.55256e+06	
44000	29.1299	2.12993	0	-3.2183e-06	-3.22e-06	0	4.55256	4.55256e+06	
44100	29.1324	2.12963	0	-2.87661e-06	-3.22e-06	0	4.31779	4.31779e+06	
44200	29.1324	2.12963	0	-2.87661e-06	-3.22e-06	0	4.31779	4.31779e+06	
44300	29.1324	2.12963	0	-2.87661e-06	-3.22e-06	0	4.31779	4.31779e+06	
44400	29.1324	2.12963	0	-2.87661e-06	-3.22e-06	0	4.31779	4.31779e+06	
44500	29.1324	2.12963	0	-2.87661e-06	-3.22e-06	0	4.31779	4.31779e+06	
44600	29.1305	2.12985	0	-3.12996e-06	-3.22e-06	0	4.49055	4.49055e+06	
44700	29.1305	2.12985	0	-3.12996e-06	-3.22e-06	0	4.49055	4.49055e+06	
44800	29.1305	2.12985	0	-3.12996e-06	-3.22e-06	0	4.49055	4.49055e+06	
44900	29.1305	2.12985	0	-3.12996e-06	-3.22e-06	0	4.49055	4.49055e+06	
45000	29.1305	2.12985	0	-3.12996e-06	-3.22e-06	0	4.49055	4.49055e+06	
45100	29.1299	2.12993	0	-3.22e-06	-3.22e-06	0	4.55377	4.55377e+06	
45200	29.1299	2.12993	0	-3.22e-06	-3.22e-06	0	4.55377	4.55377e+06	
45300	29.1299	2.12993	0	-3.22e-06	-3.22e-06	0	4.55377	4.55377e+06	
45400	29.1299	2.12993	0	-3.22e-06	-3.22e-06	0	4.55377	4.55377e+06	
45500	29.1299	2.12993	0	-3.22e-06	-3.22e-06	0	4.55377	4.55377e+06	
45600	29.1298	2.13093	0	-3.22e-06	-3.07529e-06	0	4.45262	4.45262e+06	
45700	29.1298	2.13093	0	-3.22e-06	-3.07529e-06	0	4.45262	4.45262e+06	
45800	29.1298	2.13093	0	-3.22e-06	-3.07529e-06	0	4.45262	4.45262e+06	
45900	29.1298	2.13093	0	-3.22e-06	-3.07529e-06	0	4.45262	4.45262e+06	
46000	29.1298	2.13093	0	-3.22e-06	-3.07529e-06	0	4.45262	4.45262e+06	
46100	29.1299	2.12993	0	-3.22e-06	-3.22e-06	0	4.55377	4.55377e+06	
46200	29.1299	2.12993	0	-3.22e-06	-3.22e-06	0	4.55377	4.55377e+06	
46300	29.1299	2.12993	0	-3.22e-06	-3.22e-06	0	4.55377	4.55377e+06	
46400	29.1299	2.12993	0	-3.22e-06	-3.22e-06	0	4.55377	4.55377e+06	
46500	29.1299	2.12993	0	-3.22e-06	-3.22e-06	0	4.55377	4.55377e+06	
46600	29.1299	2.12993	0	-3.22e-06	-3.22e-06	0	4.55377	4.55377e+06	
46700	29.1299	2.12993	0	-3.22e-06	-3.22e-06	0	4.55377	4.55377e+06	
46800	29.1299	2.12993	0	-3.22e-06	-3.22e-06	0	4.55377	4.55377e+06	
46900	29.1299	2.12993	0	-3.22e-06	-3.22e-06	0	4.55377	4.55377e+06	
47000	29.1299	2.12993	0	-3.22e-06	-3.22e-06	0	4.55377	4.55377e+06	
47100	29.1299	2.12993	0	-3.22e-06	-3.22e-06	0	4.55377	4.55377e+06	
47200	29.1299	2.12993	0	-3.22e-06	-3.22e-06	0	4.55377	4.55377e+06	
47300	29.1299	2.12993	0	-3.22e-06	-3.22e-06	0	4.55377	4.55377e+06	
47400	29.1299	2.12993	0	-3.22e-06	-3.22e-06	0	4.55377	4.55377e+06	
47500	29.1299	2.12993	0	-3.22e-06	-3.22e-06	0	4.55377	4.55377e+06	
47600	29.1299	2.12993	0	-3.22e-06	-3.22e-06	0	4.55377	4.55377e+06	
47700	29.1299	2.12993	0	-3.22e-06	-3.22e-06	0	4.55377	4.55377e+06	
47800	29.1299	2.12993	0	-3.22e-06	-3.22e-06	0	4.55377	4.55377e+06	
47900	29.1299	2.12993	0	-3.22e-06	-3.22e-06	0	4.55377	4.55377e+06	
48000	29.1299	2.12993	0	-3.22e-06	-3.22e-06	0	4.55377	4.55377e+06	
48100	29.1299	2.12993	0	-3.22e-06	-3.22e-06	0	4.55377	4.55377e+06	
48200	29.1299	2.12993	0	-3.22e-06	-3.22e-06	0	4.55377	4.55377e+06	
48300	29.1299	2.12993	0	-3.22e-06	-3.22e-06	0	4.55377	4.55377e+06	
48400	29.1299	2.12993	0	-3.22e-06	-3.22e-06	0	4.55377	4.55377e+06	
48500	29.1299	2.12993	0	-3.22e-06	-3.22e-06	0	4.55377	4.55377e+06	
48600	29.129	2.13803	0	-3.22e-06	-2.23161e-06	0	3.91771	3.91771e+06	
48700	29.129	2.13803	0	-3.22e-06	-2.23161e-06	0	3.91771	3.91771e+06	
48800	29.129	2.13803	0	-3.22e-06	-2.23161e-06	0	3.91771	3.91771e+06	
48900	29.129	2.13803	0	-3.22e-06	-2.23161e-06	0	3.91771	3.91771e+06	
49000	29.129	2.13803	0	-3.22e-06	-2.23161e-06	0	3.91771	3.91771e+06	
49100	29.1293	2.13501	0	-3.22e-06	-2.55382e-06	0	4.1098	4.1098e+06	
49200	29.1293	2.13501	0	-3.22e-06	-2.55382e-06	0	4.1098	4.1098e+06	
49300	29.1293	2.13501	0	-3.22e-06	-2.55382e-06	0	4.1098	4.1098e+06	
49400	29.1293	2.13501	0	-3.22e-06	-2.55382e-06	0	4.1098	4.1098e+06	
49500	29.1293	2.13501	0	-3.22e-06	-2.55382e-06	0	4.1098	4.1098e+06	
49600	29.1286	2.14202	0	-3.22e-06	-1.87486e-06	0	3.72606	3.72606e+06	
49700	29.1286	2.14202	0	-3.22e-06	-1.87486e-06	0	3.72606	3.72606e+06	
49800	29.1286	2.14202	0	-3.22e-06	-1.87486e-06	0	3.72606	3.72606e+06	
49900	29.1286	2.14202	0	-3.22e-06	-1.87486e-06	0	3.72606	3.72606e+06	
50000	29.1286	2.14202	0	-3.22e-06	-1.87486e-06	0	3.72606	3.72606e+06	
